-4.755945702246600071e-01,-1.217020701249237113e+00
-4.755945702246600071e-01,-1.217020701249237113e+00
-4.755945702246600071e-01,-1.313235012974610649e+00
-4.755945702246600071e-01,-1.313235012974610649e+00
-4.515409922933166231e-01,-1.373368957802969081e+00
-4.715856405694360820e-01,-1.429493972976103588e+00
-4.715856405694360820e-01,-1.429493972976103588e+00
-4.715856405694360820e-01,-1.429493972976103588e+00
-4.114516957410776499e-01,-1.441520761941775142e+00
-4.114516957410776499e-01,-1.441520761941775142e+00
-4.114516957410776499e-01,-1.441520761941775142e+00
-3.633445398783909375e-01,-1.373368957802969081e+00
-3.192463136709280946e-01,-1.301208224008938874e+00
-2.951927357395847107e-01,-1.237065349525356517e+00
-2.470855798768979705e-01,-1.116797459868639653e+00
-2.069962833246590250e-01,-9.965295702119228993e-01
-1.468623384963005929e-01,-8.481991729686387815e-01
-8.271946401271827731e-02,-6.878419867596829995e-01
-2.258551918435985559e-02,-4.994222929641599640e-01
4.957521460967025118e-02,-3.069936695134130034e-01
1.257448780589242587e-01,-9.852932744177045343e-02
2.059234711634021497e-01,9.389929600897650719e-02
2.861020642678800407e-01,2.783100601492756732e-01
3.582627980619101371e-01,4.547029649791270445e-01
4.183967428902685692e-01,6.070422918776350318e-01
4.705128284081792067e-01,7.393369705000235603e-01
5.266378435813137138e-01,8.435691415358448353e-01
5.506914215126571532e-01,9.317655939507705209e-01
5.747449994440004817e-01,1.003926327744800728e+00
5.667271401335527425e-01,1.060051342917935235e+00
5.667271401335527425e-01,1.060051342917935235e+00
5.146110546156420495e-01,1.132212076711965221e+00
5.146110546156420495e-01,1.132212076711965221e+00
3.983520946141491104e-01,1.188337091885099728e+00
3.141645718544472943e-01,1.200363880850771503e+00
1.979056118529543551e-01,1.200363880850771503e+00
7.763772219623751858e-02,1.188337091885099728e+00
-5.866588608137490723e-02,1.156265654643308549e+00
-1.989784240142112304e-01,1.120185287746293668e+00
-3.392909619470475535e-01,1.060051342917935235e+00
-4.755945702246600071e-01,1.011944187055248356e+00
-5.878446005709290212e-01,9.518102422268900353e-01
-6.880678419515263711e-01,9.037030863642032674e-01
-6.880678419515263711e-01,9.037030863642032674e-01
-7.963089426425715711e-01,8.074887746388298426e-01
-7.963089426425715711e-01,8.074887746388298426e-01
-7.963089426425715711e-01,8.074887746388298426e-01
-7.963089426425715711e-01,8.074887746388298426e-01
-6.840589122963025570e-01,7.192923222239041570e-01
