-1.179935930253879217e+00,7.306274296645548505e-01
-1.179935930253879217e+00,7.306274296645548505e-01
-1.244078804737461352e+00,7.787345855272416184e-01
-1.244078804737461352e+00,7.787345855272416184e-01
-1.179935930253879217e+00,8.308506710451522004e-01
-1.035614462665819024e+00,8.709399675973911181e-01
-8.351679799046242136e-01,8.549042489764956398e-01
-5.425161150732799031e-01,8.549042489764956398e-01
-2.137838833449204612e-01,8.228328117347044612e-01
1.550376449356778708e-01,8.108060227690327970e-01
5.318770325267240251e-01,7.747256558720176933e-01
8.886717718416505818e-01,7.266185000093309254e-01
1.197359355293890593e+00,6.664845551809724933e-01
1.429877275296876471e+00,5.983327510421663220e-01
1.582216602195384514e+00,5.221630875929123006e-01
1.642350547023742946e+00,4.379755648332105400e-01
1.602261250471503917e+00,3.457701827630609293e-01
1.469966571849115500e+00,2.415380117272396820e-01
1.273529018743144503e+00,1.332969110361945098e-01
1.041011098740158625e+00,9.020091724253763779e-03
7.924574601162771570e-01,-1.433192351742542392e-01
5.599395401132912786e-01,-3.076853510384339185e-01
3.434573387312009340e-01,-4.760603965578374952e-01
2.031448007983646109e-01,-6.564622310429127916e-01
1.189572780386628087e-01,-8.448819248384358271e-01
1.390019263147822814e-01,-1.021274829668287198e+00
2.352162380401557618e-01,-1.201676664153362495e+00
4.116091428700071608e-01,-1.341989202086198762e+00
6.361092035625453001e-01,-1.450230302777244074e+00
8.566003345998595142e-01,-1.550453544157841312e+00
1.137225410465532160e+00,-1.634641066917543073e+00
1.393796908399861367e+00,-1.666712504159334252e+00
1.618296969092399618e+00,-1.678739293125006027e+00
1.806716662887922542e+00,-1.670721433814558177e+00
