7.010000000000000000e+02,-8.470000000000000000e+02
7.210000000000000000e+02,-8.420000000000000000e+02
7.390000000000000000e+02,-8.470000000000000000e+02
7.720000000000000000e+02,-8.450000000000000000e+02
8.070000000000000000e+02,-8.500000000000000000e+02
8.520000000000000000e+02,-8.520000000000000000e+02
8.970000000000000000e+02,-8.580000000000000000e+02
9.470000000000000000e+02,-8.640000000000000000e+02
9.960000000000000000e+02,-8.700000000000000000e+02
1.043000000000000000e+03,-8.790000000000000000e+02
1.088000000000000000e+03,-8.890000000000000000e+02
1.126000000000000000e+03,-9.030000000000000000e+02
1.161000000000000000e+03,-9.190000000000000000e+02
1.186000000000000000e+03,-9.400000000000000000e+02
1.206000000000000000e+03,-9.650000000000000000e+02
1.217000000000000000e+03,-9.990000000000000000e+02
1.218000000000000000e+03,-1.034000000000000000e+03
1.212000000000000000e+03,-1.078000000000000000e+03
1.197000000000000000e+03,-1.126000000000000000e+03
1.176000000000000000e+03,-1.179000000000000000e+03
1.146000000000000000e+03,-1.231000000000000000e+03
1.113000000000000000e+03,-1.287000000000000000e+03
1.075000000000000000e+03,-1.343000000000000000e+03
1.036000000000000000e+03,-1.397000000000000000e+03
9.960000000000000000e+02,-1.451000000000000000e+03
9.590000000000000000e+02,-1.503000000000000000e+03
9.260000000000000000e+02,-1.548000000000000000e+03
8.980000000000000000e+02,-1.590000000000000000e+03
8.800000000000000000e+02,-1.629000000000000000e+03
8.680000000000000000e+02,-1.662000000000000000e+03
8.670000000000000000e+02,-1.691000000000000000e+03
8.740000000000000000e+02,-1.717000000000000000e+03
8.910000000000000000e+02,-1.733000000000000000e+03
9.180000000000000000e+02,-1.748000000000000000e+03
9.510000000000000000e+02,-1.759000000000000000e+03
9.890000000000000000e+02,-1.768000000000000000e+03
1.030000000000000000e+03,-1.775000000000000000e+03
1.072000000000000000e+03,-1.780000000000000000e+03
1.116000000000000000e+03,-1.784000000000000000e+03
1.155000000000000000e+03,-1.786000000000000000e+03
1.191000000000000000e+03,-1.787000000000000000e+03
1.226000000000000000e+03,-1.787000000000000000e+03
1.254000000000000000e+03,-1.787000000000000000e+03
1.272000000000000000e+03,-1.784000000000000000e+03
1.296000000000000000e+03,-1.771000000000000000e+03
1.296000000000000000e+03,-1.771000000000000000e+03
1.316000000000000000e+03,-1.753000000000000000e+03
