5.100000000000000000e+01,-1.299000000000000000e+03
5.100000000000000000e+01,-1.299000000000000000e+03
5.000000000000000000e+01,-1.281000000000000000e+03
5.000000000000000000e+01,-1.281000000000000000e+03
5.000000000000000000e+01,-1.281000000000000000e+03
6.300000000000000000e+01,-1.261000000000000000e+03
6.300000000000000000e+01,-1.261000000000000000e+03
8.900000000000000000e+01,-1.271000000000000000e+03
1.030000000000000000e+02,-1.292000000000000000e+03
1.300000000000000000e+02,-1.314000000000000000e+03
1.550000000000000000e+02,-1.355000000000000000e+03
1.940000000000000000e+02,-1.402000000000000000e+03
2.350000000000000000e+02,-1.466000000000000000e+03
2.830000000000000000e+02,-1.536000000000000000e+03
3.290000000000000000e+02,-1.613000000000000000e+03
3.800000000000000000e+02,-1.689000000000000000e+03
4.280000000000000000e+02,-1.768000000000000000e+03
4.750000000000000000e+02,-1.839000000000000000e+03
5.140000000000000000e+02,-1.905000000000000000e+03
5.470000000000000000e+02,-1.961000000000000000e+03
5.740000000000000000e+02,-2.004000000000000000e+03
5.950000000000000000e+02,-2.038000000000000000e+03
6.110000000000000000e+02,-2.060000000000000000e+03
6.110000000000000000e+02,-2.060000000000000000e+03
6.300000000000000000e+02,-2.071000000000000000e+03
6.300000000000000000e+02,-2.071000000000000000e+03
6.480000000000000000e+02,-2.035000000000000000e+03
6.630000000000000000e+02,-2.000000000000000000e+03
6.770000000000000000e+02,-1.958000000000000000e+03
7.010000000000000000e+02,-1.903000000000000000e+03
7.280000000000000000e+02,-1.842000000000000000e+03
7.610000000000000000e+02,-1.775000000000000000e+03
7.940000000000000000e+02,-1.706000000000000000e+03
8.290000000000000000e+02,-1.637000000000000000e+03
8.610000000000000000e+02,-1.569000000000000000e+03
8.910000000000000000e+02,-1.506000000000000000e+03
9.200000000000000000e+02,-1.447000000000000000e+03
9.390000000000000000e+02,-1.394000000000000000e+03
9.540000000000000000e+02,-1.353000000000000000e+03
9.630000000000000000e+02,-1.323000000000000000e+03
9.710000000000000000e+02,-1.298000000000000000e+03
9.710000000000000000e+02,-1.298000000000000000e+03
9.710000000000000000e+02,-1.298000000000000000e+03
9.510000000000000000e+02,-1.295000000000000000e+03
9.360000000000000000e+02,-1.316000000000000000e+03
9.200000000000000000e+02,-1.344000000000000000e+03
