4.910938827649271449e-02,2.273635818748411530e-01
7.316296620783607763e-02,3.195689639449907360e-01
7.316296620783607763e-02,3.195689639449907360e-01
9.320761448395555038e-02,3.837118384285730377e-01
9.320761448395555038e-02,3.837118384285730377e-01
9.320761448395555038e-02,3.837118384285730377e-01
9.320761448395555038e-02,3.837118384285730377e-01
8.118082551828387228e-02,3.195689639449907360e-01
5.712724758694050220e-02,2.594350191166323039e-01
3.307366965559713212e-02,1.552028480808110567e-01
9.020091724253763779e-03,7.101532532110925444e-02
-1.904241586231350189e-02,-4.524363468038369862e-02
-3.507813448320908079e-02,-1.334400870953093843e-01
-5.913171241455245086e-02,-2.376722581311306592e-01
-6.714957172500024551e-02,-2.978062029594890636e-01
-7.115850138022412896e-02,-3.619490774430714208e-01
-7.115850138022412896e-02,-3.619490774430714208e-01
-7.115850138022412896e-02,-3.619490774430714208e-01
-7.115850138022412896e-02,-3.619490774430714208e-01
-7.115850138022412896e-02,-3.619490774430714208e-01
-7.115850138022412896e-02,-3.619490774430714208e-01
-7.917636069067192361e-02,-2.737526250281456797e-01
-8.318529034589582094e-02,-2.176276098550111726e-01
-7.917636069067192361e-02,-1.334400870953093843e-01
-3.106920482798518693e-02,-3.321684571471201358e-02
-1.102455655186571071e-02,3.092602876887030547e-02
5.712724758694050220e-02,1.271403404942437754e-01
8.518975517350776960e-02,1.792564260121544129e-01
