5.950000000000000000e+02,-1.420000000000000000e+03
5.950000000000000000e+02,-1.420000000000000000e+03
5.950000000000000000e+02,-1.420000000000000000e+03
5.790000000000000000e+02,-1.412000000000000000e+03
5.790000000000000000e+02,-1.412000000000000000e+03
5.790000000000000000e+02,-1.412000000000000000e+03
5.860000000000000000e+02,-1.439000000000000000e+03
5.910000000000000000e+02,-1.472000000000000000e+03
6.000000000000000000e+02,-1.513000000000000000e+03
6.060000000000000000e+02,-1.572000000000000000e+03
6.120000000000000000e+02,-1.643000000000000000e+03
6.180000000000000000e+02,-1.727000000000000000e+03
6.210000000000000000e+02,-1.822000000000000000e+03
6.260000000000000000e+02,-1.925000000000000000e+03
6.260000000000000000e+02,-2.027000000000000000e+03
6.200000000000000000e+02,-2.130000000000000000e+03
6.140000000000000000e+02,-2.223000000000000000e+03
6.030000000000000000e+02,-2.304000000000000000e+03
5.910000000000000000e+02,-2.375000000000000000e+03
5.730000000000000000e+02,-2.434000000000000000e+03
5.530000000000000000e+02,-2.479000000000000000e+03
5.260000000000000000e+02,-2.509000000000000000e+03
4.970000000000000000e+02,-2.526000000000000000e+03
4.670000000000000000e+02,-2.533000000000000000e+03
4.390000000000000000e+02,-2.527000000000000000e+03
4.120000000000000000e+02,-2.511000000000000000e+03
3.890000000000000000e+02,-2.482000000000000000e+03
3.750000000000000000e+02,-2.437000000000000000e+03
3.690000000000000000e+02,-2.381000000000000000e+03
3.800000000000000000e+02,-2.310000000000000000e+03
3.930000000000000000e+02,-2.243000000000000000e+03
4.120000000000000000e+02,-2.169000000000000000e+03
4.430000000000000000e+02,-2.084000000000000000e+03
4.700000000000000000e+02,-2.009000000000000000e+03
