7.880000000000000000e+02,-1.263000000000000000e+03
7.580000000000000000e+02,-1.271000000000000000e+03
7.580000000000000000e+02,-1.271000000000000000e+03
7.580000000000000000e+02,-1.271000000000000000e+03
7.900000000000000000e+02,-1.267000000000000000e+03
8.380000000000000000e+02,-1.255000000000000000e+03
8.940000000000000000e+02,-1.248000000000000000e+03
9.650000000000000000e+02,-1.230000000000000000e+03
1.037000000000000000e+03,-1.215000000000000000e+03
1.111000000000000000e+03,-1.197000000000000000e+03
1.179000000000000000e+03,-1.180000000000000000e+03
1.233000000000000000e+03,-1.170000000000000000e+03
1.284000000000000000e+03,-1.159000000000000000e+03
1.310000000000000000e+03,-1.163000000000000000e+03
1.310000000000000000e+03,-1.163000000000000000e+03
1.313000000000000000e+03,-1.177000000000000000e+03
1.293000000000000000e+03,-1.200000000000000000e+03
1.268000000000000000e+03,-1.221000000000000000e+03
