8.504657911439243712e-02,2.047417645346493176e-01
8.504657911439243712e-02,2.047417645346493176e-01
8.504657911439243712e-02,2.047417645346493176e-01
-2.319452157665273170e-02,-5.583866305490386289e-02
-2.319452157665273170e-02,-5.583866305490386289e-02
-2.319452157665273170e-02,-5.583866305490386289e-02
-2.319452157665273170e-02,-5.583866305490386289e-02
-2.319452157665273170e-02,-5.583866305490386289e-02
-2.319452157665273170e-02,-5.583866305490386289e-02
-2.319452157665273170e-02,-5.583866305490386289e-02
-2.319452157665273170e-02,-5.583866305490386289e-02
-2.319452157665273170e-02,-5.583866305490386289e-02
-2.319452157665273170e-02,-5.583866305490386289e-02
-2.319452157665273170e-02,-5.583866305490386289e-02
