-6.070664906481885309e-02,4.346825154735619035e-01
-8.476022699616221623e-02,5.068432492675920553e-01
-7.273343803049053813e-02,6.150843499586372554e-01
-8.476022699616221623e-02,7.072897320287867551e-01
-1.088138049275055863e-01,7.994951140989363658e-01
-1.288584532036250729e-01,8.836826368586381264e-01
-2.050281166528790666e-01,9.317897927213248943e-01
-2.651620614812374988e-01,9.919237375496833264e-01
-3.934478104484021022e-01,9.798969485840116622e-01
-5.097067704498950969e-01,9.598523003078921478e-01
-6.820907456245225431e-01,8.756647775481903873e-01
-8.264122132125827358e-01,7.754415361675930374e-01
-1.002805118042434218e+00,6.150843499586372554e-01
-1.143117655975270486e+00,4.346825154735619035e-01
-1.275412334597658903e+00,2.021645954705760251e-01
-1.355590927702136961e+00,-4.238011349808156608e-02
-1.383653435288704214e+00,-3.029605410876347604e-01
-1.359599857357360886e+00,-5.475052500562923585e-01
-1.275412334597658903e+00,-7.960588886801738262e-01
-1.131090867009598711e+00,-1.012541090062264226e+00
-9.306443842484040108e-01,-1.212987572823458926e+00
-7.021353939006420575e-01,-1.369335829377190672e+00
-4.335371070006410754e-01,-1.485594789378683833e+00
-1.529120311349684291e-01,-1.557755523172713819e+00
1.317219743859281145e-01,-1.593835890069728922e+00
4.123470502516007330e-01,-1.577800171448833222e+00
6.649096185307061813e-01,-1.509648367310027162e+00
9.014364681889159847e-01,-1.401407266618981851e+00
1.097874021294886759e+00,-1.257085799030921658e+00
1.274266926124738131e+00,-1.056639316269726958e+00
1.390525886126231070e+00,-8.401571148876366690e-01
1.474713408885932830e+00,-5.835856169533073512e-01
1.498766986817276381e+00,-3.310230486742020140e-01
1.486740197851604606e+00,-7.846048039509662120e-02
1.414579464057574398e+00,1.500485099526653876e-01
1.294311574400857534e+00,3.504949927138601429e-01
1.109900810260558535e+00,5.068432492675920553e-01
9.054453978441397988e-01,6.150843499586372554e-01
6.809453371516016595e-01,6.912540134078911658e-01
4.644631357695113705e-01,7.193165209944584193e-01
2.640166530083166152e-01,7.193165209944584193e-01
8.361481852324136044e-02,6.912540134078911658e-01
-4.867986009914716805e-02,6.471557872004283229e-01
-1.569209607901923265e-01,5.749950534063982266e-01
-1.569209607901923265e-01,5.749950534063982266e-01
-1.809745387215357104e-01,4.787807416810247463e-01
-1.649388201006401211e-01,4.066200078869946499e-01
-1.649388201006401211e-01,4.066200078869946499e-01
-1.088138049275055863e-01,3.104056961616211696e-01
