1.427657086484641402e+00,2.422754341087740126e+00
1.419639227174193552e+00,2.350593607293709919e+00
1.419639227174193552e+00,2.350593607293709919e+00
1.419639227174193552e+00,2.350593607293709919e+00
1.419639227174193552e+00,2.350593607293709919e+00
1.419639227174193552e+00,2.350593607293709919e+00
1.419639227174193552e+00,2.350593607293709919e+00
1.339460634069715717e+00,2.298477521775799115e+00
1.339460634069715717e+00,2.298477521775799115e+00
1.243246322344342181e+00,2.218298928671321502e+00
1.191130236826431599e+00,2.158164983842962847e+00
1.135005221653297092e+00,2.081995320393708937e+00
1.074871276824938660e+00,1.989789938323559326e+00
1.022755191307028078e+00,1.893575626598185790e+00
9.866748244100129739e-01,1.801370244528036180e+00
9.706391057891173846e-01,1.717182721768334419e+00
9.465855278577740561e-01,1.641013058319080509e+00
9.465855278577740561e-01,1.641013058319080509e+00
1.026764120962252003e+00,1.681102354871319315e+00
