1.227940645079539789e-01,9.868007804755916101e-01
1.227940645079539789e-01,9.868007804755916101e-01
2.590976727855663908e-01,1.127113318408427878e+00
3.352673362348204122e-01,1.215309770823353563e+00
4.635530852019850712e-01,1.347604449445742203e+00
5.878299045139258050e-01,1.487916987378578471e+00
7.361603017572099228e-01,1.644265243932310439e+00
8.684549803795984513e-01,1.800613500486042406e+00
9.927317996915391296e-01,1.948943897729326524e+00
1.108990759693032180e+00,2.073220717041267314e+00
1.157097915555718837e+00,2.157408239800969074e+00
1.265339016246763926e+00,2.285693988768133789e+00
1.265339016246763926e+00,2.285693988768133789e+00
1.321464031419898655e+00,2.389926159803954953e+00
