7.940000000000000000e+02,-1.374000000000000000e+03
7.940000000000000000e+02,-1.349000000000000000e+03
7.940000000000000000e+02,-1.349000000000000000e+03
7.940000000000000000e+02,-1.349000000000000000e+03
7.940000000000000000e+02,-1.349000000000000000e+03
7.940000000000000000e+02,-1.349000000000000000e+03
7.940000000000000000e+02,-1.349000000000000000e+03
7.940000000000000000e+02,-1.349000000000000000e+03
7.940000000000000000e+02,-1.349000000000000000e+03
7.940000000000000000e+02,-1.349000000000000000e+03
7.940000000000000000e+02,-1.349000000000000000e+03
7.910000000000000000e+02,-1.367000000000000000e+03
7.910000000000000000e+02,-1.367000000000000000e+03
7.900000000000000000e+02,-1.394000000000000000e+03
7.900000000000000000e+02,-1.412000000000000000e+03
7.850000000000000000e+02,-1.438000000000000000e+03
7.840000000000000000e+02,-1.463000000000000000e+03
7.810000000000000000e+02,-1.497000000000000000e+03
7.790000000000000000e+02,-1.531000000000000000e+03
7.780000000000000000e+02,-1.569000000000000000e+03
7.790000000000000000e+02,-1.608000000000000000e+03
7.820000000000000000e+02,-1.652000000000000000e+03
7.880000000000000000e+02,-1.689000000000000000e+03
7.970000000000000000e+02,-1.726000000000000000e+03
8.080000000000000000e+02,-1.759000000000000000e+03
8.220000000000000000e+02,-1.786000000000000000e+03
8.380000000000000000e+02,-1.806000000000000000e+03
8.560000000000000000e+02,-1.822000000000000000e+03
8.760000000000000000e+02,-1.833000000000000000e+03
8.970000000000000000e+02,-1.836000000000000000e+03
9.200000000000000000e+02,-1.833000000000000000e+03
9.440000000000000000e+02,-1.824000000000000000e+03
9.660000000000000000e+02,-1.807000000000000000e+03
9.890000000000000000e+02,-1.786000000000000000e+03
1.009000000000000000e+03,-1.759000000000000000e+03
1.027000000000000000e+03,-1.726000000000000000e+03
1.040000000000000000e+03,-1.686000000000000000e+03
1.052000000000000000e+03,-1.640000000000000000e+03
1.057000000000000000e+03,-1.595000000000000000e+03
1.061000000000000000e+03,-1.548000000000000000e+03
1.061000000000000000e+03,-1.507000000000000000e+03
1.061000000000000000e+03,-1.468000000000000000e+03
1.060000000000000000e+03,-1.436000000000000000e+03
1.058000000000000000e+03,-1.412000000000000000e+03
1.057000000000000000e+03,-1.391000000000000000e+03
1.057000000000000000e+03,-1.391000000000000000e+03
1.054000000000000000e+03,-1.374000000000000000e+03
1.054000000000000000e+03,-1.374000000000000000e+03
1.054000000000000000e+03,-1.374000000000000000e+03
1.054000000000000000e+03,-1.374000000000000000e+03
1.054000000000000000e+03,-1.374000000000000000e+03
1.054000000000000000e+03,-1.374000000000000000e+03
1.054000000000000000e+03,-1.374000000000000000e+03
1.048000000000000000e+03,-1.396000000000000000e+03
1.048000000000000000e+03,-1.396000000000000000e+03
1.045000000000000000e+03,-1.427000000000000000e+03
1.045000000000000000e+03,-1.450000000000000000e+03
1.043000000000000000e+03,-1.480000000000000000e+03
1.043000000000000000e+03,-1.510000000000000000e+03
1.043000000000000000e+03,-1.548000000000000000e+03
1.046000000000000000e+03,-1.587000000000000000e+03
1.048000000000000000e+03,-1.629000000000000000e+03
1.054000000000000000e+03,-1.668000000000000000e+03
1.057000000000000000e+03,-1.705000000000000000e+03
1.063000000000000000e+03,-1.739000000000000000e+03
1.070000000000000000e+03,-1.768000000000000000e+03
1.076000000000000000e+03,-1.795000000000000000e+03
1.090000000000000000e+03,-1.810000000000000000e+03
1.103000000000000000e+03,-1.821000000000000000e+03
1.111000000000000000e+03,-1.836000000000000000e+03
1.126000000000000000e+03,-1.840000000000000000e+03
1.126000000000000000e+03,-1.840000000000000000e+03
