9.560000000000000000e+02,-1.774000000000000000e+03
9.560000000000000000e+02,-1.774000000000000000e+03
9.560000000000000000e+02,-1.774000000000000000e+03
9.560000000000000000e+02,-1.774000000000000000e+03
9.560000000000000000e+02,-1.774000000000000000e+03
9.560000000000000000e+02,-1.774000000000000000e+03
9.560000000000000000e+02,-1.774000000000000000e+03
9.560000000000000000e+02,-1.774000000000000000e+03
9.560000000000000000e+02,-1.774000000000000000e+03
9.560000000000000000e+02,-1.774000000000000000e+03
9.560000000000000000e+02,-1.774000000000000000e+03
9.560000000000000000e+02,-1.774000000000000000e+03
9.560000000000000000e+02,-1.774000000000000000e+03
