-9.123959447139111667e-01,7.815590586934222372e-01
-9.123959447139111667e-01,7.815590586934222372e-01
-8.362262812646571453e-01,8.898001593844674373e-01
-7.640655474706270489e-01,8.857912297292435122e-01
-6.277619391930145953e-01,9.138537373158107657e-01
-4.714136826392826829e-01,9.098448076605868406e-01
-2.789850591885357223e-01,8.978180186949151764e-01
-6.250285780644539158e-02,8.857912297292435122e-01
1.579882732308688364e-01,8.657465814531239978e-01
3.864972635786308452e-01,8.416930035217806694e-01
5.989705353054972647e-01,8.176394255904372299e-01
8.194616663428114789e-01,8.056126366247655657e-01
9.597742042756478575e-01,7.534965511068549837e-01
1.124140320139827454e+00,7.655233400725266479e-01
1.188283194623409811e+00,7.174161842098398800e-01
