6.110000000000000000e+02,-1.236000000000000000e+03
6.110000000000000000e+02,-1.236000000000000000e+03
6.110000000000000000e+02,-1.236000000000000000e+03
6.110000000000000000e+02,-1.236000000000000000e+03
5.820000000000000000e+02,-1.338000000000000000e+03
5.760000000000000000e+02,-1.414000000000000000e+03
5.730000000000000000e+02,-1.495000000000000000e+03
5.710000000000000000e+02,-1.581000000000000000e+03
5.740000000000000000e+02,-1.661000000000000000e+03
5.730000000000000000e+02,-1.735000000000000000e+03
5.730000000000000000e+02,-1.735000000000000000e+03
5.850000000000000000e+02,-1.839000000000000000e+03
5.850000000000000000e+02,-1.839000000000000000e+03
5.850000000000000000e+02,-1.839000000000000000e+03
5.850000000000000000e+02,-1.839000000000000000e+03
5.850000000000000000e+02,-1.839000000000000000e+03
5.850000000000000000e+02,-1.839000000000000000e+03
5.850000000000000000e+02,-1.839000000000000000e+03
6.110000000000000000e+02,-1.738000000000000000e+03
6.080000000000000000e+02,-1.677000000000000000e+03
6.060000000000000000e+02,-1.608000000000000000e+03
6.050000000000000000e+02,-1.536000000000000000e+03
6.010000000000000000e+02,-1.465000000000000000e+03
6.010000000000000000e+02,-1.397000000000000000e+03
6.010000000000000000e+02,-1.397000000000000000e+03
5.980000000000000000e+02,-1.293000000000000000e+03
5.980000000000000000e+02,-1.293000000000000000e+03
5.980000000000000000e+02,-1.293000000000000000e+03
5.980000000000000000e+02,-1.293000000000000000e+03
5.980000000000000000e+02,-1.293000000000000000e+03
5.980000000000000000e+02,-1.293000000000000000e+03
5.980000000000000000e+02,-1.293000000000000000e+03
6.650000000000000000e+02,-1.408000000000000000e+03
6.650000000000000000e+02,-1.408000000000000000e+03
7.280000000000000000e+02,-1.518000000000000000e+03
7.280000000000000000e+02,-1.518000000000000000e+03
8.000000000000000000e+02,-1.593000000000000000e+03
8.000000000000000000e+02,-1.593000000000000000e+03
8.770000000000000000e+02,-1.604000000000000000e+03
8.770000000000000000e+02,-1.604000000000000000e+03
9.510000000000000000e+02,-1.545000000000000000e+03
9.510000000000000000e+02,-1.545000000000000000e+03
1.012000000000000000e+03,-1.441000000000000000e+03
1.039000000000000000e+03,-1.381000000000000000e+03
1.039000000000000000e+03,-1.381000000000000000e+03
1.075000000000000000e+03,-1.267000000000000000e+03
1.075000000000000000e+03,-1.267000000000000000e+03
1.094000000000000000e+03,-1.189000000000000000e+03
1.094000000000000000e+03,-1.189000000000000000e+03
1.094000000000000000e+03,-1.189000000000000000e+03
1.094000000000000000e+03,-1.189000000000000000e+03
1.094000000000000000e+03,-1.189000000000000000e+03
1.099000000000000000e+03,-1.292000000000000000e+03
1.100000000000000000e+03,-1.361000000000000000e+03
1.106000000000000000e+03,-1.438000000000000000e+03
1.117000000000000000e+03,-1.513000000000000000e+03
1.132000000000000000e+03,-1.584000000000000000e+03
1.152000000000000000e+03,-1.644000000000000000e+03
1.152000000000000000e+03,-1.644000000000000000e+03
1.195000000000000000e+03,-1.738000000000000000e+03
1.195000000000000000e+03,-1.738000000000000000e+03
1.195000000000000000e+03,-1.738000000000000000e+03
1.195000000000000000e+03,-1.738000000000000000e+03
