7.580000000000000000e+02,-1.763000000000000000e+03
7.580000000000000000e+02,-1.763000000000000000e+03
7.580000000000000000e+02,-1.763000000000000000e+03
7.580000000000000000e+02,-1.763000000000000000e+03
7.580000000000000000e+02,-1.763000000000000000e+03
7.580000000000000000e+02,-1.763000000000000000e+03
7.720000000000000000e+02,-1.688000000000000000e+03
7.720000000000000000e+02,-1.688000000000000000e+03
7.720000000000000000e+02,-1.688000000000000000e+03
8.190000000000000000e+02,-1.592000000000000000e+03
8.190000000000000000e+02,-1.592000000000000000e+03
8.520000000000000000e+02,-1.507000000000000000e+03
8.520000000000000000e+02,-1.507000000000000000e+03
8.880000000000000000e+02,-1.420000000000000000e+03
8.880000000000000000e+02,-1.420000000000000000e+03
9.150000000000000000e+02,-1.335000000000000000e+03
9.150000000000000000e+02,-1.335000000000000000e+03
9.290000000000000000e+02,-1.267000000000000000e+03
9.290000000000000000e+02,-1.267000000000000000e+03
9.290000000000000000e+02,-1.267000000000000000e+03
9.390000000000000000e+02,-1.194000000000000000e+03
9.390000000000000000e+02,-1.194000000000000000e+03
9.390000000000000000e+02,-1.194000000000000000e+03
9.390000000000000000e+02,-1.194000000000000000e+03
9.500000000000000000e+02,-1.121000000000000000e+03
9.500000000000000000e+02,-1.121000000000000000e+03
9.500000000000000000e+02,-1.121000000000000000e+03
