9.170000000000000000e+02,-1.676000000000000000e+03
9.170000000000000000e+02,-1.676000000000000000e+03
9.390000000000000000e+02,-1.662000000000000000e+03
9.570000000000000000e+02,-1.658000000000000000e+03
9.780000000000000000e+02,-1.650000000000000000e+03
1.012000000000000000e+03,-1.640000000000000000e+03
1.043000000000000000e+03,-1.632000000000000000e+03
1.082000000000000000e+03,-1.617000000000000000e+03
1.111000000000000000e+03,-1.613000000000000000e+03
1.143000000000000000e+03,-1.598000000000000000e+03
