2.565714979343283741e-02,4.053829667362398026e-01
4.570179806955231017e-02,4.615079819093743652e-01
4.570179806955231017e-02,4.615079819093743652e-01
5.371965738000009788e-02,5.096151377720611331e-01
5.371965738000009788e-02,5.096151377720611331e-01
5.371965738000009788e-02,5.096151377720611331e-01
7.376430565611957757e-02,5.416865750138522007e-01
7.376430565611957757e-02,5.416865750138522007e-01
7.376430565611957757e-02,5.416865750138522007e-01
7.376430565611957757e-02,5.416865750138522007e-01
3.768393875910452245e-02,5.136240674272849471e-01
3.768393875910452245e-02,5.136240674272849471e-01
2.164822013820894009e-02,4.534901225989265705e-01
2.164822013820894009e-02,4.174097557019115223e-01
2.966607944865673127e-02,3.773204591496725491e-01
3.367500910388062513e-02,3.292133032869858367e-01
5.371965738000009788e-02,2.851150770795229938e-01
