7.753269953203016929e-01,1.091391009338153140e+00
7.753269953203016929e-01,1.091391009338153140e+00
7.753269953203016929e-01,1.091391009338153140e+00
8.274430808382122748e-01,1.151524954166511572e+00
8.274430808382122748e-01,1.151524954166511572e+00
8.274430808382122748e-01,1.151524954166511572e+00
8.635234477352273785e-01,1.211658898994870004e+00
8.635234477352273785e-01,1.211658898994870004e+00
8.595145180800034534e-01,1.287828562444124136e+00
8.595145180800034534e-01,1.287828562444124136e+00
8.595145180800034534e-01,1.287828562444124136e+00
8.274430808382122748e-01,1.351971436927706272e+00
8.274430808382122748e-01,1.351971436927706272e+00
7.673091360098538427e-01,1.388051803824721375e+00
7.111841208367193357e-01,1.372016085203825897e+00
6.590680353188086427e-01,1.376025014859049822e+00
5.788894422143308072e-01,1.359989296238154122e+00
5.067287084203007108e-01,1.347962507272482569e+00
4.065054670397033054e-01,1.303864281065019615e+00
2.942554366934342358e-01,1.255757125202332958e+00
1.699786173814935020e-01,1.183596391408302750e+00
2.565714979343329191e-02,1.091391009338153140e+00
-1.347000364155225005e-01,9.711231196814363864e-01
-2.830304336588065905e-01,8.268016520933760827e-01
-4.393786902125385030e-01,6.824801845053158900e-01
-5.997358764214942850e-01,5.060872796754645186e-01
-7.440573440095544777e-01,3.296943748456131473e-01
-8.763520226319431172e-01,1.452836107053139814e-01
-9.966199122886598705e-01,-4.313608309020907500e-02
-1.092834224014033406e+00,-2.556093548170755292e-01
-1.177021746773735167e+00,-4.400201189573746952e-01
-1.237155691602093599e+00,-6.364576720633454698e-01
-1.273236058499108703e+00,-8.328952251693163555e-01
-1.281253917809556553e+00,-1.029332778275287241e+00
-1.269227128843884778e+00,-1.213743542415586463e+00
-1.225128902636421824e+00,-1.386127517590213909e+00
-1.160986028152839689e+00,-1.542475774143945877e+00
-1.056753857117018303e+00,-1.678779382421558219e+00
-9.244591784946297741e-01,-1.795038342423051159e+00
-7.681109219408979172e-01,-1.875216935527528994e+00
-5.997358764214942850e-01,-1.915306232079768023e+00
-4.032983233155234548e-01,-1.939359810011111351e+00
-2.188875591752242888e-01,-1.951386598976783127e+00
-3.046786537970123596e-02,-1.927333021045439576e+00
1.619607580710457073e-01,-1.887243724493200769e+00
3.223179442800014893e-01,-1.843145498285737816e+00
4.465947635919422787e-01,-1.803056201733499009e+00
5.869073015247785463e-01,-1.702832960352901548e+00
6.590680353188086427e-01,-1.630672226558871563e+00
7.272198394576149250e-01,-1.530448985178274102e+00
