-7.946733139145431002e-01,8.939913131149285208e-01
-7.826465249488714360e-01,1.014259202771645496e+00
-7.826465249488714360e-01,1.014259202771645496e+00
-8.307536808115582039e-01,1.166598529670153317e+00
-8.507983290876776072e-01,1.218714615188064121e+00
-8.507983290876776072e-01,1.218714615188064121e+00
-8.507983290876776072e-01,1.218714615188064121e+00
-8.507983290876776072e-01,1.218714615188064121e+00
-8.507983290876776072e-01,1.218714615188064121e+00
-9.109322739160360394e-01,1.146553881394033914e+00
-9.229590628817078146e-01,1.046330640013436675e+00
-9.389947815026032929e-01,8.859734538044807817e-01
-9.590394297787228073e-01,6.775091117328382317e-01
-9.830930077100661357e-01,4.289554731089567641e-01
-9.951197966757379110e-01,1.443214675880602205e-01
-1.019173374607081239e+00,-1.563482565537319124e-01
-1.023182304262305164e+00,-4.610269103507479427e-01
-1.023182304262305164e+00,-7.616966344925399923e-01
-1.007146585641409464e+00,-1.046330640013436675e+00
-9.710662187443944715e-01,-1.306911067602989807e+00
-9.349858518473794788e-01,-1.523393268985079985e+00
-8.788608366742449718e-01,-1.691768314504483728e+00
-7.826465249488714360e-01,-1.808027274505976667e+00
-7.265215097757369289e-01,-1.928295164162693531e+00
-6.303071980503633931e-01,-1.980411249680604113e+00
-5.942268311533484004e-01,-2.044554124164186248e+00
