3.563493026865694607e-02,1.097555852274630928e+00
-4.454366283581092604e-04,1.169716586068661135e+00
-4.454366283581092604e-04,1.169716586068661135e+00
-4.454366283581092604e-04,1.169716586068661135e+00
-4.454366283581092604e-04,1.169716586068661135e+00
-1.247222559402979408e-02,1.045439766756720346e+00
7.572422682089680404e-03,9.251718771000034813e-01
-2.449901455970147912e-02,7.167075350283609314e-01
-4.454366283582003767e-03,4.881985446805989781e-01
-3.652580352537316416e-02,1.875288205388068452e-01
-2.850794421492537298e-02,-1.291766222238808492e-01
-4.855259249104484920e-02,-4.659267132626880303e-01
-4.855259249104484920e-02,-8.026768043014952392e-01
-2.449901455970147912e-02,-1.111364387753735139e+00
7.572422682089680404e-03,-1.404016252585079449e+00
1.959921164776136371e-02,-1.620498453967169850e+00
6.770636751044810386e-02,-1.744775273279110417e+00
9.175994544179147394e-02,-1.861034233280603356e+00
