1.200320702652330762e-01,5.129071764771749864e-01
1.200320702652330762e-01,5.129071764771749864e-01
3.985347716075517827e-02,5.169161061323989115e-01
3.985347716075517827e-02,5.169161061323989115e-01
2.381775853985959590e-02,4.527732316488165543e-01
1.579989922941180819e-02,3.846214275100103830e-01
2.381775853985959590e-02,3.084517640607563616e-01
1.179096957418791260e-02,2.082285226801589839e-01
2.381775853985959590e-02,1.080052812995616202e-01
1.179096957418791260e-02,-2.028046766760301794e-02
3.773110263740123149e-03,-1.405483573243198614e-01
-1.226260835715545748e-02,-2.688341062914845203e-01
-3.631618628849882929e-02,-4.011287849138730488e-01
-7.239655318551388441e-02,-5.374323931914855024e-01
-8.041441249596166518e-02,-6.376556345720828523e-01
-1.164947793929767272e-01,-7.579235242287997165e-01
-1.164947793929767272e-01,-7.579235242287997165e-01
