-2.902244395355204620e-01,1.076232106157445578e+00
-2.300904947071620299e-01,1.112312473054460682e+00
-2.300904947071620299e-01,1.112312473054460682e+00
-2.140547760862664683e-01,1.164428558572371264e+00
-1.819833388444752897e-01,1.220553573745505771e+00
-1.819833388444752897e-01,1.220553573745505771e+00
-1.819833388444752897e-01,1.220553573745505771e+00
-1.819833388444752897e-01,1.220553573745505771e+00
-1.699565498788036255e-01,1.164428558572371264e+00
-1.699565498788036255e-01,1.164428558572371264e+00
-1.779744091892513924e-01,1.068214246846997950e+00
-1.779744091892513924e-01,1.068214246846997950e+00
-1.779744091892513924e-01,1.068214246846997950e+00
-2.300904947071620299e-01,1.020107090984311071e+00
