6.350000000000000000e+02,-1.864000000000000000e+03
6.350000000000000000e+02,-1.864000000000000000e+03
6.350000000000000000e+02,-1.864000000000000000e+03
6.350000000000000000e+02,-1.864000000000000000e+03
6.350000000000000000e+02,-1.864000000000000000e+03
6.350000000000000000e+02,-1.864000000000000000e+03
6.350000000000000000e+02,-1.864000000000000000e+03
6.350000000000000000e+02,-1.864000000000000000e+03
6.350000000000000000e+02,-1.864000000000000000e+03
6.350000000000000000e+02,-1.864000000000000000e+03
6.350000000000000000e+02,-1.864000000000000000e+03
6.350000000000000000e+02,-1.864000000000000000e+03
6.620000000000000000e+02,-1.787000000000000000e+03
6.620000000000000000e+02,-1.787000000000000000e+03
7.020000000000000000e+02,-1.714000000000000000e+03
7.020000000000000000e+02,-1.714000000000000000e+03
7.490000000000000000e+02,-1.626000000000000000e+03
7.490000000000000000e+02,-1.626000000000000000e+03
8.030000000000000000e+02,-1.527000000000000000e+03
8.030000000000000000e+02,-1.527000000000000000e+03
8.550000000000000000e+02,-1.430000000000000000e+03
8.550000000000000000e+02,-1.430000000000000000e+03
8.980000000000000000e+02,-1.338000000000000000e+03
8.980000000000000000e+02,-1.338000000000000000e+03
9.350000000000000000e+02,-1.260000000000000000e+03
9.350000000000000000e+02,-1.260000000000000000e+03
9.350000000000000000e+02,-1.260000000000000000e+03
9.650000000000000000e+02,-1.189000000000000000e+03
9.650000000000000000e+02,-1.189000000000000000e+03
9.650000000000000000e+02,-1.189000000000000000e+03
9.650000000000000000e+02,-1.189000000000000000e+03
9.650000000000000000e+02,-1.189000000000000000e+03
9.650000000000000000e+02,-1.189000000000000000e+03
9.650000000000000000e+02,-1.189000000000000000e+03
9.650000000000000000e+02,-1.189000000000000000e+03
9.650000000000000000e+02,-1.189000000000000000e+03
9.870000000000000000e+02,-1.283000000000000000e+03
9.870000000000000000e+02,-1.283000000000000000e+03
9.840000000000000000e+02,-1.387000000000000000e+03
9.830000000000000000e+02,-1.448000000000000000e+03
9.800000000000000000e+02,-1.510000000000000000e+03
9.800000000000000000e+02,-1.570000000000000000e+03
9.800000000000000000e+02,-1.570000000000000000e+03
9.840000000000000000e+02,-1.677000000000000000e+03
9.840000000000000000e+02,-1.677000000000000000e+03
9.950000000000000000e+02,-1.751000000000000000e+03
9.950000000000000000e+02,-1.751000000000000000e+03
9.950000000000000000e+02,-1.751000000000000000e+03
9.950000000000000000e+02,-1.751000000000000000e+03
9.950000000000000000e+02,-1.751000000000000000e+03
1.013000000000000000e+03,-1.819000000000000000e+03
1.013000000000000000e+03,-1.819000000000000000e+03
1.013000000000000000e+03,-1.819000000000000000e+03
1.013000000000000000e+03,-1.819000000000000000e+03
1.013000000000000000e+03,-1.819000000000000000e+03
1.013000000000000000e+03,-1.819000000000000000e+03
