8.410000000000000000e+02,-1.577000000000000000e+03
8.410000000000000000e+02,-1.577000000000000000e+03
8.410000000000000000e+02,-1.577000000000000000e+03
8.410000000000000000e+02,-1.577000000000000000e+03
8.410000000000000000e+02,-1.577000000000000000e+03
8.590000000000000000e+02,-1.567000000000000000e+03
8.770000000000000000e+02,-1.564000000000000000e+03
9.040000000000000000e+02,-1.555000000000000000e+03
9.320000000000000000e+02,-1.549000000000000000e+03
9.690000000000000000e+02,-1.538000000000000000e+03
1.010000000000000000e+03,-1.533000000000000000e+03
1.054000000000000000e+03,-1.524000000000000000e+03
1.097000000000000000e+03,-1.520000000000000000e+03
1.143000000000000000e+03,-1.512000000000000000e+03
1.185000000000000000e+03,-1.511000000000000000e+03
1.226000000000000000e+03,-1.509000000000000000e+03
1.265000000000000000e+03,-1.506000000000000000e+03
1.302000000000000000e+03,-1.503000000000000000e+03
1.334000000000000000e+03,-1.502000000000000000e+03
1.361000000000000000e+03,-1.499000000000000000e+03
1.384000000000000000e+03,-1.496000000000000000e+03
1.399000000000000000e+03,-1.496000000000000000e+03
1.399000000000000000e+03,-1.496000000000000000e+03
1.416000000000000000e+03,-1.493000000000000000e+03
1.416000000000000000e+03,-1.493000000000000000e+03
1.400000000000000000e+03,-1.499000000000000000e+03
