4.360000000000000000e+02,-1.397000000000000000e+03
4.250000000000000000e+02,-1.374000000000000000e+03
4.250000000000000000e+02,-1.374000000000000000e+03
4.250000000000000000e+02,-1.374000000000000000e+03
4.130000000000000000e+02,-1.359000000000000000e+03
4.130000000000000000e+02,-1.359000000000000000e+03
4.130000000000000000e+02,-1.359000000000000000e+03
4.150000000000000000e+02,-1.376000000000000000e+03
4.240000000000000000e+02,-1.391000000000000000e+03
4.240000000000000000e+02,-1.426000000000000000e+03
4.370000000000000000e+02,-1.459000000000000000e+03
4.400000000000000000e+02,-1.507000000000000000e+03
4.580000000000000000e+02,-1.555000000000000000e+03
4.660000000000000000e+02,-1.614000000000000000e+03
4.780000000000000000e+02,-1.667000000000000000e+03
4.880000000000000000e+02,-1.718000000000000000e+03
5.000000000000000000e+02,-1.759000000000000000e+03
5.110000000000000000e+02,-1.790000000000000000e+03
5.220000000000000000e+02,-1.809000000000000000e+03
5.370000000000000000e+02,-1.813000000000000000e+03
5.370000000000000000e+02,-1.813000000000000000e+03
5.640000000000000000e+02,-1.777000000000000000e+03
5.790000000000000000e+02,-1.744000000000000000e+03
5.950000000000000000e+02,-1.700000000000000000e+03
6.120000000000000000e+02,-1.659000000000000000e+03
6.290000000000000000e+02,-1.613000000000000000e+03
6.410000000000000000e+02,-1.576000000000000000e+03
6.450000000000000000e+02,-1.551000000000000000e+03
6.450000000000000000e+02,-1.551000000000000000e+03
6.590000000000000000e+02,-1.557000000000000000e+03
6.720000000000000000e+02,-1.579000000000000000e+03
6.830000000000000000e+02,-1.619000000000000000e+03
7.010000000000000000e+02,-1.659000000000000000e+03
7.210000000000000000e+02,-1.708000000000000000e+03
7.510000000000000000e+02,-1.751000000000000000e+03
7.820000000000000000e+02,-1.795000000000000000e+03
8.190000000000000000e+02,-1.821000000000000000e+03
8.580000000000000000e+02,-1.831000000000000000e+03
8.950000000000000000e+02,-1.828000000000000000e+03
9.320000000000000000e+02,-1.816000000000000000e+03
9.660000000000000000e+02,-1.793000000000000000e+03
9.990000000000000000e+02,-1.766000000000000000e+03
1.030000000000000000e+03,-1.732000000000000000e+03
1.057000000000000000e+03,-1.691000000000000000e+03
1.079000000000000000e+03,-1.653000000000000000e+03
1.102000000000000000e+03,-1.613000000000000000e+03
1.110000000000000000e+03,-1.585000000000000000e+03
1.122000000000000000e+03,-1.555000000000000000e+03
1.132000000000000000e+03,-1.527000000000000000e+03
1.135000000000000000e+03,-1.504000000000000000e+03
1.134000000000000000e+03,-1.486000000000000000e+03
