1.156000000000000000e+03,-1.099000000000000000e+03
1.143000000000000000e+03,-1.100000000000000000e+03
1.143000000000000000e+03,-1.100000000000000000e+03
1.128000000000000000e+03,-1.085000000000000000e+03
1.128000000000000000e+03,-1.085000000000000000e+03
1.110000000000000000e+03,-1.070000000000000000e+03
1.110000000000000000e+03,-1.070000000000000000e+03
1.090000000000000000e+03,-1.058000000000000000e+03
1.090000000000000000e+03,-1.058000000000000000e+03
1.066000000000000000e+03,-1.043000000000000000e+03
1.051000000000000000e+03,-1.038000000000000000e+03
1.034000000000000000e+03,-1.035000000000000000e+03
1.015000000000000000e+03,-1.035000000000000000e+03
9.900000000000000000e+02,-1.038000000000000000e+03
9.630000000000000000e+02,-1.047000000000000000e+03
9.350000000000000000e+02,-1.061000000000000000e+03
9.040000000000000000e+02,-1.081000000000000000e+03
8.730000000000000000e+02,-1.106000000000000000e+03
8.430000000000000000e+02,-1.136000000000000000e+03
8.170000000000000000e+02,-1.168000000000000000e+03
7.910000000000000000e+02,-1.203000000000000000e+03
7.750000000000000000e+02,-1.239000000000000000e+03
7.600000000000000000e+02,-1.272000000000000000e+03
7.510000000000000000e+02,-1.301000000000000000e+03
7.480000000000000000e+02,-1.331000000000000000e+03
7.510000000000000000e+02,-1.355000000000000000e+03
7.570000000000000000e+02,-1.373000000000000000e+03
7.700000000000000000e+02,-1.385000000000000000e+03
7.900000000000000000e+02,-1.394000000000000000e+03
8.160000000000000000e+02,-1.394000000000000000e+03
8.470000000000000000e+02,-1.388000000000000000e+03
8.830000000000000000e+02,-1.370000000000000000e+03
9.210000000000000000e+02,-1.346000000000000000e+03
9.630000000000000000e+02,-1.316000000000000000e+03
1.004000000000000000e+03,-1.284000000000000000e+03
1.040000000000000000e+03,-1.251000000000000000e+03
1.070000000000000000e+03,-1.219000000000000000e+03
1.096000000000000000e+03,-1.194000000000000000e+03
1.113000000000000000e+03,-1.174000000000000000e+03
1.113000000000000000e+03,-1.174000000000000000e+03
1.113000000000000000e+03,-1.174000000000000000e+03
1.113000000000000000e+03,-1.174000000000000000e+03
1.091000000000000000e+03,-1.209000000000000000e+03
1.076000000000000000e+03,-1.236000000000000000e+03
1.063000000000000000e+03,-1.266000000000000000e+03
1.049000000000000000e+03,-1.298000000000000000e+03
1.042000000000000000e+03,-1.331000000000000000e+03
1.042000000000000000e+03,-1.359000000000000000e+03
1.048000000000000000e+03,-1.384000000000000000e+03
1.061000000000000000e+03,-1.400000000000000000e+03
1.079000000000000000e+03,-1.414000000000000000e+03
1.105000000000000000e+03,-1.420000000000000000e+03
1.132000000000000000e+03,-1.423000000000000000e+03
1.162000000000000000e+03,-1.420000000000000000e+03
1.192000000000000000e+03,-1.409000000000000000e+03
1.224000000000000000e+03,-1.396000000000000000e+03
1.257000000000000000e+03,-1.376000000000000000e+03
1.286000000000000000e+03,-1.352000000000000000e+03
1.315000000000000000e+03,-1.322000000000000000e+03
1.342000000000000000e+03,-1.289000000000000000e+03
1.364000000000000000e+03,-1.252000000000000000e+03
1.385000000000000000e+03,-1.213000000000000000e+03
1.399000000000000000e+03,-1.168000000000000000e+03
1.413000000000000000e+03,-1.118000000000000000e+03
1.416000000000000000e+03,-1.067000000000000000e+03
1.414000000000000000e+03,-1.013000000000000000e+03
1.402000000000000000e+03,-9.570000000000000000e+02
1.384000000000000000e+03,-9.030000000000000000e+02
1.357000000000000000e+03,-8.530000000000000000e+02
1.318000000000000000e+03,-8.050000000000000000e+02
1.266000000000000000e+03,-7.700000000000000000e+02
1.201000000000000000e+03,-7.540000000000000000e+02
1.123000000000000000e+03,-7.490000000000000000e+02
1.037000000000000000e+03,-7.660000000000000000e+02
9.440000000000000000e+02,-8.080000000000000000e+02
8.440000000000000000e+02,-8.730000000000000000e+02
7.460000000000000000e+02,-9.540000000000000000e+02
6.560000000000000000e+02,-1.052000000000000000e+03
5.760000000000000000e+02,-1.159000000000000000e+03
5.190000000000000000e+02,-1.269000000000000000e+03
4.790000000000000000e+02,-1.378000000000000000e+03
4.610000000000000000e+02,-1.478000000000000000e+03
4.630000000000000000e+02,-1.567000000000000000e+03
4.880000000000000000e+02,-1.638000000000000000e+03
5.290000000000000000e+02,-1.692000000000000000e+03
5.890000000000000000e+02,-1.729000000000000000e+03
6.660000000000000000e+02,-1.748000000000000000e+03
7.510000000000000000e+02,-1.750000000000000000e+03
8.430000000000000000e+02,-1.735000000000000000e+03
9.330000000000000000e+02,-1.708000000000000000e+03
1.028000000000000000e+03,-1.662000000000000000e+03
1.120000000000000000e+03,-1.614000000000000000e+03
1.197000000000000000e+03,-1.566000000000000000e+03
1.265000000000000000e+03,-1.516000000000000000e+03
1.310000000000000000e+03,-1.471000000000000000e+03
