5.136865795507198490e-02,5.904677746422994922e-01
5.136865795507198490e-02,5.904677746422994922e-01
2.157347738192516851e-01,8.630749911975242883e-01
2.157347738192516851e-01,8.630749911975242883e-01
2.157347738192516851e-01,8.630749911975242883e-01
2.157347738192516851e-01,8.630749911975242883e-01
2.157347738192516851e-01,8.630749911975242883e-01
2.157347738192516851e-01,8.630749911975242883e-01
2.157347738192516851e-01,8.630749911975242883e-01
2.077169145088038904e-01,1.159735785684092635e+00
2.077169145088038904e-01,1.159735785684092635e+00
2.077169145088038904e-01,1.159735785684092635e+00
-1.530867544613466469e-01,1.320092971893048306e+00
-1.530867544613466469e-01,1.320092971893048306e+00
-5.219082827419450066e-01,1.424325142928869692e+00
-5.219082827419450066e-01,1.424325142928869692e+00
-9.268101779195583312e-01,1.472432298791556349e+00
-9.268101779195583312e-01,1.472432298791556349e+00
-1.327703143441947953e+00,1.364191198100511260e+00
-1.327703143441947953e+00,1.364191198100511260e+00
-1.708551460688217949e+00,1.123655418787077531e+00
-1.708551460688217949e+00,1.123655418787077531e+00
-1.973140817932995006e+00,6.626285084363295885e-01
-2.045301551727025213e+00,3.539409249840896887e-01
-2.089399777934487723e+00,-6.862743986060872853e-03
-2.057328340692696766e+00,-3.997378501980025645e-01
-1.949087240001651677e+00,-7.886040267547204108e-01
-1.780712194482247934e+00,-1.161434484690542668e+00
-1.572247852410605384e+00,-1.462104208832334828e+00
-1.327703143441947953e+00,-1.694622128835320707e+00
-1.023024489644931867e+00,-1.794845370215917946e+00
-7.023101172270203030e-01,-1.818898948147261274e+00
-3.815957448091086834e-01,-1.718675706766664035e+00
-5.687244273597317351e-02,-1.530256012971140889e+00
2.197437034744755824e-01,-1.265666655726363832e+00
4.402348345117897965e-01,-9.569790722741239319e-01
6.086098800311934287e-01,-6.282468405457646288e-01
7.208599103774624428e-01,-3.035235384726290842e-01
7.769849255505969499e-01,-3.091632191740424293e-02
7.890117145162686141e-01,2.336730353273728245e-01
7.890117145162686141e-01,2.336730353273728245e-01
7.088331214117907786e-01,6.145213525736428206e-01
7.088331214117907786e-01,6.145213525736428206e-01
7.088331214117907786e-01,6.145213525736428206e-01
7.088331214117907786e-01,6.145213525736428206e-01
4.642884124431331805e-01,7.468160311960313491e-01
4.642884124431331805e-01,7.468160311960313491e-01
4.562705531326853858e-01,3.739855732602091476e-01
5.003687793401482287e-01,7.732477877364092589e-02
5.885652317550739143e-01,-2.674431715756140360e-01
7.208599103774624428e-01,-6.482914888218840321e-01
9.092796041729854783e-01,-1.033148735723377953e+00
1.125761805555075767e+00,-1.373907756417409143e+00
1.362288655213285571e+00,-1.646514972972633828e+00
1.622869082802838703e+00,-1.814890018492037571e+00
1.887458440047615760e+00,-1.923131119183082660e+00
2.132003149016273635e+00,-1.951193626769649914e+00
2.132003149016273635e+00,-1.951193626769649914e+00
2.452717521434184977e+00,-1.826916807457709124e+00
