1.103000000000000000e+03,-7.250000000000000000e+02
1.096000000000000000e+03,-7.050000000000000000e+02
1.082000000000000000e+03,-6.960000000000000000e+02
1.067000000000000000e+03,-6.900000000000000000e+02
1.067000000000000000e+03,-6.900000000000000000e+02
1.039000000000000000e+03,-6.990000000000000000e+02
1.025000000000000000e+03,-7.130000000000000000e+02
9.990000000000000000e+02,-7.450000000000000000e+02
9.720000000000000000e+02,-7.840000000000000000e+02
9.380000000000000000e+02,-8.420000000000000000e+02
8.980000000000000000e+02,-9.150000000000000000e+02
8.530000000000000000e+02,-1.010000000000000000e+03
8.130000000000000000e+02,-1.112000000000000000e+03
7.750000000000000000e+02,-1.222000000000000000e+03
7.510000000000000000e+02,-1.332000000000000000e+03
7.420000000000000000e+02,-1.436000000000000000e+03
7.520000000000000000e+02,-1.530000000000000000e+03
7.820000000000000000e+02,-1.608000000000000000e+03
8.280000000000000000e+02,-1.665000000000000000e+03
8.860000000000000000e+02,-1.697000000000000000e+03
9.500000000000000000e+02,-1.712000000000000000e+03
1.016000000000000000e+03,-1.712000000000000000e+03
1.082000000000000000e+03,-1.697000000000000000e+03
1.141000000000000000e+03,-1.671000000000000000e+03
1.191000000000000000e+03,-1.638000000000000000e+03
1.229000000000000000e+03,-1.599000000000000000e+03
1.259000000000000000e+03,-1.557000000000000000e+03
1.280000000000000000e+03,-1.513000000000000000e+03
1.292000000000000000e+03,-1.471000000000000000e+03
1.298000000000000000e+03,-1.432000000000000000e+03
1.296000000000000000e+03,-1.399000000000000000e+03
1.289000000000000000e+03,-1.367000000000000000e+03
1.275000000000000000e+03,-1.341000000000000000e+03
1.256000000000000000e+03,-1.325000000000000000e+03
1.230000000000000000e+03,-1.313000000000000000e+03
1.198000000000000000e+03,-1.308000000000000000e+03
1.162000000000000000e+03,-1.308000000000000000e+03
1.119000000000000000e+03,-1.314000000000000000e+03
1.073000000000000000e+03,-1.322000000000000000e+03
1.027000000000000000e+03,-1.337000000000000000e+03
9.840000000000000000e+02,-1.350000000000000000e+03
9.470000000000000000e+02,-1.364000000000000000e+03
9.150000000000000000e+02,-1.376000000000000000e+03
8.950000000000000000e+02,-1.388000000000000000e+03
8.950000000000000000e+02,-1.388000000000000000e+03
8.950000000000000000e+02,-1.403000000000000000e+03
9.110000000000000000e+02,-1.409000000000000000e+03
9.440000000000000000e+02,-1.400000000000000000e+03
9.750000000000000000e+02,-1.399000000000000000e+03
1.009000000000000000e+03,-1.397000000000000000e+03
1.040000000000000000e+03,-1.394000000000000000e+03
1.066000000000000000e+03,-1.396000000000000000e+03
