5.000000000000000000e+02,-1.059000000000000000e+03
4.790000000000000000e+02,-1.051000000000000000e+03
4.570000000000000000e+02,-1.050000000000000000e+03
4.570000000000000000e+02,-1.050000000000000000e+03
4.640000000000000000e+02,-1.041000000000000000e+03
4.820000000000000000e+02,-1.036000000000000000e+03
5.080000000000000000e+02,-1.030000000000000000e+03
5.420000000000000000e+02,-1.026000000000000000e+03
5.780000000000000000e+02,-1.023000000000000000e+03
6.130000000000000000e+02,-1.020000000000000000e+03
6.560000000000000000e+02,-1.009000000000000000e+03
6.900000000000000000e+02,-1.003000000000000000e+03
7.270000000000000000e+02,-9.850000000000000000e+02
