9.290000000000000000e+02,-1.183000000000000000e+03
9.410000000000000000e+02,-1.150000000000000000e+03
9.380000000000000000e+02,-1.136000000000000000e+03
9.390000000000000000e+02,-1.114000000000000000e+03
9.390000000000000000e+02,-1.114000000000000000e+03
9.440000000000000000e+02,-1.094000000000000000e+03
9.440000000000000000e+02,-1.094000000000000000e+03
9.440000000000000000e+02,-1.094000000000000000e+03
9.510000000000000000e+02,-1.079000000000000000e+03
9.510000000000000000e+02,-1.079000000000000000e+03
9.510000000000000000e+02,-1.079000000000000000e+03
