6.890000000000000000e+02,-1.317000000000000000e+03
6.810000000000000000e+02,-1.346000000000000000e+03
6.830000000000000000e+02,-1.371000000000000000e+03
6.770000000000000000e+02,-1.417000000000000000e+03
6.660000000000000000e+02,-1.466000000000000000e+03
6.650000000000000000e+02,-1.521000000000000000e+03
6.540000000000000000e+02,-1.587000000000000000e+03
6.530000000000000000e+02,-1.647000000000000000e+03
6.420000000000000000e+02,-1.715000000000000000e+03
6.410000000000000000e+02,-1.774000000000000000e+03
6.320000000000000000e+02,-1.834000000000000000e+03
6.300000000000000000e+02,-1.878000000000000000e+03
6.240000000000000000e+02,-1.919000000000000000e+03
6.240000000000000000e+02,-1.943000000000000000e+03
6.210000000000000000e+02,-1.961000000000000000e+03
6.210000000000000000e+02,-1.961000000000000000e+03
6.210000000000000000e+02,-1.961000000000000000e+03
6.290000000000000000e+02,-1.932000000000000000e+03
6.360000000000000000e+02,-1.897000000000000000e+03
6.510000000000000000e+02,-1.852000000000000000e+03
6.690000000000000000e+02,-1.793000000000000000e+03
6.950000000000000000e+02,-1.724000000000000000e+03
7.270000000000000000e+02,-1.653000000000000000e+03
7.600000000000000000e+02,-1.581000000000000000e+03
7.940000000000000000e+02,-1.516000000000000000e+03
8.260000000000000000e+02,-1.457000000000000000e+03
8.580000000000000000e+02,-1.412000000000000000e+03
8.850000000000000000e+02,-1.379000000000000000e+03
9.060000000000000000e+02,-1.367000000000000000e+03
9.210000000000000000e+02,-1.371000000000000000e+03
9.300000000000000000e+02,-1.388000000000000000e+03
9.360000000000000000e+02,-1.420000000000000000e+03
9.390000000000000000e+02,-1.460000000000000000e+03
9.420000000000000000e+02,-1.506000000000000000e+03
9.450000000000000000e+02,-1.558000000000000000e+03
9.510000000000000000e+02,-1.611000000000000000e+03
9.590000000000000000e+02,-1.662000000000000000e+03
9.690000000000000000e+02,-1.714000000000000000e+03
9.840000000000000000e+02,-1.762000000000000000e+03
1.004000000000000000e+03,-1.803000000000000000e+03
1.028000000000000000e+03,-1.837000000000000000e+03
1.052000000000000000e+03,-1.870000000000000000e+03
1.079000000000000000e+03,-1.882000000000000000e+03
1.113000000000000000e+03,-1.890000000000000000e+03
1.144000000000000000e+03,-1.890000000000000000e+03
1.179000000000000000e+03,-1.870000000000000000e+03
