4.270529302217316303e-01,6.696271483429067084e-01
3.989904226351643768e-01,7.858861083443996476e-01
3.989904226351643768e-01,7.858861083443996476e-01
2.907493219441192323e-01,8.660647014488775941e-01
2.426421660814324921e-01,9.261986462772359152e-01
1.384099950456112171e-01,9.382254352429076905e-01
5.823140194113331919e-02,9.662879428294749440e-01
-6.203648771558353120e-02,9.422343648981315045e-01
-1.622597290961809158e-01,9.302075759324598403e-01
-2.705008297872260603e-01,8.660647014488775941e-01
-3.707240711678234657e-01,7.858861083443996476e-01
-4.428848049618535621e-01,6.936807262742500368e-01
-5.030187497902119942e-01,5.734128366175331726e-01
-5.310812573767792477e-01,4.491360173055924943e-01
-5.390991166872269869e-01,3.248591979936517049e-01
-5.070276794454359193e-01,2.166180973026065604e-01
-4.468937346170774316e-01,1.284216448876808747e-01
-3.827508601334951299e-01,4.824305178320298371e-02
-2.785186890976738550e-01,8.153755230964031264e-03
-1.702775884066286827e-01,-3.873033734707652907e-03
-6.203648771558353120e-02,2.018054419663571630e-02
4.620461297546163415e-02,7.229662971454635378e-02
1.584546433217306760e-01,1.524752228190242587e-01
2.346243067709846974e-01,2.366627455787260470e-01
2.947582515993431018e-01,3.489127759249950889e-01
3.308386184963581500e-01,4.531449469608163638e-01
3.629100557381493286e-01,5.734128366175331726e-01
3.548921964277015340e-01,6.776450076533544475e-01
3.508832667724776644e-01,7.618325304130563191e-01
3.188118295306864858e-01,8.179575455861908262e-01
3.188118295306864858e-01,8.179575455861908262e-01
2.586778847023280536e-01,8.179575455861908262e-01
2.426421660814324921e-01,7.538146711026084690e-01
2.306153771157608001e-01,6.816539373085783726e-01
2.306153771157608001e-01,5.694039069623093585e-01
2.586778847023280536e-01,4.290913690294729799e-01
2.947582515993431018e-01,2.847699014414127872e-01
3.749368447038209928e-01,1.524752228190242587e-01
4.350707895321794250e-01,-3.873033734707652907e-03
5.272761716023289802e-01,-1.441855716675439769e-01
6.355172722933741802e-01,-2.403998833929174572e-01
7.237137247082998659e-01,-3.125606171869475536e-01
8.159191067784494766e-01,-3.486409840839626018e-01
