6.440000000000000000e+02,-1.053000000000000000e+03
6.440000000000000000e+02,-1.053000000000000000e+03
6.440000000000000000e+02,-1.053000000000000000e+03
6.440000000000000000e+02,-1.053000000000000000e+03
6.270000000000000000e+02,-1.046000000000000000e+03
6.270000000000000000e+02,-1.046000000000000000e+03
6.080000000000000000e+02,-1.046000000000000000e+03
5.940000000000000000e+02,-1.047000000000000000e+03
5.940000000000000000e+02,-1.047000000000000000e+03
5.670000000000000000e+02,-1.053000000000000000e+03
5.670000000000000000e+02,-1.053000000000000000e+03
5.410000000000000000e+02,-1.060000000000000000e+03
5.410000000000000000e+02,-1.060000000000000000e+03
5.200000000000000000e+02,-1.064000000000000000e+03
5.200000000000000000e+02,-1.064000000000000000e+03
5.070000000000000000e+02,-1.067000000000000000e+03
5.070000000000000000e+02,-1.067000000000000000e+03
5.070000000000000000e+02,-1.067000000000000000e+03
5.340000000000000000e+02,-1.070000000000000000e+03
5.710000000000000000e+02,-1.070000000000000000e+03
6.260000000000000000e+02,-1.069000000000000000e+03
6.950000000000000000e+02,-1.066000000000000000e+03
7.780000000000000000e+02,-1.061000000000000000e+03
8.670000000000000000e+02,-1.056000000000000000e+03
9.590000000000000000e+02,-1.052000000000000000e+03
1.045000000000000000e+03,-1.047000000000000000e+03
1.117000000000000000e+03,-1.046000000000000000e+03
1.174000000000000000e+03,-1.046000000000000000e+03
1.218000000000000000e+03,-1.044000000000000000e+03
1.242000000000000000e+03,-1.046000000000000000e+03
1.242000000000000000e+03,-1.046000000000000000e+03
1.242000000000000000e+03,-1.046000000000000000e+03
1.251000000000000000e+03,-1.060000000000000000e+03
1.251000000000000000e+03,-1.060000000000000000e+03
1.229000000000000000e+03,-1.079000000000000000e+03
1.215000000000000000e+03,-1.094000000000000000e+03
1.198000000000000000e+03,-1.115000000000000000e+03
1.176000000000000000e+03,-1.141000000000000000e+03
1.153000000000000000e+03,-1.177000000000000000e+03
1.126000000000000000e+03,-1.221000000000000000e+03
1.096000000000000000e+03,-1.272000000000000000e+03
1.061000000000000000e+03,-1.328000000000000000e+03
1.027000000000000000e+03,-1.390000000000000000e+03
9.900000000000000000e+02,-1.451000000000000000e+03
9.560000000000000000e+02,-1.512000000000000000e+03
9.270000000000000000e+02,-1.569000000000000000e+03
9.000000000000000000e+02,-1.617000000000000000e+03
8.770000000000000000e+02,-1.659000000000000000e+03
8.610000000000000000e+02,-1.697000000000000000e+03
8.490000000000000000e+02,-1.732000000000000000e+03
8.400000000000000000e+02,-1.765000000000000000e+03
8.310000000000000000e+02,-1.796000000000000000e+03
8.250000000000000000e+02,-1.830000000000000000e+03
8.190000000000000000e+02,-1.861000000000000000e+03
8.160000000000000000e+02,-1.890000000000000000e+03
8.130000000000000000e+02,-1.914000000000000000e+03
8.130000000000000000e+02,-1.935000000000000000e+03
8.130000000000000000e+02,-1.935000000000000000e+03
8.130000000000000000e+02,-1.935000000000000000e+03
8.290000000000000000e+02,-1.934000000000000000e+03
8.370000000000000000e+02,-1.916000000000000000e+03
8.380000000000000000e+02,-1.891000000000000000e+03
8.440000000000000000e+02,-1.855000000000000000e+03
8.440000000000000000e+02,-1.816000000000000000e+03
