9.110000000000000000e+02,-1.483000000000000000e+03
8.860000000000000000e+02,-1.524000000000000000e+03
8.680000000000000000e+02,-1.563000000000000000e+03
8.430000000000000000e+02,-1.613000000000000000e+03
8.230000000000000000e+02,-1.658000000000000000e+03
8.030000000000000000e+02,-1.703000000000000000e+03
7.870000000000000000e+02,-1.742000000000000000e+03
7.730000000000000000e+02,-1.774000000000000000e+03
7.660000000000000000e+02,-1.795000000000000000e+03
7.660000000000000000e+02,-1.795000000000000000e+03
7.660000000000000000e+02,-1.795000000000000000e+03
7.820000000000000000e+02,-1.777000000000000000e+03
7.970000000000000000e+02,-1.747000000000000000e+03
8.190000000000000000e+02,-1.706000000000000000e+03
8.380000000000000000e+02,-1.661000000000000000e+03
8.640000000000000000e+02,-1.607000000000000000e+03
8.910000000000000000e+02,-1.554000000000000000e+03
9.180000000000000000e+02,-1.503000000000000000e+03
9.450000000000000000e+02,-1.457000000000000000e+03
9.720000000000000000e+02,-1.420000000000000000e+03
9.980000000000000000e+02,-1.396000000000000000e+03
1.022000000000000000e+03,-1.382000000000000000e+03
1.046000000000000000e+03,-1.387000000000000000e+03
1.066000000000000000e+03,-1.403000000000000000e+03
1.084000000000000000e+03,-1.436000000000000000e+03
1.100000000000000000e+03,-1.478000000000000000e+03
1.113000000000000000e+03,-1.531000000000000000e+03
1.125000000000000000e+03,-1.589000000000000000e+03
1.135000000000000000e+03,-1.644000000000000000e+03
1.143000000000000000e+03,-1.702000000000000000e+03
1.147000000000000000e+03,-1.748000000000000000e+03
1.164000000000000000e+03,-1.777000000000000000e+03
1.162000000000000000e+03,-1.809000000000000000e+03
1.162000000000000000e+03,-1.809000000000000000e+03
