2.935209334978611251e-01,4.847160401316167322e-01
2.935209334978611251e-01,4.847160401316167322e-01
3.496459486709956321e-01,4.967428290972883964e-01
3.496459486709956321e-01,4.967428290972883964e-01
3.496459486709956321e-01,4.967428290972883964e-01
3.696905969471150910e-01,5.488589146151990894e-01
3.696905969471150910e-01,5.488589146151990894e-01
3.496459486709956321e-01,6.049839297883335965e-01
3.496459486709956321e-01,6.049839297883335965e-01
3.095566521187566589e-01,6.771446635823636928e-01
3.095566521187566589e-01,6.771446635823636928e-01
2.293780590142787679e-01,7.573232566868415283e-01
1.812709031515920277e-01,8.094393422047522213e-01
1.251458879784575207e-01,8.415107794465433999e-01
6.501194315009908853e-02,8.816000759987823177e-01
-7.148790643931021704e-03,9.016447242749018320e-01
-7.930952443796113194e-02,9.297072318614690856e-01
-1.514702582319912283e-01,9.297072318614690856e-01
-2.236309920260213524e-01,9.256983022062451605e-01
-2.957917258200514765e-01,9.056536539301256461e-01
-3.639435299588576478e-01,8.775911463435583926e-01
-4.361042637528877997e-01,8.334929201360955497e-01
-5.002471382364700458e-01,7.853857642734087818e-01
-5.683989423752763281e-01,7.332696787554981999e-01
-6.365507465140824994e-01,6.651178746166920286e-01
-7.087114803081125958e-01,5.849392815122140821e-01
-7.728543547916949530e-01,5.007517587525123215e-01
-8.329882996200533851e-01,3.804838690957954572e-01
-9.011401037588595564e-01,2.682338387495263876e-01
-9.492472596215463243e-01,1.399480897823617565e-01
-9.973544154842330922e-01,-3.644481504745680995e-04
-1.033434782381248196e+00,-1.446859157385347872e-01
-1.053479430657367599e+00,-3.010341722922666996e-01
-1.065506219623039375e+00,-4.453556398803268923e-01
-1.053479430657367599e+00,-5.896771074683870850e-01
-1.021407993415576421e+00,-7.179628564355517994e-01
-9.733008375528896527e-01,-8.462486054027164029e-01
-8.931222444484118173e-01,-9.424629171280898277e-01
-7.969079327230382814e-01,-1.026650439887791588e+00
-6.846579023767692673e-01,-1.106829032992269646e+00
-5.443453644439328887e-01,-1.154936188854956303e+00
-4.040328265110966210e-01,-1.166962977820628078e+00
-2.597113589230364283e-01,-1.158945118510180228e+00
-1.234077506454239748e-01,-1.098811173681821796e+00
1.289585763218845278e-02,-1.018632580577343960e+00
1.131190990127858287e-01,-9.184093391967464992e-01
2.053244810829354117e-01,-7.901235902295818958e-01
2.694673555665177411e-01,-6.297664040206261138e-01
3.135655817739805840e-01,-4.573824288459986120e-01
3.456370190157717071e-01,-2.890073833265949799e-01
3.616727376366672964e-01,-1.206323378071914171e-01
3.616727376366672964e-01,2.368912978086879992e-02
3.576638079814434268e-01,1.519748787480334484e-01
3.456370190157717071e-01,2.481891904734069287e-01
3.376191597053239679e-01,3.203499242674370251e-01
3.376191597053239679e-01,3.203499242674370251e-01
3.255923707396522482e-01,3.885017284062432519e-01
3.255923707396522482e-01,3.885017284062432519e-01
3.255923707396522482e-01,3.323767132331086893e-01
3.376191597053239679e-01,2.682338387495263876e-01
3.456370190157717071e-01,2.040909642659440859e-01
3.616727376366672964e-01,1.199034415062422837e-01
3.736995266023390161e-01,2.368912978086879992e-02
3.937441748784584750e-01,-8.455197091017635502e-02
4.177977528098018589e-01,-1.887841419459976300e-01
4.298245417754735231e-01,-2.890073833265949799e-01
4.458602603963691124e-01,-4.092752729833118441e-01
4.659049086724885713e-01,-5.295431626400286529e-01
4.899584866038319553e-01,-6.417931929862977780e-01
5.059942052247274891e-01,-7.540432233325667921e-01
5.300477831560709285e-01,-8.502575350579403279e-01
5.541013610874142570e-01,-9.424629171280898277e-01
5.861727983292054356e-01,-1.018632580577343960e+00
6.222531652262204283e-01,-1.082775455060926095e+00
6.222531652262204283e-01,-1.082775455060926095e+00
7.184674769515939641e-01,-1.130882610923612974e+00
7.786014217799523962e-01,-1.134891540578836899e+00
8.387353666083108283e-01,-1.106829032992269646e+00
9.108961004023409247e-01,-1.058721877129582767e+00
9.790479045411470960e-01,-9.905700729907765956e-01
1.051208638335177303e+00,-8.983646909206269848e-01
1.119360442473983364e+00,-8.021503791952535600e-01
1.179494387302341796e+00,-6.818824895385366958e-01
1.231610472820252600e+00,-5.375610219504765031e-01
1.275708699027715332e+00,-3.852216950519684602e-01
1.315797995579954360e+00,-2.489180867743560621e-01
1.339851573511297689e+00,-8.455197091017635502e-02
1.351878362476969464e+00,8.382307460922722164e-02
1.359896221787417092e+00,2.481891904734069287e-01
1.347869432821745539e+00,4.125553063375866358e-01
1.327824784545625914e+00,5.729124925465424178e-01
1.303771206614282585e+00,7.252518194450504607e-01
1.263681910062043556e+00,8.695732870331106534e-01
1.215574754199356899e+00,1.013894754621170735e+00
1.147422950060550617e+00,1.142180503588335450e+00
1.075262216266520632e+00,1.262448393245052314e+00
9.950836231620426853e-01,1.370689493936097403e+00
9.108961004023409247e-01,1.474921664971918789e+00
8.226996479874152390e-01,1.559109187731620549e+00
7.264853362620417032e-01,1.651314569801770160e+00
6.222531652262204283e-01,1.735502092561471921e+00
5.180209941903992643e-01,1.795636037389830353e+00
4.177977528098018589e-01,1.855769982218188785e+00
3.095566521187566589e-01,1.891850349115203889e+00
1.973066217724876170e-01,1.919912856701771142e+00
7.703873211577076663e-02,1.931939645667442695e+00
-4.322915754094607682e-02,1.927930716012218992e+00
-1.634970471976629203e-01,1.903877138080875442e+00
-2.917827961648275514e-01,1.859778911873412710e+00
-4.240774747872160799e-01,1.807662826355502128e+00
-5.563721534096046639e-01,1.739511022216695846e+00
-6.846579023767692673e-01,1.639287780836098385e+00
-8.089347216887100567e-01,1.535055609800277221e+00
-9.332115410006507350e-01,1.402760931177888581e+00
-1.041452641691695824e+00,1.262448393245052314e+00
-1.141675883072293285e+00,1.102091207036096643e+00
-1.237890194797666821e+00,9.297072318614690856e-01
-1.326086647212592506e+00,7.372786084107221249e-01
-1.390229521696174864e+00,5.448499849599751643e-01
-1.446354536869309371e+00,3.524213615092282037e-01
-1.494461692731996028e+00,1.519748787480334484e-01
-1.522524200318563281e+00,-4.847160401316130685e-02
-1.542568848594682684e+00,-2.609448757400277263e-01
-1.542568848594682684e+00,-4.654002881564463512e-01
-1.522524200318563281e+00,-6.578289116071933673e-01
-1.494461692731996028e+00,-8.462486054027164029e-01
-1.446354536869309371e+00,-1.034668299198239438e+00
-1.378202732730503088e+00,-1.203043344717642960e+00
-1.285997350660353478e+00,-1.371418390237046703e+00
-1.177756249969308389e+00,-1.527766646790778449e+00
-1.045461571346919749e+00,-1.672088114378838641e+00
-8.931222444484118173e-01,-1.788347074380331803e+00
-7.247471989290081851e-01,-1.916632823347496295e+00
-5.523632237543807388e-01,-2.004829275762422203e+00
-3.759703189245293675e-01,-2.072981079901228263e+00
-1.875506251290063042e-01,-2.125097165419139067e+00
-3.120236857527439178e-02,-2.157168602660930024e+00
1.371726769441291849e-01,-2.125097165419139067e+00
2.454137776351743572e-01,-2.121088235763914920e+00
3.376191597053239679e-01,-2.064963220590780413e+00
4.338334714306973927e-01,-1.968748908865406877e+00
4.899584866038319553e-01,-1.896588175071376892e+00
5.500924314321903319e-01,-1.788347074380331803e+00
