1.004000000000000000e+03,-5.610000000000000000e+02
1.004000000000000000e+03,-5.610000000000000000e+02
1.004000000000000000e+03,-5.610000000000000000e+02
1.007000000000000000e+03,-5.790000000000000000e+02
1.007000000000000000e+03,-5.790000000000000000e+02
1.009000000000000000e+03,-5.940000000000000000e+02
1.009000000000000000e+03,-5.940000000000000000e+02
1.010000000000000000e+03,-6.120000000000000000e+02
1.007000000000000000e+03,-6.250000000000000000e+02
1.007000000000000000e+03,-6.250000000000000000e+02
1.007000000000000000e+03,-6.570000000000000000e+02
1.010000000000000000e+03,-6.710000000000000000e+02
1.005000000000000000e+03,-6.960000000000000000e+02
1.007000000000000000e+03,-7.200000000000000000e+02
1.004000000000000000e+03,-7.600000000000000000e+02
1.005000000000000000e+03,-8.000000000000000000e+02
1.002000000000000000e+03,-8.530000000000000000e+02
1.002000000000000000e+03,-9.090000000000000000e+02
1.001000000000000000e+03,-9.710000000000000000e+02
9.990000000000000000e+02,-1.038000000000000000e+03
9.950000000000000000e+02,-1.108000000000000000e+03
9.950000000000000000e+02,-1.176000000000000000e+03
9.920000000000000000e+02,-1.243000000000000000e+03
9.870000000000000000e+02,-1.307000000000000000e+03
9.830000000000000000e+02,-1.373000000000000000e+03
9.780000000000000000e+02,-1.429000000000000000e+03
9.750000000000000000e+02,-1.485000000000000000e+03
9.720000000000000000e+02,-1.534000000000000000e+03
9.710000000000000000e+02,-1.578000000000000000e+03
9.690000000000000000e+02,-1.617000000000000000e+03
9.690000000000000000e+02,-1.647000000000000000e+03
9.660000000000000000e+02,-1.676000000000000000e+03
9.710000000000000000e+02,-1.691000000000000000e+03
9.680000000000000000e+02,-1.706000000000000000e+03
9.680000000000000000e+02,-1.706000000000000000e+03
9.680000000000000000e+02,-1.706000000000000000e+03
9.740000000000000000e+02,-1.720000000000000000e+03
9.740000000000000000e+02,-1.720000000000000000e+03
9.740000000000000000e+02,-1.720000000000000000e+03
