1.076000000000000000e+03,-8.490000000000000000e+02
1.076000000000000000e+03,-8.490000000000000000e+02
1.076000000000000000e+03,-8.490000000000000000e+02
1.076000000000000000e+03,-8.490000000000000000e+02
1.076000000000000000e+03,-8.490000000000000000e+02
9.840000000000000000e+02,-8.950000000000000000e+02
9.410000000000000000e+02,-9.650000000000000000e+02
8.890000000000000000e+02,-1.043000000000000000e+03
8.320000000000000000e+02,-1.138000000000000000e+03
7.730000000000000000e+02,-1.234000000000000000e+03
7.150000000000000000e+02,-1.335000000000000000e+03
6.590000000000000000e+02,-1.429000000000000000e+03
6.120000000000000000e+02,-1.513000000000000000e+03
5.730000000000000000e+02,-1.576000000000000000e+03
5.730000000000000000e+02,-1.576000000000000000e+03
5.230000000000000000e+02,-1.640000000000000000e+03
5.230000000000000000e+02,-1.640000000000000000e+03
