-7.250695953698121921e-01,1.328377063665960867e+00
-7.250695953698121921e-01,1.328377063665960867e+00
-7.250695953698121921e-01,1.392519938149543224e+00
-7.250695953698121921e-01,1.392519938149543224e+00
-7.250695953698121921e-01,1.392519938149543224e+00
-7.250695953698121921e-01,1.392519938149543224e+00
-7.250695953698121921e-01,1.392519938149543224e+00
-7.250695953698121921e-01,1.392519938149543224e+00
-7.811946105429466991e-01,1.340403852631632642e+00
-8.132660477847378777e-01,1.252207400216706956e+00
-8.172749774399618028e-01,1.164010947801781271e+00
-8.373196257160813172e-01,1.031716269179392631e+00
-8.293017664056334670e-01,8.914037312465563634e-01
-8.293017664056334670e-01,7.150108264167049921e-01
-8.052481884742901386e-01,5.546536402077492101e-01
-7.932213995086184743e-01,3.582160871017783799e-01
-7.651588919220512208e-01,1.778142526167031112e-01
-7.451142436459317064e-01,-1.060544117881995728e-02
-7.210606657145882670e-01,-1.709626273877757618e-01
-7.010160174384688636e-01,-3.273108839415076465e-01
-6.849802988175732743e-01,-4.636144922191201001e-01
-6.649356505414537599e-01,-5.878913115310607784e-01
-6.609267208862299459e-01,-6.841056232564343142e-01
-6.529088615757820957e-01,-7.642842163609121497e-01
-6.488999319205581706e-01,-8.164003018788228427e-01
-6.488999319205581706e-01,-8.164003018788228427e-01
-6.488999319205581706e-01,-8.725253170519573498e-01
-6.488999319205581706e-01,-8.725253170519573498e-01
-6.488999319205581706e-01,-8.725253170519573498e-01
-6.769624395071254241e-01,-7.883377942922555892e-01
-6.889892284727971994e-01,-7.161770604982254929e-01
-7.090338767489166028e-01,-6.239716784280758821e-01
-7.330874546802600422e-01,-5.117216480818068680e-01
-7.531321029563794456e-01,-3.633912508385226947e-01
-7.771856808877228850e-01,-2.030340646295669127e-01
-8.012392588190662135e-01,-2.263223014449164405e-02
-8.293017664056334670e-01,1.537606746853597273e-01
-8.533553443369769065e-01,3.421803684808827906e-01
-8.894357112339918991e-01,5.225822029659580314e-01
-9.134892891653352276e-01,6.989751077958094028e-01
-9.335339374414547420e-01,8.432965753838697065e-01
-9.495696560623503313e-01,9.836091133167059741e-01
-9.575875153727980704e-01,1.091850214007751063e+00
-9.375428670966786671e-01,1.192073455388348524e+00
-9.094803595101114135e-01,1.280269907803274210e+00
-8.533553443369769065e-01,1.344412782286856567e+00
-7.811946105429466991e-01,1.400537797459991074e+00
-6.769624395071254241e-01,1.448644953322677731e+00
-5.526856201951847458e-01,1.484725320219692835e+00
-4.003462932966767029e-01,1.508778898151036163e+00
-2.439980367429448183e-01,1.508778898151036163e+00
-7.562299122354124159e-02,1.484725320219692835e+00
9.676098395108624628e-02,1.436618164357006178e+00
2.691449591257137341e-01,1.380493149183871671e+00
4.335110749898934412e-01,1.296305626424169688e+00
5.778325425779535784e-01,1.192073455388348524e+00
7.101272212003422180e-01,1.079823425042079510e+00
8.143593922361633819e-01,9.595555353853626457e-01
9.065647743063129926e-01,8.352787160734218563e-01
9.546719301689997605e-01,7.230286857271528422e-01
9.827344377555670141e-01,6.187965146913315673e-01
9.666987191346714248e-01,5.065464843450624421e-01
9.226004929272085819e-01,4.063232429644650923e-01
8.384129701675068214e-01,3.181267905495394066e-01
7.061182915451182929e-01,2.379481974450615156e-01
5.417521756809385858e-01,1.617785339958075219e-01
3.653592708510872145e-01,1.016445891674491037e-01
1.849574363660119181e-01,3.349278502864288382e-02
1.658239084660834486e-02,-1.461437083404385287e-02
-1.357569360518996737e-01,-5.871259704150669917e-02
-2.680516146742881745e-01,-7.474831566240228153e-02
-3.602569967444377852e-01,-8.677510462807395963e-02
-3.602569967444377852e-01,-8.677510462807395963e-02
-3.602569967444377852e-01,-8.677510462807395963e-02
-3.602569967444377852e-01,-8.677510462807395963e-02
-2.840873332951837638e-01,-4.668580807583501413e-02
-1.638194436384669272e-01,-3.465901911016332909e-02
-1.548904639518281640e-02,-2.664115979971553791e-02
1.689217177451163565e-01,-3.465901911016332909e-02
3.733771301615350091e-01,-5.871259704150669917e-02
5.978771908540730928e-01,-9.479296393852175429e-02
8.303951108570589712e-01,-1.429001198012084806e-01
1.062913030860044961e+00,-2.150608535952386047e-01
1.279395232242135139e+00,-2.992483763549403930e-01
1.471823855692882210e+00,-3.994716177355377429e-01
1.660243549488405357e+00,-5.117216480818068680e-01
1.816591806042137103e+00,-6.440163267041953965e-01
1.944877555009301817e+00,-7.803199349818077390e-01
2.017038288803331803e+00,-9.206324729146441177e-01
2.057127585355571053e+00,-1.064953940502704421e+00
2.065145444666018459e+00,-1.205266478435540689e+00
2.041091866734675353e+00,-1.337561157057929107e+00
1.980957921906316921e+00,-1.465846906025093821e+00
1.876725750870495535e+00,-1.574088006716138910e+00
1.744431072248107117e+00,-1.646248740510169117e+00
1.576056026728703374e+00,-1.698364826028079699e+00
1.383627403277956525e+00,-1.730436263269870878e+00
1.159127342585418496e+00,-1.742463052235542653e+00
9.226004929272085819e-01,-1.726427333614646953e+00
6.700379246481031892e-01,-1.694355896372855774e+00
4.254932156794456466e-01,-1.638230881199721267e+00
1.969842253316836100e-01,-1.586114795681810685e+00
-3.462257429511131357e-03,-1.538007639819124028e+00
-1.517926546727952353e-01,-1.481882624645989299e+00
-2.720605443295120995e-01,-1.453820117059422046e+00
-2.720605443295120995e-01,-1.453820117059422046e+00
-2.720605443295120995e-01,-1.453820117059422046e+00
-2.720605443295120995e-01,-1.453820117059422046e+00
-9.165870984443681702e-02,-1.457829046714645971e+00
7.671633567496677353e-02,-1.477873694990765596e+00
