4.016773213244983487e-01,5.834735661244340177e-01
4.257308992558417327e-01,8.159914861274198961e-01
4.698291254633045755e-01,1.148732647511003124e+00
4.698291254633045755e-01,1.445393441997571360e+00
4.497844771871851166e-01,1.754081025449811371e+00
3.896505323588266845e-01,2.038715030970708053e+00
2.894272909782292791e-01,2.275241880628917635e+00
1.611415420110646479e-01,2.459652644769216856e+00
-7.233503508338925275e-03,2.563884815805038020e+00
-1.956531973038619920e-01,2.599965182702053124e+00
-4.081264690307284115e-01,2.503750870976679810e+00
-6.045640221366992417e-01,2.347402614422947842e+00
-8.010015752426701274e-01,2.102857905454290410e+00
-9.573498317964019844e-01,1.810206040622945878e+00
-1.081626651108342774e+00,1.477464879239362538e+00
-1.161805244212820609e+00,1.160759436476674900e+00
-1.181849892488940235e+00,8.600897123348827389e-01
-1.125724877315805506e+00,6.115360737110012712e-01
-1.017483776624760416e+00,4.231163799154782357e-01
-8.491087311053568953e-01,3.228931385348808858e-01
-6.366354593784904203e-01,3.028484902587613714e-01
-3.960996800650567473e-01,3.710002943975675982e-01
-1.475460414411752519e-01,4.992860433647322571e-01
9.298973787225844889e-02,6.676610888841357783e-01
3.134808689095726630e-01,8.480629233692110747e-01
4.938827033946479594e-01,1.036482617164734110e+00
6.261773820170364324e-01,1.192830873718466078e+00
7.223916937424099682e-01,1.313098763375182942e+00
7.223916937424099682e-01,1.313098763375182942e+00
7.304095530528577074e-01,1.216884451649809407e+00
6.622577489140515361e-01,9.683308130259279389e-01
5.740612964991258504e-01,5.955003550901056819e-01
4.578023364976329113e-01,8.235735922144717114e-02
3.495612358065877112e-01,-5.069553000964653888e-01
2.453290647707664640e-01,-1.152392974587512553e+00
1.611415420110646479e-01,-1.797830649078559606e+00
1.130343861483779216e-01,-2.419214745638263331e+00
8.096294890658675691e-02,-2.972447038059160551e+00
9.298973787225844889e-02,-3.425456089099460755e+00
1.010075971827062435e-01,-3.786259758069611348e+00
1.491147530453929837e-01,-4.010759818762149820e+00
1.691594013215124426e-01,-4.199179512557672744e+00
1.691594013215124426e-01,-4.299402753938269761e+00
1.811861902871841346e-01,-4.367554558077076265e+00
1.811861902871841346e-01,-4.367554558077076265e+00
1.250611751140495997e-01,-4.407643854629315072e+00
