1.256000000000000000e+03,-1.350000000000000000e+03
1.256000000000000000e+03,-1.350000000000000000e+03
1.256000000000000000e+03,-1.350000000000000000e+03
1.256000000000000000e+03,-1.350000000000000000e+03
1.256000000000000000e+03,-1.350000000000000000e+03
1.272000000000000000e+03,-1.278000000000000000e+03
1.272000000000000000e+03,-1.278000000000000000e+03
1.272000000000000000e+03,-1.278000000000000000e+03
1.272000000000000000e+03,-1.278000000000000000e+03
1.272000000000000000e+03,-1.278000000000000000e+03
1.272000000000000000e+03,-1.278000000000000000e+03
1.272000000000000000e+03,-1.278000000000000000e+03
1.223000000000000000e+03,-1.340000000000000000e+03
1.223000000000000000e+03,-1.340000000000000000e+03
1.147000000000000000e+03,-1.426000000000000000e+03
1.147000000000000000e+03,-1.426000000000000000e+03
1.054000000000000000e+03,-1.536000000000000000e+03
1.054000000000000000e+03,-1.536000000000000000e+03
9.650000000000000000e+02,-1.646000000000000000e+03
9.650000000000000000e+02,-1.646000000000000000e+03
8.970000000000000000e+02,-1.736000000000000000e+03
8.970000000000000000e+02,-1.736000000000000000e+03
8.970000000000000000e+02,-1.736000000000000000e+03
8.520000000000000000e+02,-1.815000000000000000e+03
8.520000000000000000e+02,-1.815000000000000000e+03
8.520000000000000000e+02,-1.815000000000000000e+03
8.520000000000000000e+02,-1.815000000000000000e+03
8.520000000000000000e+02,-1.815000000000000000e+03
8.520000000000000000e+02,-1.815000000000000000e+03
8.520000000000000000e+02,-1.815000000000000000e+03
9.120000000000000000e+02,-1.780000000000000000e+03
