6.630000000000000000e+02,-6.990000000000000000e+02
6.350000000000000000e+02,-6.960000000000000000e+02
6.210000000000000000e+02,-6.960000000000000000e+02
6.010000000000000000e+02,-7.050000000000000000e+02
5.830000000000000000e+02,-7.190000000000000000e+02
5.680000000000000000e+02,-7.370000000000000000e+02
5.490000000000000000e+02,-7.640000000000000000e+02
5.380000000000000000e+02,-7.910000000000000000e+02
5.260000000000000000e+02,-8.270000000000000000e+02
5.230000000000000000e+02,-8.610000000000000000e+02
5.260000000000000000e+02,-9.000000000000000000e+02
5.380000000000000000e+02,-9.340000000000000000e+02
5.560000000000000000e+02,-9.660000000000000000e+02
5.860000000000000000e+02,-9.840000000000000000e+02
6.210000000000000000e+02,-9.990000000000000000e+02
6.630000000000000000e+02,-9.990000000000000000e+02
7.040000000000000000e+02,-9.920000000000000000e+02
7.450000000000000000e+02,-9.720000000000000000e+02
7.840000000000000000e+02,-9.480000000000000000e+02
8.170000000000000000e+02,-9.150000000000000000e+02
8.410000000000000000e+02,-8.830000000000000000e+02
8.560000000000000000e+02,-8.490000000000000000e+02
8.610000000000000000e+02,-8.170000000000000000e+02
8.550000000000000000e+02,-7.900000000000000000e+02
8.370000000000000000e+02,-7.660000000000000000e+02
8.130000000000000000e+02,-7.460000000000000000e+02
7.810000000000000000e+02,-7.340000000000000000e+02
7.480000000000000000e+02,-7.250000000000000000e+02
7.150000000000000000e+02,-7.230000000000000000e+02
6.810000000000000000e+02,-7.310000000000000000e+02
6.590000000000000000e+02,-7.420000000000000000e+02
6.390000000000000000e+02,-7.600000000000000000e+02
6.380000000000000000e+02,-7.750000000000000000e+02
6.440000000000000000e+02,-8.000000000000000000e+02
6.690000000000000000e+02,-8.210000000000000000e+02
7.010000000000000000e+02,-8.490000000000000000e+02
7.450000000000000000e+02,-8.740000000000000000e+02
7.970000000000000000e+02,-9.030000000000000000e+02
8.530000000000000000e+02,-9.270000000000000000e+02
9.150000000000000000e+02,-9.510000000000000000e+02
9.740000000000000000e+02,-9.840000000000000000e+02
1.030000000000000000e+03,-1.011000000000000000e+03
1.072000000000000000e+03,-1.040000000000000000e+03
1.122000000000000000e+03,-1.061000000000000000e+03
1.153000000000000000e+03,-1.091000000000000000e+03
1.188000000000000000e+03,-1.103000000000000000e+03
