7.120000000000000000e+02,-1.474000000000000000e+03
7.280000000000000000e+02,-1.423000000000000000e+03
7.400000000000000000e+02,-1.387000000000000000e+03
7.640000000000000000e+02,-1.346000000000000000e+03
7.930000000000000000e+02,-1.313000000000000000e+03
8.310000000000000000e+02,-1.287000000000000000e+03
8.730000000000000000e+02,-1.267000000000000000e+03
9.150000000000000000e+02,-1.258000000000000000e+03
9.570000000000000000e+02,-1.255000000000000000e+03
9.960000000000000000e+02,-1.266000000000000000e+03
1.028000000000000000e+03,-1.280000000000000000e+03
1.049000000000000000e+03,-1.301000000000000000e+03
1.060000000000000000e+03,-1.328000000000000000e+03
1.055000000000000000e+03,-1.361000000000000000e+03
1.042000000000000000e+03,-1.394000000000000000e+03
1.015000000000000000e+03,-1.429000000000000000e+03
9.860000000000000000e+02,-1.460000000000000000e+03
9.540000000000000000e+02,-1.488000000000000000e+03
9.260000000000000000e+02,-1.510000000000000000e+03
9.040000000000000000e+02,-1.525000000000000000e+03
9.040000000000000000e+02,-1.525000000000000000e+03
9.040000000000000000e+02,-1.525000000000000000e+03
9.040000000000000000e+02,-1.525000000000000000e+03
9.510000000000000000e+02,-1.525000000000000000e+03
9.960000000000000000e+02,-1.518000000000000000e+03
1.052000000000000000e+03,-1.512000000000000000e+03
1.110000000000000000e+03,-1.510000000000000000e+03
1.170000000000000000e+03,-1.515000000000000000e+03
1.227000000000000000e+03,-1.524000000000000000e+03
1.274000000000000000e+03,-1.542000000000000000e+03
1.312000000000000000e+03,-1.567000000000000000e+03
1.327000000000000000e+03,-1.602000000000000000e+03
1.330000000000000000e+03,-1.641000000000000000e+03
1.310000000000000000e+03,-1.686000000000000000e+03
1.277000000000000000e+03,-1.730000000000000000e+03
1.223000000000000000e+03,-1.780000000000000000e+03
1.161000000000000000e+03,-1.821000000000000000e+03
1.084000000000000000e+03,-1.863000000000000000e+03
1.009000000000000000e+03,-1.893000000000000000e+03
9.270000000000000000e+02,-1.919000000000000000e+03
8.530000000000000000e+02,-1.929000000000000000e+03
7.880000000000000000e+02,-1.937000000000000000e+03
7.360000000000000000e+02,-1.932000000000000000e+03
7.010000000000000000e+02,-1.919000000000000000e+03
6.720000000000000000e+02,-1.907000000000000000e+03
6.720000000000000000e+02,-1.907000000000000000e+03
6.620000000000000000e+02,-1.876000000000000000e+03
6.620000000000000000e+02,-1.876000000000000000e+03
6.830000000000000000e+02,-1.858000000000000000e+03
