5.040000000000000000e+02,-1.864000000000000000e+03
4.870000000000000000e+02,-1.888000000000000000e+03
4.870000000000000000e+02,-1.888000000000000000e+03
4.780000000000000000e+02,-1.905000000000000000e+03
4.780000000000000000e+02,-1.905000000000000000e+03
4.780000000000000000e+02,-1.905000000000000000e+03
5.000000000000000000e+02,-1.888000000000000000e+03
5.310000000000000000e+02,-1.854000000000000000e+03
5.650000000000000000e+02,-1.812000000000000000e+03
6.110000000000000000e+02,-1.747000000000000000e+03
6.620000000000000000e+02,-1.676000000000000000e+03
7.160000000000000000e+02,-1.587000000000000000e+03
7.720000000000000000e+02,-1.495000000000000000e+03
8.230000000000000000e+02,-1.403000000000000000e+03
8.670000000000000000e+02,-1.323000000000000000e+03
9.040000000000000000e+02,-1.251000000000000000e+03
9.270000000000000000e+02,-1.200000000000000000e+03
9.440000000000000000e+02,-1.163000000000000000e+03
9.440000000000000000e+02,-1.163000000000000000e+03
9.440000000000000000e+02,-1.163000000000000000e+03
9.390000000000000000e+02,-1.222000000000000000e+03
9.350000000000000000e+02,-1.287000000000000000e+03
9.350000000000000000e+02,-1.379000000000000000e+03
9.450000000000000000e+02,-1.471000000000000000e+03
9.560000000000000000e+02,-1.570000000000000000e+03
9.800000000000000000e+02,-1.662000000000000000e+03
1.007000000000000000e+03,-1.745000000000000000e+03
1.048000000000000000e+03,-1.806000000000000000e+03
1.091000000000000000e+03,-1.849000000000000000e+03
1.141000000000000000e+03,-1.867000000000000000e+03
1.186000000000000000e+03,-1.858000000000000000e+03
1.232000000000000000e+03,-1.836000000000000000e+03
1.277000000000000000e+03,-1.803000000000000000e+03
1.315000000000000000e+03,-1.753000000000000000e+03
1.345000000000000000e+03,-1.692000000000000000e+03
1.364000000000000000e+03,-1.622000000000000000e+03
1.373000000000000000e+03,-1.546000000000000000e+03
1.370000000000000000e+03,-1.468000000000000000e+03
1.355000000000000000e+03,-1.394000000000000000e+03
1.328000000000000000e+03,-1.328000000000000000e+03
1.292000000000000000e+03,-1.271000000000000000e+03
1.254000000000000000e+03,-1.228000000000000000e+03
1.212000000000000000e+03,-1.201000000000000000e+03
1.176000000000000000e+03,-1.188000000000000000e+03
1.146000000000000000e+03,-1.186000000000000000e+03
1.125000000000000000e+03,-1.195000000000000000e+03
1.117000000000000000e+03,-1.209000000000000000e+03
1.123000000000000000e+03,-1.224000000000000000e+03
1.144000000000000000e+03,-1.239000000000000000e+03
1.180000000000000000e+03,-1.252000000000000000e+03
1.226000000000000000e+03,-1.266000000000000000e+03
1.277000000000000000e+03,-1.280000000000000000e+03
1.334000000000000000e+03,-1.292000000000000000e+03
1.393000000000000000e+03,-1.304000000000000000e+03
1.455000000000000000e+03,-1.310000000000000000e+03
1.512000000000000000e+03,-1.314000000000000000e+03
1.565000000000000000e+03,-1.313000000000000000e+03
1.616000000000000000e+03,-1.304000000000000000e+03
1.657000000000000000e+03,-1.292000000000000000e+03
1.679000000000000000e+03,-1.283000000000000000e+03
1.694000000000000000e+03,-1.264000000000000000e+03
1.694000000000000000e+03,-1.264000000000000000e+03
