-2.867926599506325225e-01,9.559755331687644006e-03
-2.867926599506325225e-01,9.559755331687644006e-03
-2.867926599506325225e-01,9.559755331687644006e-03
-2.386855040879457823e-01,9.559755331687644006e-03
-2.386855040879457823e-01,9.559755331687644006e-03
-1.625158406386917886e-01,9.559755331687644006e-03
-1.023818958103333565e-01,-6.475963289207935757e-03
-1.819437305063155777e-02,-1.449382259965572607e-02
9.004672764041360411e-02,-2.251168191010351552e-02
2.143235469523543379e-01,-2.652061156532740938e-02
3.185557179881756129e-01,-2.251168191010351552e-02
4.428325373001163467e-01,1.541896021239854342e-03
5.550825676463854164e-01,3.361333326303101582e-02
