9.150000000000000000e+02,-1.358000000000000000e+03
9.080000000000000000e+02,-1.338000000000000000e+03
9.080000000000000000e+02,-1.338000000000000000e+03
9.080000000000000000e+02,-1.338000000000000000e+03
9.000000000000000000e+02,-1.317000000000000000e+03
9.000000000000000000e+02,-1.317000000000000000e+03
9.000000000000000000e+02,-1.317000000000000000e+03
9.000000000000000000e+02,-1.317000000000000000e+03
9.080000000000000000e+02,-1.302000000000000000e+03
9.080000000000000000e+02,-1.302000000000000000e+03
9.080000000000000000e+02,-1.302000000000000000e+03
9.080000000000000000e+02,-1.302000000000000000e+03
9.080000000000000000e+02,-1.302000000000000000e+03
9.120000000000000000e+02,-1.317000000000000000e+03
9.120000000000000000e+02,-1.317000000000000000e+03
9.120000000000000000e+02,-1.317000000000000000e+03
9.120000000000000000e+02,-1.317000000000000000e+03
9.120000000000000000e+02,-1.317000000000000000e+03
9.120000000000000000e+02,-1.317000000000000000e+03
9.090000000000000000e+02,-1.331000000000000000e+03
9.090000000000000000e+02,-1.331000000000000000e+03
9.090000000000000000e+02,-1.331000000000000000e+03
9.090000000000000000e+02,-1.331000000000000000e+03
9.090000000000000000e+02,-1.331000000000000000e+03
9.090000000000000000e+02,-1.331000000000000000e+03
9.030000000000000000e+02,-1.344000000000000000e+03
9.030000000000000000e+02,-1.344000000000000000e+03
8.980000000000000000e+02,-1.364000000000000000e+03
8.940000000000000000e+02,-1.379000000000000000e+03
8.860000000000000000e+02,-1.400000000000000000e+03
8.830000000000000000e+02,-1.427000000000000000e+03
8.730000000000000000e+02,-1.463000000000000000e+03
8.650000000000000000e+02,-1.504000000000000000e+03
8.560000000000000000e+02,-1.554000000000000000e+03
8.490000000000000000e+02,-1.607000000000000000e+03
8.400000000000000000e+02,-1.661000000000000000e+03
8.340000000000000000e+02,-1.712000000000000000e+03
8.280000000000000000e+02,-1.760000000000000000e+03
8.220000000000000000e+02,-1.804000000000000000e+03
8.230000000000000000e+02,-1.837000000000000000e+03
8.190000000000000000e+02,-1.869000000000000000e+03
8.190000000000000000e+02,-1.869000000000000000e+03
8.410000000000000000e+02,-1.878000000000000000e+03
8.410000000000000000e+02,-1.878000000000000000e+03
8.700000000000000000e+02,-1.863000000000000000e+03
8.850000000000000000e+02,-1.849000000000000000e+03
