7.450000000000000000e+02,-1.804000000000000000e+03
7.690000000000000000e+02,-1.793000000000000000e+03
7.840000000000000000e+02,-1.792000000000000000e+03
8.100000000000000000e+02,-1.786000000000000000e+03
8.340000000000000000e+02,-1.784000000000000000e+03
8.610000000000000000e+02,-1.784000000000000000e+03
8.890000000000000000e+02,-1.786000000000000000e+03
9.180000000000000000e+02,-1.789000000000000000e+03
9.470000000000000000e+02,-1.793000000000000000e+03
9.620000000000000000e+02,-1.801000000000000000e+03
9.930000000000000000e+02,-1.795000000000000000e+03
1.007000000000000000e+03,-1.801000000000000000e+03
1.031000000000000000e+03,-1.789000000000000000e+03
