4.810000000000000000e+02,-8.080000000000000000e+02
4.810000000000000000e+02,-8.080000000000000000e+02
4.830000000000000000e+02,-7.930000000000000000e+02
4.830000000000000000e+02,-7.930000000000000000e+02
5.010000000000000000e+02,-7.750000000000000000e+02
5.190000000000000000e+02,-7.630000000000000000e+02
5.400000000000000000e+02,-7.560000000000000000e+02
5.670000000000000000e+02,-7.450000000000000000e+02
5.950000000000000000e+02,-7.410000000000000000e+02
6.270000000000000000e+02,-7.360000000000000000e+02
6.550000000000000000e+02,-7.360000000000000000e+02
6.850000000000000000e+02,-7.390000000000000000e+02
7.070000000000000000e+02,-7.510000000000000000e+02
7.240000000000000000e+02,-7.630000000000000000e+02
7.310000000000000000e+02,-7.800000000000000000e+02
7.310000000000000000e+02,-7.990000000000000000e+02
7.190000000000000000e+02,-8.200000000000000000e+02
7.000000000000000000e+02,-8.440000000000000000e+02
6.730000000000000000e+02,-8.680000000000000000e+02
6.420000000000000000e+02,-8.960000000000000000e+02
6.070000000000000000e+02,-9.200000000000000000e+02
5.720000000000000000e+02,-9.450000000000000000e+02
5.370000000000000000e+02,-9.700000000000000000e+02
5.060000000000000000e+02,-9.950000000000000000e+02
4.790000000000000000e+02,-1.018000000000000000e+03
4.580000000000000000e+02,-1.040000000000000000e+03
4.410000000000000000e+02,-1.063000000000000000e+03
4.300000000000000000e+02,-1.084000000000000000e+03
4.240000000000000000e+02,-1.103000000000000000e+03
4.210000000000000000e+02,-1.123000000000000000e+03
4.210000000000000000e+02,-1.142000000000000000e+03
4.240000000000000000e+02,-1.163000000000000000e+03
4.300000000000000000e+02,-1.180000000000000000e+03
4.410000000000000000e+02,-1.197000000000000000e+03
4.550000000000000000e+02,-1.214000000000000000e+03
4.730000000000000000e+02,-1.228000000000000000e+03
4.960000000000000000e+02,-1.240000000000000000e+03
5.240000000000000000e+02,-1.247000000000000000e+03
5.520000000000000000e+02,-1.251000000000000000e+03
5.800000000000000000e+02,-1.251000000000000000e+03
6.090000000000000000e+02,-1.248000000000000000e+03
6.290000000000000000e+02,-1.246000000000000000e+03
6.430000000000000000e+02,-1.236000000000000000e+03
6.580000000000000000e+02,-1.224000000000000000e+03
6.620000000000000000e+02,-1.212000000000000000e+03
6.640000000000000000e+02,-1.196000000000000000e+03
