-5.061273689720167113e-01,1.123502535876496511e+00
-5.061273689720167113e-01,1.123502535876496511e+00
-5.061273689720167113e-01,1.123502535876496511e+00
-5.061273689720167113e-01,1.123502535876496511e+00
-5.061273689720167113e-01,1.123502535876496511e+00
-4.219398462123149507e-01,1.131520395186944361e+00
-3.056808862108220115e-01,1.107466817255601033e+00
-1.493326296570900991e-01,1.107466817255601033e+00
3.507813448320908079e-02,1.087422168979481407e+00
2.315156875891799249e-01,1.071386450358585929e+00
4.199353813847029882e-01,1.039315013116794750e+00
5.883104269041066203e-01,9.831899979436602433e-01
7.045693869055995595e-01,9.070203344944062218e-01
7.687122613891818057e-01,7.787345855272416184e-01
7.406497538026145522e-01,6.103595400078379862e-01
6.724979496638083809e-01,4.219398462123149507e-01
5.361943413861959273e-01,1.894219262093290446e-01
3.998907331085835293e-01,-3.507813448320908079e-02
2.315156875891799249e-01,-2.956585620727622543e-01
1.112477979324630883e-01,-5.121407634548525989e-01
3.006697241417921260e-03,-7.366408241473907381e-01
-4.510045862126881716e-02,-9.050158696667942593e-01
-4.510045862126881716e-02,-1.045328407599630527e+00
-5.011162069029869055e-03,-1.153569508290675838e+00
1.192656572429108691e-01,-1.185640945532467017e+00
2.275067579339560275e-01,-1.225730242084705823e+00
3.758371551772401453e-01,-1.197667734498138570e+00
5.361943413861959273e-01,-1.141542719325004063e+00
6.724979496638083809e-01,-1.085417704151869556e+00
8.248372765623164238e-01,-1.009248040702615645e+00
