3.460000000000000000e+02,-7.700000000000000000e+02
3.460000000000000000e+02,-7.700000000000000000e+02
3.460000000000000000e+02,-7.700000000000000000e+02
3.460000000000000000e+02,-7.700000000000000000e+02
3.460000000000000000e+02,-7.700000000000000000e+02
3.460000000000000000e+02,-7.800000000000000000e+02
3.460000000000000000e+02,-7.800000000000000000e+02
3.370000000000000000e+02,-7.880000000000000000e+02
3.370000000000000000e+02,-7.880000000000000000e+02
3.280000000000000000e+02,-7.920000000000000000e+02
3.280000000000000000e+02,-7.920000000000000000e+02
3.280000000000000000e+02,-7.920000000000000000e+02
3.280000000000000000e+02,-7.920000000000000000e+02
3.280000000000000000e+02,-7.920000000000000000e+02
3.280000000000000000e+02,-7.920000000000000000e+02
3.330000000000000000e+02,-7.810000000000000000e+02
3.330000000000000000e+02,-7.810000000000000000e+02
3.330000000000000000e+02,-7.810000000000000000e+02
3.460000000000000000e+02,-7.790000000000000000e+02
3.460000000000000000e+02,-7.790000000000000000e+02
