9.870000000000000000e+02,-1.260000000000000000e+03
9.770000000000000000e+02,-1.195000000000000000e+03
9.770000000000000000e+02,-1.195000000000000000e+03
9.770000000000000000e+02,-1.195000000000000000e+03
9.770000000000000000e+02,-1.195000000000000000e+03
9.770000000000000000e+02,-1.195000000000000000e+03
9.770000000000000000e+02,-1.195000000000000000e+03
9.770000000000000000e+02,-1.195000000000000000e+03
9.090000000000000000e+02,-1.165000000000000000e+03
9.090000000000000000e+02,-1.165000000000000000e+03
9.090000000000000000e+02,-1.165000000000000000e+03
9.090000000000000000e+02,-1.165000000000000000e+03
8.460000000000000000e+02,-1.209000000000000000e+03
8.460000000000000000e+02,-1.209000000000000000e+03
8.460000000000000000e+02,-1.209000000000000000e+03
7.960000000000000000e+02,-1.298000000000000000e+03
7.960000000000000000e+02,-1.298000000000000000e+03
7.720000000000000000e+02,-1.378000000000000000e+03
7.720000000000000000e+02,-1.378000000000000000e+03
7.600000000000000000e+02,-1.471000000000000000e+03
7.600000000000000000e+02,-1.471000000000000000e+03
7.610000000000000000e+02,-1.570000000000000000e+03
7.610000000000000000e+02,-1.570000000000000000e+03
7.810000000000000000e+02,-1.661000000000000000e+03
7.810000000000000000e+02,-1.661000000000000000e+03
8.130000000000000000e+02,-1.739000000000000000e+03
8.130000000000000000e+02,-1.739000000000000000e+03
8.130000000000000000e+02,-1.739000000000000000e+03
8.830000000000000000e+02,-1.812000000000000000e+03
8.830000000000000000e+02,-1.812000000000000000e+03
8.830000000000000000e+02,-1.812000000000000000e+03
9.630000000000000000e+02,-1.806000000000000000e+03
9.630000000000000000e+02,-1.806000000000000000e+03
1.024000000000000000e+03,-1.762000000000000000e+03
1.024000000000000000e+03,-1.762000000000000000e+03
1.076000000000000000e+03,-1.694000000000000000e+03
1.076000000000000000e+03,-1.694000000000000000e+03
1.120000000000000000e+03,-1.611000000000000000e+03
1.120000000000000000e+03,-1.611000000000000000e+03
1.140000000000000000e+03,-1.516000000000000000e+03
1.140000000000000000e+03,-1.516000000000000000e+03
1.134000000000000000e+03,-1.414000000000000000e+03
1.134000000000000000e+03,-1.414000000000000000e+03
1.103000000000000000e+03,-1.310000000000000000e+03
1.103000000000000000e+03,-1.310000000000000000e+03
1.055000000000000000e+03,-1.215000000000000000e+03
1.055000000000000000e+03,-1.215000000000000000e+03
9.980000000000000000e+02,-1.144000000000000000e+03
9.980000000000000000e+02,-1.144000000000000000e+03
9.360000000000000000e+02,-1.114000000000000000e+03
9.360000000000000000e+02,-1.114000000000000000e+03
9.360000000000000000e+02,-1.114000000000000000e+03
8.760000000000000000e+02,-1.127000000000000000e+03
8.760000000000000000e+02,-1.127000000000000000e+03
8.760000000000000000e+02,-1.127000000000000000e+03
