-5.513579876470265928e-01,8.681154944312104993e-01
-5.513579876470265928e-01,8.681154944312104993e-01
-5.152776207500114891e-01,9.041958613282256030e-01
-5.152776207500114891e-01,9.041958613282256030e-01
-4.471258166112053178e-01,9.242405096043451174e-01
-3.709561531619513519e-01,9.523030171909123709e-01
-2.987954193679212000e-01,9.482940875356884458e-01
-1.945632483320999528e-01,9.763565951222556993e-01
-8.632214764105479443e-02,9.843744544327034385e-01
4.196360132610985061e-02,9.964012433983752137e-01
1.502047020171550229e-01,1.004419102708822953e+00
2.704725916738718872e-01,1.020454821329718431e+00
3.747047627096931066e-01,1.028472680640166281e+00
4.669101447798427174e-01,1.040499469605838057e+00
5.390708785738728137e-01,1.056535188226733535e+00
5.911869640917835067e-01,1.056535188226733535e+00
6.513209089201418278e-01,1.080588766158076863e+00
6.513209089201418278e-01,1.080588766158076863e+00
6.513209089201418278e-01,1.080588766158076863e+00
6.513209089201418278e-01,1.080588766158076863e+00
6.152405420231268351e-01,1.080588766158076863e+00
