4.750000000000000000e+02,-7.550000000000000000e+02
4.750000000000000000e+02,-7.550000000000000000e+02
4.750000000000000000e+02,-7.550000000000000000e+02
4.750000000000000000e+02,-7.550000000000000000e+02
4.750000000000000000e+02,-7.550000000000000000e+02
4.330000000000000000e+02,-7.590000000000000000e+02
4.330000000000000000e+02,-7.590000000000000000e+02
4.330000000000000000e+02,-7.590000000000000000e+02
3.960000000000000000e+02,-7.990000000000000000e+02
3.960000000000000000e+02,-7.990000000000000000e+02
3.700000000000000000e+02,-8.500000000000000000e+02
3.700000000000000000e+02,-8.500000000000000000e+02
3.540000000000000000e+02,-9.200000000000000000e+02
3.540000000000000000e+02,-9.200000000000000000e+02
3.410000000000000000e+02,-1.000000000000000000e+03
3.400000000000000000e+02,-1.041000000000000000e+03
3.420000000000000000e+02,-1.082000000000000000e+03
3.420000000000000000e+02,-1.082000000000000000e+03
3.560000000000000000e+02,-1.153000000000000000e+03
3.560000000000000000e+02,-1.153000000000000000e+03
3.900000000000000000e+02,-1.210000000000000000e+03
3.900000000000000000e+02,-1.210000000000000000e+03
4.380000000000000000e+02,-1.246000000000000000e+03
4.380000000000000000e+02,-1.246000000000000000e+03
4.910000000000000000e+02,-1.262000000000000000e+03
4.910000000000000000e+02,-1.262000000000000000e+03
5.480000000000000000e+02,-1.250000000000000000e+03
5.480000000000000000e+02,-1.250000000000000000e+03
5.960000000000000000e+02,-1.216000000000000000e+03
5.960000000000000000e+02,-1.216000000000000000e+03
6.370000000000000000e+02,-1.163000000000000000e+03
6.370000000000000000e+02,-1.163000000000000000e+03
6.680000000000000000e+02,-1.091000000000000000e+03
6.800000000000000000e+02,-1.050000000000000000e+03
6.860000000000000000e+02,-1.006000000000000000e+03
6.880000000000000000e+02,-9.630000000000000000e+02
6.860000000000000000e+02,-9.180000000000000000e+02
6.790000000000000000e+02,-8.740000000000000000e+02
6.680000000000000000e+02,-8.330000000000000000e+02
6.680000000000000000e+02,-8.330000000000000000e+02
6.270000000000000000e+02,-7.650000000000000000e+02
6.270000000000000000e+02,-7.650000000000000000e+02
5.690000000000000000e+02,-7.250000000000000000e+02
5.690000000000000000e+02,-7.250000000000000000e+02
5.050000000000000000e+02,-7.100000000000000000e+02
5.050000000000000000e+02,-7.100000000000000000e+02
4.540000000000000000e+02,-7.230000000000000000e+02
4.540000000000000000e+02,-7.230000000000000000e+02
4.540000000000000000e+02,-7.230000000000000000e+02
