6.311494380275604887e-02,8.182328219380056167e-01
1.553203258729056457e-01,8.382774702141251311e-01
1.553203258729056457e-01,8.382774702141251311e-01
2.395078486326074341e-01,8.863846260768117880e-01
2.395078486326074341e-01,8.863846260768117880e-01
2.956328638057419411e-01,9.385007115947224809e-01
2.956328638057419411e-01,9.385007115947224809e-01
2.715792858743986127e-01,9.946257267678569880e-01
2.715792858743986127e-01,9.946257267678569880e-01
1.553203258729056457e-01,1.030706093664871981e+00
7.514173276842774085e-02,1.030706093664871981e+00
-2.107257895694573946e-02,1.006652515733528652e+00
-1.172868906823192198e-01,9.745810784917374736e-01
-2.014744134420210220e-01,9.224649929738268916e-01
-2.575994286151555568e-01,8.503042591797967953e-01
-2.816530065464988852e-01,7.661167364200950347e-01
-2.736351472360511461e-01,6.859381433156170882e-01
-2.215190617181404809e-01,6.177863391768109169e-01
-1.293136796479908979e-01,5.576523943484524848e-01
-1.305471964649795001e-02,5.416166757275568955e-01
1.192399589758905837e-01,5.416166757275568955e-01
2.515346375982790983e-01,5.696791833141241490e-01
3.677935975997720930e-01,6.258041984872586561e-01
4.559900500146977786e-01,7.099917212469604166e-01
5.281507838087278195e-01,8.182328219380056167e-01
5.281507838087278195e-01,8.182328219380056167e-01
5.000882762221605660e-01,9.344917819394985559e-01
4.038739644967871412e-01,9.344917819394985559e-01
