9.530000000000000000e+02,-1.399000000000000000e+03
9.530000000000000000e+02,-1.399000000000000000e+03
9.530000000000000000e+02,-1.399000000000000000e+03
9.530000000000000000e+02,-1.399000000000000000e+03
9.530000000000000000e+02,-1.399000000000000000e+03
9.530000000000000000e+02,-1.399000000000000000e+03
9.530000000000000000e+02,-1.399000000000000000e+03
9.480000000000000000e+02,-1.381000000000000000e+03
9.480000000000000000e+02,-1.381000000000000000e+03
9.480000000000000000e+02,-1.381000000000000000e+03
9.480000000000000000e+02,-1.381000000000000000e+03
9.480000000000000000e+02,-1.381000000000000000e+03
9.260000000000000000e+02,-1.391000000000000000e+03
9.260000000000000000e+02,-1.391000000000000000e+03
8.980000000000000000e+02,-1.408000000000000000e+03
8.790000000000000000e+02,-1.418000000000000000e+03
8.530000000000000000e+02,-1.438000000000000000e+03
8.250000000000000000e+02,-1.453000000000000000e+03
7.910000000000000000e+02,-1.474000000000000000e+03
7.580000000000000000e+02,-1.495000000000000000e+03
7.240000000000000000e+02,-1.518000000000000000e+03
6.930000000000000000e+02,-1.533000000000000000e+03
6.660000000000000000e+02,-1.554000000000000000e+03
6.500000000000000000e+02,-1.572000000000000000e+03
6.330000000000000000e+02,-1.587000000000000000e+03
6.320000000000000000e+02,-1.602000000000000000e+03
6.380000000000000000e+02,-1.620000000000000000e+03
6.590000000000000000e+02,-1.638000000000000000e+03
6.890000000000000000e+02,-1.653000000000000000e+03
7.300000000000000000e+02,-1.677000000000000000e+03
7.790000000000000000e+02,-1.696000000000000000e+03
8.350000000000000000e+02,-1.712000000000000000e+03
8.980000000000000000e+02,-1.727000000000000000e+03
9.590000000000000000e+02,-1.739000000000000000e+03
1.021000000000000000e+03,-1.745000000000000000e+03
1.075000000000000000e+03,-1.757000000000000000e+03
1.120000000000000000e+03,-1.762000000000000000e+03
1.155000000000000000e+03,-1.762000000000000000e+03
1.179000000000000000e+03,-1.762000000000000000e+03
