5.240000000000000000e+02,-8.880000000000000000e+02
5.240000000000000000e+02,-8.880000000000000000e+02
5.240000000000000000e+02,-8.880000000000000000e+02
5.240000000000000000e+02,-8.880000000000000000e+02
5.240000000000000000e+02,-8.880000000000000000e+02
5.240000000000000000e+02,-8.880000000000000000e+02
5.770000000000000000e+02,-9.120000000000000000e+02
5.770000000000000000e+02,-9.120000000000000000e+02
6.050000000000000000e+02,-9.590000000000000000e+02
6.050000000000000000e+02,-9.590000000000000000e+02
6.220000000000000000e+02,-1.032000000000000000e+03
6.220000000000000000e+02,-1.032000000000000000e+03
6.190000000000000000e+02,-1.110000000000000000e+03
6.190000000000000000e+02,-1.110000000000000000e+03
5.930000000000000000e+02,-1.171000000000000000e+03
5.930000000000000000e+02,-1.171000000000000000e+03
5.490000000000000000e+02,-1.195000000000000000e+03
5.490000000000000000e+02,-1.195000000000000000e+03
5.080000000000000000e+02,-1.170000000000000000e+03
5.080000000000000000e+02,-1.170000000000000000e+03
4.870000000000000000e+02,-1.109000000000000000e+03
4.890000000000000000e+02,-1.069000000000000000e+03
5.000000000000000000e+02,-1.029000000000000000e+03
5.000000000000000000e+02,-1.029000000000000000e+03
5.460000000000000000e+02,-9.550000000000000000e+02
5.460000000000000000e+02,-9.550000000000000000e+02
6.010000000000000000e+02,-9.100000000000000000e+02
6.010000000000000000e+02,-9.100000000000000000e+02
6.500000000000000000e+02,-8.920000000000000000e+02
6.500000000000000000e+02,-8.920000000000000000e+02
