-1.441369295563118103e+00,8.294030020029881101e-01
-1.441369295563118103e+00,8.294030020029881101e-01
-1.313083546595953388e+00,8.173762130373164458e-01
-1.248940672112371253e+00,7.853047757955252672e-01
-1.156735290042221642e+00,7.853047757955252672e-01
-1.056512048661624181e+00,7.612511978641819388e-01
-9.402530886601312421e-01,7.452154792432863495e-01
-8.199851990034143778e-01,7.331886902776146853e-01
-6.916994500362497744e-01,7.171529716567190960e-01
-5.674226307243089851e-01,7.131440420014951709e-01
-4.311190224466965870e-01,7.011172530358235067e-01
-3.068422031347558532e-01,6.890904640701518424e-01
-1.865743134780390167e-01,6.810726047597039923e-01
-7.031535347654606360e-02,6.690458157940323280e-01
3.391681755927521136e-02,6.690458157940323280e-01
1.221132699742008970e-01,6.650368861388084030e-01
2.063007927339026992e-01,6.650368861388084030e-01
2.864793858383806180e-01,6.650368861388084030e-01
3.546311899771867893e-01,6.690458157940323280e-01
4.147651348055452214e-01,6.930993937253756565e-01
4.668812203234558589e-01,7.051261826910474317e-01
4.668812203234558589e-01,7.051261826910474317e-01
5.510687430831576750e-01,7.492244088985102746e-01
5.510687430831576750e-01,7.492244088985102746e-01
6.071937582562921820e-01,7.692690571746296779e-01
6.071937582562921820e-01,7.692690571746296779e-01
6.071937582562921820e-01,7.692690571746296779e-01
6.192205472219638462e-01,7.131440420014951709e-01
6.192205472219638462e-01,7.131440420014951709e-01
5.831401803249488536e-01,6.089118709656738959e-01
5.590866023936054141e-01,5.327422075164198745e-01
5.270151651518142355e-01,4.365278957910464497e-01
4.989526575652470375e-01,3.282867951000012496e-01
4.548544313577841947e-01,2.120278350985083105e-01
4.147651348055452214e-01,6.770636751044810386e-02
3.586401196324107143e-01,-8.463295938805989738e-02
3.065240341145000769e-01,-2.530080049074635018e-01
2.383722299756938501e-01,-4.334098393925387427e-01
1.662114961816637537e-01,-6.298473924985096284e-01
8.603290307718584884e-02,-8.222760159492565890e-01
9.863239627931841280e-03,-9.986689207791079603e-01
-6.229749416609826895e-02,-1.167043966298511481e+00
-1.224314389944566872e-01,-1.299338644920900121e+00
-1.785564541675912220e-01,-1.415597604922393060e+00
-2.146368210646062702e-01,-1.487758338716423046e+00
-2.627439769272930103e-01,-1.547892283544781478e+00
-2.627439769272930103e-01,-1.547892283544781478e+00
-2.627439769272930103e-01,-1.547892283544781478e+00
-3.469314996869948264e-01,-1.559919072510453253e+00
-3.429225700317709014e-01,-1.499785127682094821e+00
-4.030565148601293335e-01,-1.487758338716423046e+00
