-9.373606430214413976e-01,-6.778735598833164622e-02
-8.571820499169634511e-01,-5.576056702265996118e-02
-7.529498788811421761e-01,-7.653411159973221890e-03
-6.206552002587536476e-01,2.842695573704183409e-02
-4.322355064632306121e-01,4.446267435793740952e-02
-1.676461492184535274e-01,6.450732263405688227e-02
1.530682231994580644e-01,5.648946332360909456e-02
4.858093845830413482e-01,4.045374470271351913e-02
7.744523197591617336e-01,-7.653411159973221890e-03
1.071113114245729969e+00,-2.769805943609269724e-02
1.283586385972596444e+00,-6.778735598833164622e-02
