-5.855709916397038306e-01,-3.233869921880584003e-02
-5.855709916397038306e-01,-3.233869921880584003e-02
-5.855709916397038306e-01,-3.233869921880584003e-02
-4.933656095695542199e-01,-4.436548818447752507e-02
-4.933656095695542199e-01,-4.436548818447752507e-02
-3.490441419814939716e-01,-4.035655852925363468e-02
-2.768834081874638753e-01,-5.238334749492531972e-02
-1.365708702546275799e-01,-2.832976956358194617e-02
-4.276191632239034063e-03,-3.233869921880584003e-02
1.560809945767167584e-01,-8.285121287462473422e-03
3.284649697513442601e-01,2.779524560955258169e-02
4.888221559603000421e-01,3.180417526477647555e-02
6.652150607901514690e-01,6.387561250656763334e-02
8.536347545856745045e-01,9.995597940358269540e-02
1.018000870449854212e+00,1.240095573349260655e-01
