7.400000000000000000e+02,-1.412000000000000000e+03
7.400000000000000000e+02,-1.412000000000000000e+03
7.400000000000000000e+02,-1.412000000000000000e+03
6.770000000000000000e+02,-1.329000000000000000e+03
6.770000000000000000e+02,-1.329000000000000000e+03
6.770000000000000000e+02,-1.329000000000000000e+03
6.350000000000000000e+02,-1.267000000000000000e+03
6.350000000000000000e+02,-1.267000000000000000e+03
6.350000000000000000e+02,-1.267000000000000000e+03
6.350000000000000000e+02,-1.267000000000000000e+03
6.350000000000000000e+02,-1.267000000000000000e+03
6.350000000000000000e+02,-1.267000000000000000e+03
6.350000000000000000e+02,-1.267000000000000000e+03
7.210000000000000000e+02,-1.304000000000000000e+03
7.210000000000000000e+02,-1.304000000000000000e+03
8.070000000000000000e+02,-1.382000000000000000e+03
8.070000000000000000e+02,-1.382000000000000000e+03
9.000000000000000000e+02,-1.481000000000000000e+03
9.000000000000000000e+02,-1.481000000000000000e+03
9.860000000000000000e+02,-1.585000000000000000e+03
9.860000000000000000e+02,-1.585000000000000000e+03
1.048000000000000000e+03,-1.676000000000000000e+03
1.048000000000000000e+03,-1.676000000000000000e+03
1.090000000000000000e+03,-1.756000000000000000e+03
1.090000000000000000e+03,-1.756000000000000000e+03
1.111000000000000000e+03,-1.819000000000000000e+03
1.111000000000000000e+03,-1.819000000000000000e+03
1.111000000000000000e+03,-1.819000000000000000e+03
1.116000000000000000e+03,-1.893000000000000000e+03
1.116000000000000000e+03,-1.893000000000000000e+03
1.116000000000000000e+03,-1.893000000000000000e+03
1.116000000000000000e+03,-1.893000000000000000e+03
1.116000000000000000e+03,-1.893000000000000000e+03
1.082000000000000000e+03,-1.968000000000000000e+03
1.082000000000000000e+03,-1.968000000000000000e+03
1.082000000000000000e+03,-1.968000000000000000e+03
1.082000000000000000e+03,-1.968000000000000000e+03
1.082000000000000000e+03,-1.968000000000000000e+03
