-6.428384783409568648e-01,4.537579719648623597e-03
-6.428384783409568648e-01,4.537579719648623597e-03
-6.989634935140913718e-01,-3.555171683259032711e-02
-6.989634935140913718e-01,-3.555171683259032711e-02
-7.631063679976737291e-01,-9.568566166094874537e-02
-7.911688755842409826e-01,-1.317660285579637935e-01
-8.152224535155843110e-01,-1.838821140758744310e-01
-8.352671017917038254e-01,-2.359981995937850685e-01
-8.513028204125994147e-01,-2.841053554564718087e-01
-8.673385390334950040e-01,-3.442393002848302408e-01
-8.713474686887188181e-01,-4.003643154579647478e-01
-8.713474686887188181e-01,-4.604982602863231800e-01
-8.673385390334950040e-01,-5.166232754594577425e-01
-8.593206797230471539e-01,-5.807661499430399887e-01
-8.432849611021515646e-01,-6.328822354609506817e-01
-8.192313831708082361e-01,-6.809893913236374496e-01
-7.911688755842409826e-01,-7.290965471863241065e-01
-7.470706493767781398e-01,-7.691858437385631353e-01
-7.069813528245392220e-01,-8.052662106355781280e-01
-6.628831266170763792e-01,-8.213019292564737173e-01
-5.987402521334940220e-01,-8.293197885669215674e-01
-5.265795183394639256e-01,-8.293197885669215674e-01
-4.504098548902099042e-01,-8.092751402908020530e-01
-3.742401914409558827e-01,-7.892304920146825387e-01
-2.900526686812541222e-01,-7.491411954624436209e-01
-2.138830052320001007e-01,-7.010340395997568530e-01
-1.296954824722983124e-01,-6.409000947713984209e-01
-6.154367833349209949e-02,-5.847750795982639138e-01
2.599196150090222601e-03,-5.206322051146815566e-01
5.070635201277696319e-02,-4.564893306310993104e-01
9.480457822023979908e-02,-3.803196671818452890e-01
1.228670858068070665e-01,-3.121678630430390622e-01
1.469206637381504366e-01,-2.440160589042328632e-01
1.589474527038221285e-01,-1.718553251102027668e-01
1.629563823590460259e-01,-9.568566166094874537e-02
1.509295933933743339e-01,-3.154278717736642978e-02
1.308849451172548473e-01,2.859115765099199194e-02
1.068313671859114911e-01,8.471617282412652328e-02
7.075100028889644288e-02,1.288143990315893661e-01
2.264384442620969579e-02,1.608858362733805170e-01
-3.348117074692483208e-02,1.889483438599477982e-01
-8.559725626483546956e-02,2.049840624808433598e-01
-1.377133417827461070e-01,2.170108514465150518e-01
-1.818115679902089499e-01,2.250287107569628464e-01
-2.178919348872239981e-01,2.290376404121867437e-01
-2.539723017842390740e-01,2.210197811017389491e-01
-2.539723017842390740e-01,2.210197811017389491e-01
-2.940615983364779917e-01,1.849394142047239009e-01
-2.940615983364779917e-01,1.849394142047239009e-01
-2.940615983364779917e-01,1.127786804106937907e-01
-2.900526686812541222e-01,6.467152454800705053e-02
-2.700080204051346078e-01,5.286500644247283309e-04
-2.579812314394629436e-01,-5.559636510870979986e-02
-2.299187238528956900e-01,-1.157303099370682181e-01
-1.938383569558806419e-01,-1.798731844206505337e-01
-1.537490604036416686e-01,-2.279803402833372739e-01
-1.016329748857310450e-01,-2.760874961460240140e-01
-4.951688936782041445e-02,-3.121678630430390622e-01
2.264384442620969579e-02,-3.362214409743824461e-01
9.079564856501591563e-02,-3.562660892505019050e-01
1.749831713247177178e-01,-3.562660892505019050e-01
2.511528347739717115e-01,-3.682928782161736248e-01
3.393492871888973972e-01,-3.602750189057258301e-01
4.155189506381514186e-01,-3.562660892505019050e-01
4.796618251217337203e-01,-3.442393002848302408e-01
5.438046996053160775e-01,-3.322125113191585766e-01
5.919118554680027344e-01,-3.201857223534868568e-01
6.400190113306895023e-01,-3.001410740773673980e-01
6.400190113306895023e-01,-3.001410740773673980e-01
7.081708154694956736e-01,-2.720785664908001444e-01
7.482601120217347024e-01,-2.400071292490089658e-01
7.482601120217347024e-01,-2.400071292490089658e-01
7.843404789187496950e-01,-2.039267623519939177e-01
