6.980000000000000000e+02,-9.130000000000000000e+02
6.980000000000000000e+02,-9.130000000000000000e+02
6.980000000000000000e+02,-9.130000000000000000e+02
6.980000000000000000e+02,-9.130000000000000000e+02
7.060000000000000000e+02,-9.270000000000000000e+02
7.120000000000000000e+02,-9.450000000000000000e+02
7.160000000000000000e+02,-9.650000000000000000e+02
7.190000000000000000e+02,-9.900000000000000000e+02
7.220000000000000000e+02,-1.019000000000000000e+03
7.220000000000000000e+02,-1.050000000000000000e+03
7.240000000000000000e+02,-1.085000000000000000e+03
7.280000000000000000e+02,-1.117000000000000000e+03
7.240000000000000000e+02,-1.154000000000000000e+03
7.310000000000000000e+02,-1.179000000000000000e+03
