1.482547570611105099e-02,2.583830802973973828e+00
-2.125489119090400239e-02,2.427482546420241860e+00
-1.724596153568010853e-02,2.239062852624718936e+00
-4.931739877747126632e-02,1.954428847103822475e+00
-6.535311739836684175e-02,1.609660896754567361e+00
-8.940669532971021183e-02,1.180705423645610708e+00
-1.094513436058296985e-01,7.156695836396388399e-01
-1.094513436058296985e-01,2.386069546679953635e-01
-1.094513436058296985e-01,-2.825539005111110114e-01
-7.737990636403853373e-02,-7.395718812066349734e-01
-6.535311739836684175e-02,-1.176545213626039477e+00
-2.927275050135179357e-02,-1.557393530872309473e+00
6.807616395663260676e-03,-1.870090043979773409e+00
5.491477225835000170e-02,-2.082563315706639884e+00
1.030219281210367349e-01,-2.254947290881267108e+00
1.270755060523801050e-01,-2.395259828814103820e+00
1.270755060523801050e-01,-2.395259828814103820e+00
1.992362398464102291e-01,-2.451384843987238327e+00
1.992362398464102291e-01,-2.451384843987238327e+00
2.192808881225296880e-01,-2.347152672951416719e+00
1.952273101911863318e-01,-2.238911572260371852e+00
