6.780000000000000000e+02,-1.504000000000000000e+03
6.960000000000000000e+02,-1.495000000000000000e+03
6.960000000000000000e+02,-1.495000000000000000e+03
7.270000000000000000e+02,-1.491000000000000000e+03
7.460000000000000000e+02,-1.494000000000000000e+03
7.720000000000000000e+02,-1.494000000000000000e+03
8.050000000000000000e+02,-1.498000000000000000e+03
8.400000000000000000e+02,-1.501000000000000000e+03
8.830000000000000000e+02,-1.501000000000000000e+03
9.180000000000000000e+02,-1.509000000000000000e+03
9.710000000000000000e+02,-1.503000000000000000e+03
1.009000000000000000e+03,-1.507000000000000000e+03
