8.220000000000000000e+02,-1.240000000000000000e+03
8.380000000000000000e+02,-1.231000000000000000e+03
8.610000000000000000e+02,-1.231000000000000000e+03
8.920000000000000000e+02,-1.239000000000000000e+03
9.320000000000000000e+02,-1.245000000000000000e+03
9.860000000000000000e+02,-1.243000000000000000e+03
1.045000000000000000e+03,-1.243000000000000000e+03
1.103000000000000000e+03,-1.240000000000000000e+03
1.156000000000000000e+03,-1.239000000000000000e+03
1.207000000000000000e+03,-1.224000000000000000e+03
1.242000000000000000e+03,-1.216000000000000000e+03
1.269000000000000000e+03,-1.197000000000000000e+03
