1.268000000000000000e+03,-1.661000000000000000e+03
1.334000000000000000e+03,-1.625000000000000000e+03
1.334000000000000000e+03,-1.625000000000000000e+03
1.334000000000000000e+03,-1.625000000000000000e+03
1.334000000000000000e+03,-1.625000000000000000e+03
1.334000000000000000e+03,-1.625000000000000000e+03
1.334000000000000000e+03,-1.625000000000000000e+03
1.232000000000000000e+03,-1.590000000000000000e+03
1.232000000000000000e+03,-1.590000000000000000e+03
1.100000000000000000e+03,-1.570000000000000000e+03
1.021000000000000000e+03,-1.564000000000000000e+03
9.390000000000000000e+02,-1.558000000000000000e+03
8.550000000000000000e+02,-1.558000000000000000e+03
7.730000000000000000e+02,-1.560000000000000000e+03
7.020000000000000000e+02,-1.561000000000000000e+03
6.410000000000000000e+02,-1.572000000000000000e+03
6.410000000000000000e+02,-1.572000000000000000e+03
5.640000000000000000e+02,-1.592000000000000000e+03
5.640000000000000000e+02,-1.592000000000000000e+03
5.640000000000000000e+02,-1.592000000000000000e+03
