3.720000000000000000e+02,-9.890000000000000000e+02
3.780000000000000000e+02,-9.690000000000000000e+02
4.010000000000000000e+02,-9.400000000000000000e+02
4.340000000000000000e+02,-9.150000000000000000e+02
4.750000000000000000e+02,-8.950000000000000000e+02
5.340000000000000000e+02,-8.700000000000000000e+02
5.940000000000000000e+02,-8.550000000000000000e+02
6.690000000000000000e+02,-8.360000000000000000e+02
7.430000000000000000e+02,-8.300000000000000000e+02
8.250000000000000000e+02,-8.290000000000000000e+02
9.040000000000000000e+02,-8.410000000000000000e+02
9.840000000000000000e+02,-8.590000000000000000e+02
1.055000000000000000e+03,-8.880000000000000000e+02
1.117000000000000000e+03,-9.220000000000000000e+02
1.168000000000000000e+03,-9.660000000000000000e+02
1.209000000000000000e+03,-1.019000000000000000e+03
1.238000000000000000e+03,-1.078000000000000000e+03
1.254000000000000000e+03,-1.141000000000000000e+03
1.253000000000000000e+03,-1.212000000000000000e+03
1.236000000000000000e+03,-1.284000000000000000e+03
1.207000000000000000e+03,-1.359000000000000000e+03
1.171000000000000000e+03,-1.433000000000000000e+03
1.123000000000000000e+03,-1.507000000000000000e+03
1.067000000000000000e+03,-1.579000000000000000e+03
1.004000000000000000e+03,-1.649000000000000000e+03
9.360000000000000000e+02,-1.711000000000000000e+03
8.650000000000000000e+02,-1.765000000000000000e+03
7.990000000000000000e+02,-1.810000000000000000e+03
7.330000000000000000e+02,-1.846000000000000000e+03
6.690000000000000000e+02,-1.872000000000000000e+03
6.170000000000000000e+02,-1.882000000000000000e+03
5.640000000000000000e+02,-1.887000000000000000e+03
5.260000000000000000e+02,-1.876000000000000000e+03
5.040000000000000000e+02,-1.852000000000000000e+03
4.850000000000000000e+02,-1.825000000000000000e+03
4.790000000000000000e+02,-1.790000000000000000e+03
