7.960000000000000000e+02,-9.870000000000000000e+02
8.060000000000000000e+02,-9.780000000000000000e+02
8.060000000000000000e+02,-9.780000000000000000e+02
8.090000000000000000e+02,-9.670000000000000000e+02
8.090000000000000000e+02,-9.670000000000000000e+02
7.970000000000000000e+02,-9.570000000000000000e+02
7.870000000000000000e+02,-9.510000000000000000e+02
7.700000000000000000e+02,-9.540000000000000000e+02
7.550000000000000000e+02,-9.580000000000000000e+02
7.370000000000000000e+02,-9.700000000000000000e+02
7.230000000000000000e+02,-9.800000000000000000e+02
7.080000000000000000e+02,-9.930000000000000000e+02
6.980000000000000000e+02,-1.008000000000000000e+03
6.920000000000000000e+02,-1.024000000000000000e+03
6.920000000000000000e+02,-1.044000000000000000e+03
6.970000000000000000e+02,-1.056000000000000000e+03
7.050000000000000000e+02,-1.066000000000000000e+03
7.160000000000000000e+02,-1.068000000000000000e+03
7.270000000000000000e+02,-1.068000000000000000e+03
7.390000000000000000e+02,-1.062000000000000000e+03
7.520000000000000000e+02,-1.056000000000000000e+03
7.640000000000000000e+02,-1.042000000000000000e+03
7.730000000000000000e+02,-1.023000000000000000e+03
7.810000000000000000e+02,-1.008000000000000000e+03
7.840000000000000000e+02,-9.920000000000000000e+02
7.870000000000000000e+02,-9.820000000000000000e+02
7.870000000000000000e+02,-9.820000000000000000e+02
7.870000000000000000e+02,-9.820000000000000000e+02
7.740000000000000000e+02,-9.800000000000000000e+02
7.660000000000000000e+02,-9.920000000000000000e+02
7.660000000000000000e+02,-9.920000000000000000e+02
7.550000000000000000e+02,-1.038000000000000000e+03
7.550000000000000000e+02,-1.038000000000000000e+03
7.590000000000000000e+02,-1.095000000000000000e+03
7.590000000000000000e+02,-1.095000000000000000e+03
7.830000000000000000e+02,-1.146000000000000000e+03
7.830000000000000000e+02,-1.146000000000000000e+03
8.230000000000000000e+02,-1.179000000000000000e+03
8.230000000000000000e+02,-1.179000000000000000e+03
8.660000000000000000e+02,-1.176000000000000000e+03
8.860000000000000000e+02,-1.164000000000000000e+03
9.020000000000000000e+02,-1.142000000000000000e+03
9.150000000000000000e+02,-1.117000000000000000e+03
9.210000000000000000e+02,-1.086000000000000000e+03
9.210000000000000000e+02,-1.054000000000000000e+03
9.160000000000000000e+02,-1.017000000000000000e+03
9.040000000000000000e+02,-9.840000000000000000e+02
8.870000000000000000e+02,-9.470000000000000000e+02
8.640000000000000000e+02,-9.190000000000000000e+02
8.370000000000000000e+02,-8.920000000000000000e+02
8.040000000000000000e+02,-8.740000000000000000e+02
7.680000000000000000e+02,-8.660000000000000000e+02
7.330000000000000000e+02,-8.650000000000000000e+02
7.000000000000000000e+02,-8.740000000000000000e+02
6.640000000000000000e+02,-8.980000000000000000e+02
6.360000000000000000e+02,-9.320000000000000000e+02
6.150000000000000000e+02,-9.720000000000000000e+02
5.990000000000000000e+02,-1.017000000000000000e+03
5.900000000000000000e+02,-1.062000000000000000e+03
