1.069047908059705065e+00,1.239680856488373006e+00
9.046817921955254693e-01,1.107386177865984367e+00
7.322978170208980231e-01,9.991450771749392779e-01
5.037888266731359588e-01,8.027075240689683922e-01
2.752798363253739500e-01,6.102789006182214315e-01
6.280656459850753048e-02,3.978056288913550675e-01
-1.456577774731349917e-01,1.652877088883691614e-01
-3.340774712686580550e-01,-4.718556283849727889e-02
-4.904257278223899674e-01,-2.636677642205876304e-01
-6.187114767895546263e-01,-4.601053173265584606e-01
-6.948811402388086478e-01,-6.565428704325293463e-01
-7.309615071358236404e-01,-7.808196897444700246e-01
-7.630329443776148191e-01,-8.890607904355152247e-01
-7.389793664462714906e-01,-9.491947352638736568e-01
-7.309615071358236404e-01,-1.021355469057903642e+00
