5.480000000000000000e+02,-7.790000000000000000e+02
5.480000000000000000e+02,-7.790000000000000000e+02
5.360000000000000000e+02,-7.720000000000000000e+02
5.360000000000000000e+02,-7.720000000000000000e+02
5.360000000000000000e+02,-7.720000000000000000e+02
5.360000000000000000e+02,-7.720000000000000000e+02
5.360000000000000000e+02,-7.720000000000000000e+02
5.360000000000000000e+02,-7.720000000000000000e+02
5.430000000000000000e+02,-7.840000000000000000e+02
5.430000000000000000e+02,-8.000000000000000000e+02
5.480000000000000000e+02,-8.140000000000000000e+02
5.480000000000000000e+02,-8.340000000000000000e+02
5.500000000000000000e+02,-8.560000000000000000e+02
5.520000000000000000e+02,-8.830000000000000000e+02
5.530000000000000000e+02,-9.110000000000000000e+02
5.530000000000000000e+02,-9.420000000000000000e+02
5.510000000000000000e+02,-9.740000000000000000e+02
5.460000000000000000e+02,-1.010000000000000000e+03
5.450000000000000000e+02,-1.046000000000000000e+03
5.390000000000000000e+02,-1.085000000000000000e+03
5.360000000000000000e+02,-1.120000000000000000e+03
5.310000000000000000e+02,-1.158000000000000000e+03
5.270000000000000000e+02,-1.191000000000000000e+03
5.220000000000000000e+02,-1.224000000000000000e+03
5.180000000000000000e+02,-1.254000000000000000e+03
5.170000000000000000e+02,-1.280000000000000000e+03
5.140000000000000000e+02,-1.300000000000000000e+03
5.150000000000000000e+02,-1.315000000000000000e+03
5.110000000000000000e+02,-1.329000000000000000e+03
5.110000000000000000e+02,-1.329000000000000000e+03
5.080000000000000000e+02,-1.345000000000000000e+03
5.080000000000000000e+02,-1.345000000000000000e+03
5.080000000000000000e+02,-1.345000000000000000e+03
5.080000000000000000e+02,-1.345000000000000000e+03
5.080000000000000000e+02,-1.345000000000000000e+03
5.080000000000000000e+02,-1.345000000000000000e+03
5.110000000000000000e+02,-1.330000000000000000e+03
5.160000000000000000e+02,-1.311000000000000000e+03
