7.700000000000000000e+02,-1.968000000000000000e+03
7.700000000000000000e+02,-1.968000000000000000e+03
7.700000000000000000e+02,-1.968000000000000000e+03
7.780000000000000000e+02,-1.985000000000000000e+03
7.780000000000000000e+02,-1.985000000000000000e+03
7.840000000000000000e+02,-2.006000000000000000e+03
7.840000000000000000e+02,-2.006000000000000000e+03
8.080000000000000000e+02,-2.021000000000000000e+03
8.310000000000000000e+02,-2.018000000000000000e+03
8.500000000000000000e+02,-2.017000000000000000e+03
8.740000000000000000e+02,-2.009000000000000000e+03
8.980000000000000000e+02,-1.998000000000000000e+03
9.170000000000000000e+02,-1.991000000000000000e+03
9.300000000000000000e+02,-1.983000000000000000e+03
9.420000000000000000e+02,-1.965000000000000000e+03
9.420000000000000000e+02,-1.965000000000000000e+03
9.420000000000000000e+02,-1.937000000000000000e+03
