-1.489883846106089260e+00,1.693031998852325692e+00
-1.489883846106089260e+00,1.693031998852325692e+00
-1.489883846106089260e+00,1.693031998852325692e+00
-1.489883846106089260e+00,1.693031998852325692e+00
-1.433758830932954753e+00,1.644924842989638814e+00
-1.337544519207581217e+00,1.640915913334414888e+00
-1.221285559206088278e+00,1.632898054023967260e+00
-1.072955161962804160e+00,1.644924842989638814e+00
-9.085890460986244532e-01,1.644924842989638814e+00
-7.161604226478774926e-01,1.668978420920982142e+00
-5.157139398866826818e-01,1.689023069197101767e+00
-3.112585274702640570e-01,1.713076647128445096e+00
-1.108120447090693156e-01,1.741139154715012349e+00
8.161657874167763116e-02,1.765192732646355678e+00
2.580094835715290302e-01,1.789246310577699006e+00
4.103488104700370176e-01,1.821317747819490185e+00
5.426434890924255461e-01,1.845371325750833513e+00
6.508845897834707461e-01,1.861407044371729214e+00
7.230453235775008425e-01,1.881451692647848617e+00
7.831792684058592746e-01,1.893478481613520392e+00
7.831792684058592746e-01,1.893478481613520392e+00
7.831792684058592746e-01,1.893478481613520392e+00
7.831792684058592746e-01,1.893478481613520392e+00
7.831792684058592746e-01,1.893478481613520392e+00
7.350721125431725067e-01,1.825326677474714110e+00
7.350721125431725067e-01,1.825326677474714110e+00
6.629113787491424103e-01,1.737130225059788424e+00
6.148042228864556424e-01,1.676996280231429992e+00
5.707059966789927996e-01,1.592808757471728232e+00
5.225988408163060317e-01,1.504612305056802546e+00
4.865184739192910390e-01,1.392362274710533532e+00
4.464291773670520658e-01,1.276103314709040593e+00
4.023309511595892229e-01,1.131781847120980400e+00
3.542237952969025105e-01,9.754335905672484319e-01
2.940898504685440784e-01,7.990406857373970606e-01
2.379648352954095436e-01,5.985942029762022498e-01
1.738219608118272141e-01,3.941387905597836805e-01
1.136880159834687959e-01,1.696387298672455413e-01
4.553621184466258298e-02,-6.287919013574036486e-02
-6.579873673248052765e-03,-3.074238991043979352e-01
-6.270488884638257543e-02,-5.479596784178316637e-01
-9.477632608817374016e-02,-7.884954577312653923e-01
-1.188299040195171102e-01,-1.025022307389475085e+00
-1.308566929851887883e-01,-1.237495579116341560e+00
-1.428834819508604803e-01,-1.433933132222312334e+00
-1.348656226404126857e-01,-1.618343896362611556e+00
-1.228388336747410076e-01,-1.774692152916343524e+00
-1.188299040195171102e-01,-1.906986831538731941e+00
-1.108120447090693156e-01,-2.015227932229777252e+00
-9.878525574339763748e-02,-2.095406525334254866e+00
-9.878525574339763748e-02,-2.155540470162613520e+00
-9.878525574339763748e-02,-2.155540470162613520e+00
-9.477632608817374016e-02,-2.219683344646195877e+00
-9.477632608817374016e-02,-2.219683344646195877e+00
-9.477632608817374016e-02,-2.219683344646195877e+00
-9.477632608817374016e-02,-2.219683344646195877e+00
-9.477632608817374016e-02,-2.219683344646195877e+00
-1.228388336747410076e-01,-2.167567259128285073e+00
-1.228388336747410076e-01,-2.167567259128285073e+00
-1.228388336747410076e-01,-2.167567259128285073e+00
-1.228388336747410076e-01,-2.167567259128285073e+00
-1.068031150538454321e-01,-2.075361877058135462e+00
-1.068031150538454321e-01,-2.075361877058135462e+00
-9.878525574339763748e-02,-2.015227932229777252e+00
