-7.022395219436349256e-01,7.820016028761452020e-02
-6.862038033227393363e-01,1.904501906338835759e-01
-6.862038033227393363e-01,1.904501906338835759e-01
-6.661591550466199330e-01,2.586019947726898027e-01
-6.661591550466199330e-01,2.586019947726898027e-01
-6.661591550466199330e-01,2.586019947726898027e-01
-6.661591550466199330e-01,2.586019947726898027e-01
-6.421055771152764935e-01,1.423430347711968358e-01
-6.461145067705004186e-01,5.815551201149504745e-02
-6.902127329779632614e-01,-7.413916661089348104e-02
-7.222841702197544400e-01,-2.064338452332820095e-01
-7.744002557376650220e-01,-3.828267500631333808e-01
-8.064716929794562006e-01,-5.431839362720891629e-01
-8.465609895316952294e-01,-7.155679114467167201e-01
-8.666056378078146327e-01,-8.518715197243290627e-01
-8.585877784973668936e-01,-9.801572686914937771e-01
-8.225074116003517899e-01,-1.064344791451195427e+00
-7.703913260824412079e-01,-1.112451947313882306e+00
-6.862038033227393363e-01,-1.120469806624330156e+00
-5.819716322869181724e-01,-1.088398369382538977e+00
-4.657126722854251777e-01,-1.016237635588508770e+00
-3.414358529734844439e-01,-9.200233238631353450e-01
-2.131501040063197849e-01,-8.037643638616424058e-01
-8.085542538393125644e-02,-6.674607555840299522e-01
3.941246427278559394e-02,-5.191303583407458344e-01
1.556714242742785470e-01,-3.868356797183573059e-01
2.518857359996520273e-01,-2.625588604064165166e-01
3.320643291041299183e-01,-1.462999004049235774e-01
3.921982739324883505e-01,-5.409451833477400828e-02
4.322875704847272682e-01,1.004835614880831077e-02
4.322875704847272682e-01,1.004835614880831077e-02
4.322875704847272682e-01,1.004835614880831077e-02
4.322875704847272682e-01,1.004835614880831077e-02
4.643590077265184468e-01,-8.616595557656517301e-02
4.563411484160706522e-01,-1.823802673019386533e-01
4.563411484160706522e-01,-2.986392273034316203e-01
4.763857966921901665e-01,-4.108892576497006344e-01
4.924215153130857003e-01,-5.311571473064174986e-01
5.365197415205485987e-01,-6.434071776526865127e-01
5.846268973832352556e-01,-7.275947004123883843e-01
6.447608422115936877e-01,-7.877286452407468165e-01
7.169215760056237841e-01,-8.238090121377618091e-01
7.730465911787584021e-01,-8.478625900691052486e-01
8.331805360071168343e-01,-8.238090121377618091e-01
8.852966215250274162e-01,-7.917375748959706305e-01
8.852966215250274162e-01,-7.917375748959706305e-01
9.093501994563707447e-01,-7.075500521362688700e-01
