5.770000000000000000e+02,-1.149000000000000000e+03
5.640000000000000000e+02,-1.144000000000000000e+03
5.550000000000000000e+02,-1.140000000000000000e+03
5.550000000000000000e+02,-1.140000000000000000e+03
5.660000000000000000e+02,-1.131000000000000000e+03
5.760000000000000000e+02,-1.133000000000000000e+03
5.970000000000000000e+02,-1.130000000000000000e+03
6.210000000000000000e+02,-1.131000000000000000e+03
6.530000000000000000e+02,-1.129000000000000000e+03
6.890000000000000000e+02,-1.126000000000000000e+03
7.260000000000000000e+02,-1.126000000000000000e+03
7.590000000000000000e+02,-1.124000000000000000e+03
7.900000000000000000e+02,-1.120000000000000000e+03
8.200000000000000000e+02,-1.116000000000000000e+03
