4.387812810874468505e-01,8.576751268264299899e-01
4.387812810874468505e-01,8.576751268264299899e-01
4.387812810874468505e-01,8.576751268264299899e-01
2.062633610844609722e-01,1.118255554415983122e+00
2.062633610844609722e-01,1.118255554415983122e+00
2.062633610844609722e-01,1.118255554415983122e+00
2.062633610844609722e-01,1.118255554415983122e+00
-7.035278512598777678e-02,1.322710966832401747e+00
-7.035278512598777678e-02,1.322710966832401747e+00
-7.035278512598777678e-02,1.322710966832401747e+00
-3.830492982334515739e-01,1.330728826142849597e+00
-3.830492982334515739e-01,1.330728826142849597e+00
-6.636743740991242202e-01,1.238523444072699986e+00
-6.636743740991242202e-01,1.238523444072699986e+00
-9.723619575513641200e-01,1.078166257863744093e+00
-9.723619575513641200e-01,1.078166257863744093e+00
-1.248978103761812841e+00,8.215947599294148862e-01
-1.248978103761812841e+00,8.215947599294148862e-01
-1.437397797557335988e+00,4.287196537174732258e-01
-1.437397797557335988e+00,4.287196537174732258e-01
-1.509558531351365973e+00,-7.239655318551364849e-02
-1.489513883075246570e+00,-3.490126993959624113e-01
-1.417353149281216362e+00,-6.577002828482022556e-01
-1.317129907900619123e+00,-9.703967959556660805e-01
-1.164790581002111081e+00,-1.287102238718353719e+00
-9.763708872065880451e-01,-1.563718384928802552e+00
-7.598886858244977560e-01,-1.812272023552684130e+00
-7.598886858244977560e-01,-1.812272023552684130e+00
-2.707992678871825043e-01,-2.181093551833282351e+00
-2.200980987181567344e-03,-2.281316793213879812e+00
2.543705169471476846e-01,-2.313388230455670769e+00
5.149509445367008720e-01,-2.281316793213879812e+00
5.149509445367008720e-01,-2.281316793213879812e+00
9.639510659217771504e-01,-2.028754224934774530e+00
9.639510659217771504e-01,-2.028754224934774530e+00
1.296692227305360490e+00,-1.587771962860145880e+00
1.416960116962077132e+00,-1.323182605615368823e+00
1.493129780411331264e+00,-1.026521811128800588e+00
1.529210147308346368e+00,-7.058074387108890235e-01
1.529210147308346368e+00,-3.810841366377535344e-01
1.481102991445659489e+00,-7.239655318551364849e-02
1.392906539030733803e+00,2.322821006115023679e-01
1.240567212132225761e+00,4.968714578562794526e-01
1.240567212132225761e+00,4.968714578562794526e-01
8.076028093680451825e-01,9.057822826891167578e-01
5.349955928128203864e-01,1.022041242690609586e+00
2.543705169471476846e-01,1.066139468898072540e+00
2.543705169471476846e-01,1.066139468898072540e+00
-1.785938858170329491e-01,9.739340868279229291e-01
-1.785938858170329491e-01,9.739340868279229291e-01
-1.785938858170329491e-01,9.739340868279229291e-01
