1.135000000000000000e+03,-8.240000000000000000e+02
1.135000000000000000e+03,-8.240000000000000000e+02
1.135000000000000000e+03,-8.240000000000000000e+02
1.122000000000000000e+03,-8.330000000000000000e+02
1.122000000000000000e+03,-8.330000000000000000e+02
1.103000000000000000e+03,-8.470000000000000000e+02
1.088000000000000000e+03,-8.590000000000000000e+02
1.067000000000000000e+03,-8.770000000000000000e+02
1.042000000000000000e+03,-9.030000000000000000e+02
1.012000000000000000e+03,-9.340000000000000000e+02
9.750000000000000000e+02,-9.770000000000000000e+02
9.390000000000000000e+02,-1.022000000000000000e+03
9.000000000000000000e+02,-1.078000000000000000e+03
8.620000000000000000e+02,-1.139000000000000000e+03
8.260000000000000000e+02,-1.209000000000000000e+03
7.930000000000000000e+02,-1.281000000000000000e+03
7.660000000000000000e+02,-1.356000000000000000e+03
7.430000000000000000e+02,-1.435000000000000000e+03
7.300000000000000000e+02,-1.510000000000000000e+03
7.240000000000000000e+02,-1.589000000000000000e+03
7.250000000000000000e+02,-1.664000000000000000e+03
7.340000000000000000e+02,-1.735000000000000000e+03
7.510000000000000000e+02,-1.801000000000000000e+03
7.730000000000000000e+02,-1.861000000000000000e+03
8.020000000000000000e+02,-1.917000000000000000e+03
8.320000000000000000e+02,-1.965000000000000000e+03
8.670000000000000000e+02,-2.006000000000000000e+03
9.080000000000000000e+02,-2.036000000000000000e+03
9.290000000000000000e+02,-2.071000000000000000e+03
9.630000000000000000e+02,-2.078000000000000000e+03
9.720000000000000000e+02,-2.093000000000000000e+03
