2.873901446588629782e-01,7.861678092629694747e-01
2.633365667275195943e-01,7.220249347793872285e-01
2.633365667275195943e-01,7.220249347793872285e-01
2.513097777618479300e-01,5.897302561569987001e-01
2.553187074170717996e-01,5.055427333972969395e-01
2.432919184514001354e-01,4.093284216719234037e-01
2.513097777618479300e-01,3.131141099465499233e-01
2.513097777618479300e-01,2.209087278764003404e-01
2.553187074170717996e-01,1.447390644271463467e-01
2.553187074170717996e-01,8.861404925401181187e-02
2.553187074170717996e-01,8.861404925401181187e-02
2.673454963827435193e-01,1.645331545998170511e-02
2.673454963827435193e-01,1.645331545998170511e-02
2.673454963827435193e-01,1.645331545998170511e-02
2.673454963827435193e-01,1.645331545998170511e-02
2.673454963827435193e-01,1.645331545998170511e-02
2.673454963827435193e-01,1.645331545998170511e-02
1.831579736230417033e-01,7.257833063311623645e-02
1.230240287946832711e-01,7.257833063311623645e-02
3.883650603498148279e-02,6.055154166744455141e-02
-6.138673534561588790e-02,2.848010442565339015e-02
-1.896724843127805260e-01,-3.165384040270503158e-02
-3.339939519008407465e-01,-1.118324335071829295e-01
-4.903422084545726589e-01,-2.240824638534519853e-01
-6.426815353530807018e-01,-3.563771424758405137e-01
-7.749762139754692303e-01,-5.167343286847962958e-01
-8.912351739769621695e-01,-6.770915148937520778e-01
-9.633959077709922658e-01,-8.294308417922601206e-01
-9.994762746680072585e-01,-9.857790983459919776e-01
-9.954673450127834444e-01,-1.106046988002708842e+00
-9.473601891500966765e-01,-1.210279159038530228e+00
-8.551548070799470658e-01,-1.270413103866888660e+00
-7.228601284575585373e-01,-1.314511330074351392e+00
-5.584940125933788302e-01,-1.314511330074351392e+00
-3.901189670739752535e-01,-1.302484541108679617e+00
-2.137260622441239100e-01,-1.266404174211664735e+00
-4.535101672472031248e-02,-1.210279159038530228e+00
9.897045086333990105e-02,-1.162172003175843349e+00
2.192383405200567514e-01,-1.114064847313156692e+00
3.595508784528930746e-01,-1.041904113519126485e+00
4.156758936260275816e-01,-1.009832676277335306e+00
4.798187681096099388e-01,-9.376719424833053207e-01
