-2.781009349716426216e-01,9.605098496164213850e-01
-2.781009349716426216e-01,9.605098496164213850e-01
-2.781009349716426216e-01,9.605098496164213850e-01
-2.781009349716426216e-01,9.605098496164213850e-01
-2.219759197985080590e-01,9.965902165134364887e-01
-2.219759197985080590e-01,9.965902165134364887e-01
-1.377883970388062707e-01,9.885723572029886386e-01
-7.765445221044785240e-02,9.765455682373169743e-01
-5.493718416417744770e-03,9.645187792716453101e-01
7.869380434328404617e-02,9.284384123746302064e-01
1.749081160686575265e-01,8.883491158223912887e-01
2.590956388283593426e-01,8.121794523731372673e-01
3.392742319328372336e-01,7.239829999582115816e-01
3.994081767611956657e-01,5.956972509910469782e-01
4.555331919343301728e-01,4.593936427134345246e-01
4.795867698656735567e-01,2.830007378835831533e-01
4.835956995208974263e-01,9.458104408806010388e-02
4.314796140029867888e-01,-1.299190166044780215e-01
3.673367395194044871e-01,-3.624369366074638998e-01
2.711224277940310068e-01,-6.310352235074648819e-01
1.588723974477619372e-01,-9.076513697179136031e-01
2.657771882537341562e-02,-1.208321093859705764e+00
-1.337794673835823733e-01,-1.525026536622393403e+00
-3.141813018686576697e-01,-1.825696260764185563e+00
-4.344491915253744785e-01,-2.098303477319410248e+00
-5.787706591134347267e-01,-2.358883904908963380e+00
-6.870117598044799267e-01,-2.503205372497023795e+00
