6.500000000000000000e+02,-1.236000000000000000e+03
6.500000000000000000e+02,-1.236000000000000000e+03
6.650000000000000000e+02,-1.265000000000000000e+03
6.710000000000000000e+02,-1.295000000000000000e+03
6.800000000000000000e+02,-1.342000000000000000e+03
6.870000000000000000e+02,-1.405000000000000000e+03
6.980000000000000000e+02,-1.475000000000000000e+03
7.040000000000000000e+02,-1.558000000000000000e+03
7.100000000000000000e+02,-1.638000000000000000e+03
7.120000000000000000e+02,-1.719000000000000000e+03
7.130000000000000000e+02,-1.791000000000000000e+03
7.160000000000000000e+02,-1.855000000000000000e+03
7.160000000000000000e+02,-1.903000000000000000e+03
7.150000000000000000e+02,-1.941000000000000000e+03
7.130000000000000000e+02,-1.960000000000000000e+03
7.130000000000000000e+02,-1.960000000000000000e+03
7.130000000000000000e+02,-1.960000000000000000e+03
6.980000000000000000e+02,-1.933000000000000000e+03
6.860000000000000000e+02,-1.897000000000000000e+03
6.690000000000000000e+02,-1.846000000000000000e+03
6.530000000000000000e+02,-1.779000000000000000e+03
6.360000000000000000e+02,-1.699000000000000000e+03
6.240000000000000000e+02,-1.610000000000000000e+03
6.200000000000000000e+02,-1.515000000000000000e+03
6.240000000000000000e+02,-1.420000000000000000e+03
6.410000000000000000e+02,-1.327000000000000000e+03
6.680000000000000000e+02,-1.238000000000000000e+03
7.010000000000000000e+02,-1.163000000000000000e+03
7.430000000000000000e+02,-1.096000000000000000e+03
7.930000000000000000e+02,-1.048000000000000000e+03
8.500000000000000000e+02,-1.009000000000000000e+03
9.040000000000000000e+02,-9.860000000000000000e+02
9.620000000000000000e+02,-9.710000000000000000e+02
1.016000000000000000e+03,-9.730000000000000000e+02
1.070000000000000000e+03,-9.820000000000000000e+02
1.117000000000000000e+03,-1.006000000000000000e+03
1.158000000000000000e+03,-1.037000000000000000e+03
1.185000000000000000e+03,-1.078000000000000000e+03
1.200000000000000000e+03,-1.126000000000000000e+03
1.197000000000000000e+03,-1.178000000000000000e+03
1.180000000000000000e+03,-1.233000000000000000e+03
1.146000000000000000e+03,-1.288000000000000000e+03
1.097000000000000000e+03,-1.343000000000000000e+03
1.046000000000000000e+03,-1.392000000000000000e+03
9.900000000000000000e+02,-1.432000000000000000e+03
9.350000000000000000e+02,-1.467000000000000000e+03
8.830000000000000000e+02,-1.497000000000000000e+03
8.430000000000000000e+02,-1.521000000000000000e+03
8.130000000000000000e+02,-1.544000000000000000e+03
7.940000000000000000e+02,-1.562000000000000000e+03
7.930000000000000000e+02,-1.583000000000000000e+03
8.070000000000000000e+02,-1.606000000000000000e+03
8.350000000000000000e+02,-1.635000000000000000e+03
8.770000000000000000e+02,-1.669000000000000000e+03
9.360000000000000000e+02,-1.704000000000000000e+03
1.001000000000000000e+03,-1.742000000000000000e+03
1.075000000000000000e+03,-1.776000000000000000e+03
1.153000000000000000e+03,-1.811000000000000000e+03
1.230000000000000000e+03,-1.840000000000000000e+03
1.298000000000000000e+03,-1.864000000000000000e+03
1.351000000000000000e+03,-1.886000000000000000e+03
1.390000000000000000e+03,-1.907000000000000000e+03
1.419000000000000000e+03,-1.918000000000000000e+03
1.419000000000000000e+03,-1.918000000000000000e+03
1.441000000000000000e+03,-1.926000000000000000e+03
