1.719301340815831136e-01,1.825197595859480715e-01
1.719301340815831136e-01,1.825197595859480715e-01
2.841801644278521555e-01,2.586894230352020929e-01
2.841801644278521555e-01,2.586894230352020929e-01
3.763855464980017662e-01,3.629215940710233679e-01
4.365194913263601983e-01,4.431001871755012589e-01
4.525552099472557321e-01,5.072430616590836161e-01
4.766087878785991161e-01,5.994484437292331158e-01
4.485462802920318626e-01,6.515645292471438088e-01
4.044480540845690197e-01,7.197163333859499801e-01
3.202605313248672037e-01,7.317431223516216443e-01
2.360730085651654431e-01,7.557967002829650838e-01
9.976940028755300338e-02,7.237252630411739052e-01
-2.851634867961163472e-02,6.876448961441588015e-01
-1.728378162676718621e-01,6.154841623501287051e-01
-2.931057059243886709e-01,5.433234285560986088e-01
-4.093646659258816656e-01,4.551269761411729231e-01
-4.815253997199117619e-01,3.749483830366950321e-01
-5.416593445482701386e-01,2.947697899322171411e-01
-5.416593445482701386e-01,2.346358451038587090e-01
-5.416593445482701386e-01,2.346358451038587090e-01
-4.454450328228967138e-01,1.745019002755003046e-01
-3.572485804079710281e-01,1.584661816546047153e-01
-2.530164093721497531e-01,1.624751113098286126e-01
-1.367574493706567862e-01,1.745019002755003046e-01
-1.248063005871605409e-02,2.065733375172914554e-01
1.117961892532246815e-01,2.466626340695304009e-01
2.120194306338220591e-01,2.907608602769932715e-01
3.082337423591955394e-01,3.188233678635605250e-01
3.803944761532256358e-01,3.508948051053516481e-01
4.485462802920318626e-01,3.789573126919189572e-01
4.485462802920318626e-01,3.789573126919189572e-01
5.287248733965097536e-01,4.350823278650534642e-01
5.888588182248681857e-01,4.471091168307251285e-01
6.409749037427787677e-01,4.591359057963968482e-01
7.131356375368089751e-01,5.032341320038596910e-01
