-1.139950938432488403e+00,-1.525044004725466307e+00
-1.139950938432488403e+00,-1.525044004725466307e+00
-1.139950938432488403e+00,-1.525044004725466307e+00
-1.043736626707114867e+00,-1.525044004725466307e+00
-9.435133853265175174e-01,-1.484954708173227278e+00
-8.392812142906962425e-01,-1.448874341276212174e+00
-6.588793798056209461e-01,-1.376713607482182189e+00
-4.744686156653217801e-01,-1.328606451619495310e+00
-2.700132032489031553e-01,-1.248427858515017475e+00
-1.745063496979775558e-02,-1.160231406100091789e+00
2.551565815854270891e-01,-1.080052812995613953e+00
4.836655719331890979e-01,-1.043972446098598850e+00
7.282102809018466960e-01,-9.998742198911360068e-01
9.246478340078175817e-01,-1.011901008856807671e+00
