6.780000000000000000e+02,-7.120000000000000000e+02
6.780000000000000000e+02,-6.950000000000000000e+02
6.680000000000000000e+02,-6.910000000000000000e+02
6.530000000000000000e+02,-6.850000000000000000e+02
6.360000000000000000e+02,-6.860000000000000000e+02
6.070000000000000000e+02,-7.030000000000000000e+02
5.780000000000000000e+02,-7.240000000000000000e+02
5.400000000000000000e+02,-7.630000000000000000e+02
5.040000000000000000e+02,-8.060000000000000000e+02
4.670000000000000000e+02,-8.590000000000000000e+02
4.350000000000000000e+02,-9.140000000000000000e+02
4.110000000000000000e+02,-9.680000000000000000e+02
3.960000000000000000e+02,-1.016000000000000000e+03
3.910000000000000000e+02,-1.061000000000000000e+03
3.960000000000000000e+02,-1.092000000000000000e+03
4.120000000000000000e+02,-1.109000000000000000e+03
4.380000000000000000e+02,-1.113000000000000000e+03
4.720000000000000000e+02,-1.106000000000000000e+03
5.110000000000000000e+02,-1.085000000000000000e+03
5.500000000000000000e+02,-1.055000000000000000e+03
5.920000000000000000e+02,-1.018000000000000000e+03
6.320000000000000000e+02,-9.780000000000000000e+02
6.700000000000000000e+02,-9.380000000000000000e+02
7.000000000000000000e+02,-9.020000000000000000e+02
7.250000000000000000e+02,-8.680000000000000000e+02
7.390000000000000000e+02,-8.470000000000000000e+02
7.390000000000000000e+02,-8.470000000000000000e+02
7.390000000000000000e+02,-8.470000000000000000e+02
7.310000000000000000e+02,-8.770000000000000000e+02
7.090000000000000000e+02,-9.200000000000000000e+02
6.810000000000000000e+02,-9.800000000000000000e+02
6.450000000000000000e+02,-1.061000000000000000e+03
6.020000000000000000e+02,-1.161000000000000000e+03
5.590000000000000000e+02,-1.273000000000000000e+03
5.160000000000000000e+02,-1.384000000000000000e+03
4.780000000000000000e+02,-1.496000000000000000e+03
4.450000000000000000e+02,-1.601000000000000000e+03
4.210000000000000000e+02,-1.700000000000000000e+03
4.020000000000000000e+02,-1.784000000000000000e+03
3.940000000000000000e+02,-1.848000000000000000e+03
3.860000000000000000e+02,-1.895000000000000000e+03
3.930000000000000000e+02,-1.917000000000000000e+03
3.990000000000000000e+02,-1.931000000000000000e+03
3.990000000000000000e+02,-1.931000000000000000e+03
4.040000000000000000e+02,-1.919000000000000000e+03
4.000000000000000000e+02,-1.896000000000000000e+03
