8.340000000000000000e+02,-1.699000000000000000e+03
8.340000000000000000e+02,-1.699000000000000000e+03
8.280000000000000000e+02,-1.726000000000000000e+03
8.280000000000000000e+02,-1.726000000000000000e+03
8.590000000000000000e+02,-1.723000000000000000e+03
8.850000000000000000e+02,-1.726000000000000000e+03
9.260000000000000000e+02,-1.720000000000000000e+03
9.660000000000000000e+02,-1.715000000000000000e+03
1.016000000000000000e+03,-1.708000000000000000e+03
1.060000000000000000e+03,-1.705000000000000000e+03
1.108000000000000000e+03,-1.697000000000000000e+03
1.156000000000000000e+03,-1.691000000000000000e+03
1.200000000000000000e+03,-1.685000000000000000e+03
1.242000000000000000e+03,-1.679000000000000000e+03
1.278000000000000000e+03,-1.671000000000000000e+03
1.318000000000000000e+03,-1.659000000000000000e+03
1.343000000000000000e+03,-1.656000000000000000e+03
1.361000000000000000e+03,-1.649000000000000000e+03
1.381000000000000000e+03,-1.632000000000000000e+03
1.381000000000000000e+03,-1.632000000000000000e+03
1.394000000000000000e+03,-1.604000000000000000e+03
