7.070000000000000000e+02,-1.533000000000000000e+03
7.270000000000000000e+02,-1.530000000000000000e+03
7.510000000000000000e+02,-1.531000000000000000e+03
7.840000000000000000e+02,-1.531000000000000000e+03
8.260000000000000000e+02,-1.528000000000000000e+03
8.680000000000000000e+02,-1.528000000000000000e+03
9.230000000000000000e+02,-1.518000000000000000e+03
9.690000000000000000e+02,-1.515000000000000000e+03
1.025000000000000000e+03,-1.501000000000000000e+03
1.072000000000000000e+03,-1.494000000000000000e+03
1.117000000000000000e+03,-1.481000000000000000e+03
1.153000000000000000e+03,-1.474000000000000000e+03
1.185000000000000000e+03,-1.466000000000000000e+03
1.209000000000000000e+03,-1.462000000000000000e+03
1.223000000000000000e+03,-1.463000000000000000e+03
1.239000000000000000e+03,-1.459000000000000000e+03
1.254000000000000000e+03,-1.459000000000000000e+03
1.254000000000000000e+03,-1.459000000000000000e+03
1.254000000000000000e+03,-1.459000000000000000e+03
