-8.173429714978883154e-02,4.737717165681012421e-01
-8.173429714978883154e-02,4.737717165681012421e-01
-8.173429714978883154e-02,4.737717165681012421e-01
-8.173429714978883154e-02,4.737717165681012421e-01
-8.173429714978883154e-02,4.737717165681012421e-01
-8.975215646023662619e-02,3.935931234636232956e-01
-8.975215646023662619e-02,3.935931234636232956e-01
-8.975215646023662619e-02,3.294502489800409939e-01
-8.975215646023662619e-02,3.294502489800409939e-01
-7.772536749456493421e-02,2.572895151860108975e-01
-7.772536749456493421e-02,2.572895151860108975e-01
-7.772536749456493421e-02,2.572895151860108975e-01
2.453225609912959831e-03,2.212091482889958494e-01
2.453225609912959831e-03,2.212091482889958494e-01
6.258717043827138893e-02,2.612984448412347671e-01
6.258717043827138893e-02,2.612984448412347671e-01
1.066853966457342318e-01,3.334591786352649190e-01
1.066853966457342318e-01,3.334591786352649190e-01
9.866753733528643711e-02,4.176467013949666796e-01
9.866753733528643711e-02,4.176467013949666796e-01
4.254252216215190924e-02,4.657538572576534475e-01
4.254252216215190924e-02,4.657538572576534475e-01
-4.164500059754988603e-02,4.657538572576534475e-01
-4.164500059754988603e-02,4.657538572576534475e-01
-1.178146640468038936e-01,4.256645607054144742e-01
-1.178146640468038936e-01,4.256645607054144742e-01
-1.619128902542667225e-01,3.575127565666082474e-01
-1.619128902542667225e-01,3.575127565666082474e-01
-1.659218199094906199e-01,2.933698820830259457e-01
-1.659218199094906199e-01,2.933698820830259457e-01
-1.659218199094906199e-01,2.933698820830259457e-01
-1.258325233572516744e-01,2.332359372546675136e-01
-1.258325233572516744e-01,2.332359372546675136e-01
-1.258325233572516744e-01,2.332359372546675136e-01
-1.258325233572516744e-01,2.332359372546675136e-01
-6.970750818411715344e-02,2.372448669098914109e-01
-6.970750818411715344e-02,2.372448669098914109e-01
-6.970750818411715344e-02,2.372448669098914109e-01
-6.970750818411715344e-02,2.372448669098914109e-01
-6.970750818411715344e-02,2.372448669098914109e-01
-6.970750818411715344e-02,2.372448669098914109e-01
-4.164500059754988603e-02,2.973788117382498708e-01
-4.164500059754988603e-02,2.973788117382498708e-01
-4.164500059754988603e-02,2.973788117382498708e-01
-4.164500059754988603e-02,2.973788117382498708e-01
-4.164500059754988603e-02,2.973788117382498708e-01
1.448001457558464357e-02,2.933698820830259457e-01
1.448001457558464357e-02,2.933698820830259457e-01
7.461395940394306703e-02,2.572895151860108975e-01
7.461395940394306703e-02,2.572895151860108975e-01
1.668193414740926639e-01,1.650841331158613146e-01
2.189354269920032736e-01,9.292339932183120432e-02
2.550157938890183495e-01,-1.130877171399006544e-02
3.031229497517050619e-01,-1.355855910259308184e-01
3.351943869934962406e-01,-2.919338475796627308e-01
3.592479649248396245e-01,-4.562999634438423824e-01
3.632568945800634941e-01,-6.447196572393654179e-01
3.512301056143918299e-01,-8.331393510348885645e-01
3.111408090621528566e-01,-1.017550115175187786e+00
2.550157938890183495e-01,-1.205969808970710710e+00
1.708282711293165335e-01,-1.382362713800562082e+00
8.263181871439086168e-02,-1.538710970354294050e+00
-5.564633700534830051e-03,-1.658978860011010914e+00
-9.376108611546052352e-02,-1.775237820012503853e+00
-1.779486088751623118e-01,-1.859425342772205614e+00
-1.779486088751623118e-01,-1.859425342772205614e+00
-2.501093426691924360e-01,-1.895505709669220717e+00
