-9.487457540469608208e-01,1.406449021863035886e+00
-9.487457540469608208e-01,1.406449021863035886e+00
-9.487457540469608208e-01,1.406449021863035886e+00
-1.000861839564871403e+00,1.382395443931692558e+00
-1.000861839564871403e+00,1.382395443931692558e+00
-1.000861839564871403e+00,1.326270428758558051e+00
-1.000861839564871403e+00,1.326270428758558051e+00
-1.000861839564871403e+00,1.326270428758558051e+00
-9.287011057708413064e-01,1.322261499103334126e+00
-9.287011057708413064e-01,1.322261499103334126e+00
-8.405046533559156208e-01,1.302216850827214722e+00
-7.843796381827811137e-01,1.286181132206319022e+00
-7.001921154230793531e-01,1.310234710137662573e+00
-6.160045926633774815e-01,1.302216850827214722e+00
-5.117724216275562066e-01,1.322261499103334126e+00
-4.115491802469588567e-01,1.334288288069005901e+00
-2.992991499006898426e-01,1.334288288069005901e+00
-1.790312602439729783e-01,1.326270428758558051e+00
-5.475444093203223062e-02,1.322261499103334126e+00
7.353130803513240055e-02,1.302216850827214722e+00
2.018170570022970456e-01,1.274154343240647469e+00
3.140670873485660874e-01,1.242082905998856290e+00
4.182992583843873624e-01,1.206002539101841187e+00
5.145135701097608427e-01,1.153886453583930605e+00
5.987010928694626033e-01,1.109788227376467651e+00
6.588350376978210354e-01,1.065690001169004919e+00
6.588350376978210354e-01,1.065690001169004919e+00
7.189689825261794676e-01,9.895203377197508976e-01
7.189689825261794676e-01,9.895203377197508976e-01
7.069421935605078033e-01,8.973149556496012869e-01
7.069421935605078033e-01,8.973149556496012869e-01
6.107278818351342675e-01,7.970917142690039370e-01
5.465850073515520213e-01,7.289399101301977657e-01
4.623974845918502052e-01,6.567791763361676693e-01
3.621742432112528554e-01,5.645737942660180586e-01
2.419063535545359911e-01,4.683594825406445783e-01
1.096116749321474626e-01,3.480915928839277140e-01
-3.070086300068886401e-02,2.077790549510913909e-01
-1.790312602439729783e-01,5.944865770780727310e-02
-3.233527278320331710e-01,-1.049174581563724201e-01
-4.716831250753172888e-01,-2.813103629862238053e-01
-6.039778036977058173e-01,-4.617121974712990462e-01
-7.282546230096466067e-01,-6.300872429907026229e-01
-8.284778643902439565e-01,-7.984622885101062550e-01
-9.126653871499457171e-01,-9.387748264429425227e-01
-9.647814726678564101e-01,-1.055033786444435462e+00
-1.000861839564871403e+00,-1.143230238859361148e+00
-1.012888628530543178e+00,-1.223408831963839205e+00
-1.008879698875319253e+00,-1.275524917481749787e+00
-1.008879698875319253e+00,-1.275524917481749787e+00
-9.126653871499457171e-01,-1.311605284378764891e+00
-8.324867940454678816e-01,-1.311605284378764891e+00
-7.282546230096466067e-01,-1.299578495413093115e+00
-6.039778036977058173e-01,-1.295569565757869190e+00
-4.596563361096456246e-01,-1.283542776792197415e+00
-3.073170092111376372e-01,-1.263498128516078012e+00
-1.429508933469579302e-01,-1.239444550584734683e+00
1.740629286199787615e-02,-1.227417761619062908e+00
1.777634790709536616e-01,-1.211382042998167430e+00
3.220849466590138821e-01,-1.203364183687719580e+00
4.543796252814024106e-01,-1.191337394722048026e+00
5.746475149381192749e-01,-1.187328465066824101e+00
6.788796859739405498e-01,-1.179310605756376251e+00
7.670761383888662355e-01,-1.179310605756376251e+00
8.352279425276724067e-01,-1.179310605756376251e+00
8.352279425276724067e-01,-1.179310605756376251e+00
9.194154652873742783e-01,-1.179310605756376251e+00
9.194154652873742783e-01,-1.179310605756376251e+00
9.194154652873742783e-01,-1.179310605756376251e+00
9.194154652873742783e-01,-1.179310605756376251e+00
9.194154652873742783e-01,-1.179310605756376251e+00
9.194154652873742783e-01,-1.179310605756376251e+00
9.194154652873742783e-01,-1.179310605756376251e+00
8.232011535620007425e-01,-1.175301676101152326e+00
