7.370000000000000000e+02,-1.724000000000000000e+03
7.370000000000000000e+02,-1.724000000000000000e+03
7.370000000000000000e+02,-1.724000000000000000e+03
7.370000000000000000e+02,-1.724000000000000000e+03
7.370000000000000000e+02,-1.724000000000000000e+03
7.580000000000000000e+02,-1.727000000000000000e+03
7.720000000000000000e+02,-1.723000000000000000e+03
7.910000000000000000e+02,-1.711000000000000000e+03
8.100000000000000000e+02,-1.692000000000000000e+03
8.350000000000000000e+02,-1.665000000000000000e+03
8.560000000000000000e+02,-1.637000000000000000e+03
8.820000000000000000e+02,-1.604000000000000000e+03
9.030000000000000000e+02,-1.567000000000000000e+03
9.290000000000000000e+02,-1.518000000000000000e+03
9.470000000000000000e+02,-1.472000000000000000e+03
9.660000000000000000e+02,-1.418000000000000000e+03
9.810000000000000000e+02,-1.371000000000000000e+03
9.930000000000000000e+02,-1.320000000000000000e+03
1.002000000000000000e+03,-1.272000000000000000e+03
1.010000000000000000e+03,-1.215000000000000000e+03
1.013000000000000000e+03,-1.165000000000000000e+03
1.013000000000000000e+03,-1.118000000000000000e+03
1.010000000000000000e+03,-1.070000000000000000e+03
1.004000000000000000e+03,-1.029000000000000000e+03
9.960000000000000000e+02,-9.980000000000000000e+02
9.840000000000000000e+02,-9.650000000000000000e+02
9.710000000000000000e+02,-9.490000000000000000e+02
9.560000000000000000e+02,-9.480000000000000000e+02
9.360000000000000000e+02,-9.590000000000000000e+02
9.150000000000000000e+02,-9.840000000000000000e+02
8.940000000000000000e+02,-1.029000000000000000e+03
8.760000000000000000e+02,-1.093000000000000000e+03
8.560000000000000000e+02,-1.168000000000000000e+03
8.550000000000000000e+02,-1.263000000000000000e+03
8.410000000000000000e+02,-1.376000000000000000e+03
8.520000000000000000e+02,-1.471000000000000000e+03
8.590000000000000000e+02,-1.584000000000000000e+03
8.890000000000000000e+02,-1.670000000000000000e+03
9.150000000000000000e+02,-1.757000000000000000e+03
9.710000000000000000e+02,-1.804000000000000000e+03
1.013000000000000000e+03,-1.854000000000000000e+03
1.063000000000000000e+03,-1.861000000000000000e+03
1.114000000000000000e+03,-1.852000000000000000e+03
1.149000000000000000e+03,-1.849000000000000000e+03
