4.997338173667024708e-01,1.063886987124245120e+00
5.518499028846131083e-01,1.140056650573499031e+00
5.518499028846131083e-01,1.140056650573499031e+00
5.879302697816281009e-01,1.232262032643648642e+00
5.879302697816281009e-01,1.232262032643648642e+00
6.079749180577476153e-01,1.328476344369022177e+00
6.119838477129715404e-01,1.384601359542156684e+00
6.119838477129715404e-01,1.384601359542156684e+00
5.598677621950608474e-01,1.448744234025738820e+00
4.756802394353590868e-01,1.444735304370515117e+00
3.914927166756572707e-01,1.444735304370515117e+00
2.471712490875970780e-01,1.400637078163052163e+00
8.280513322341737092e-02,1.360547781610813134e+00
-1.176413495377773705e-01,1.280369188506335298e+00
-3.100699729885243450e-01,1.216226314022752941e+00
-5.385789633362862983e-01,1.103976283676483927e+00
-7.510522350631527733e-01,1.007761971951110391e+00
-9.675344364452430623e-01,8.754672933287219738e-01
-1.155954130240766098e+00,7.551994036720051096e-01
-1.336355964725841394e+00,6.108779360839449168e-01
-1.460632784037782184e+00,4.705653981511085382e-01
-1.560856025418379645e+00,3.182260712526005508e-01
-1.633016759212409630e+00,1.498510257331969742e-01
-1.677114985419872584e+00,-1.852401978620661638e-02
-1.669097126109424734e+00,-1.828901356503863096e-01
-1.633016759212409630e+00,-3.432473218593420916e-01
-1.560856025418379645e+00,-5.036045080682979291e-01
-1.436579206106438855e+00,-6.599527646220297861e-01
-1.276222019897482962e+00,-8.042742322100899788e-01
-1.083793396446736113e+00,-9.445867701429263574e-01
-8.472665467885261981e-01,-1.056836800489195483e+00
-5.906950488541969913e-01,-1.153051112214568796e+00
-3.060610433333004199e-01,-1.221202916353375079e+00
-2.142703781240389016e-02,-1.269310072216061736e+00
2.832516159846121262e-01,-1.293363650147405286e+00
5.518499028846131083e-01,-1.293363650147405286e+00
8.084214008189423151e-01,-1.261292212905614107e+00
1.016885742890584865e+00,-1.221202916353375079e+00
1.201296507030884086e+00,-1.165077901180240572e+00
1.333591185653272504e+00,-1.104943956351882139e+00
1.421787638068198190e+00,-1.032783222557851932e+00
1.473903723586108994e+00,-9.686403480742696859e-01
1.453859075309989368e+00,-8.924706846250156644e-01
1.393725130481630936e+00,-8.082831618653139039e-01
1.285484029790585847e+00,-7.441402873817315466e-01
1.129135773236853879e+00,-6.719795535877014503e-01
9.447250090965547686e-01,-5.998188197936713539e-01
7.282428077144644796e-01,-5.196402266891935184e-01
5.037427470219263403e-01,-4.514884225503872917e-01
2.872605456398359958e-01,-3.793276887563571398e-01
1.068587111547607410e-01,-3.312205328936704274e-01
-2.543596746762778402e-02,-2.791044473757597899e-01
-1.336770681586729459e-01,-2.470330101339686391e-01
-1.336770681586729459e-01,-2.470330101339686391e-01
-1.336770681586729459e-01,-2.470330101339686391e-01
-7.354312333031452764e-02,-2.550508694444164060e-01
2.267118839505895267e-02,-2.831133770309836595e-01
1.188855001204324330e-01,-3.392383922041182220e-01
