5.160000000000000000e+02,-5.570000000000000000e+02
5.200000000000000000e+02,-5.470000000000000000e+02
5.290000000000000000e+02,-5.330000000000000000e+02
5.290000000000000000e+02,-5.330000000000000000e+02
5.380000000000000000e+02,-5.170000000000000000e+02
5.380000000000000000e+02,-5.170000000000000000e+02
5.380000000000000000e+02,-5.170000000000000000e+02
5.380000000000000000e+02,-5.170000000000000000e+02
5.260000000000000000e+02,-5.390000000000000000e+02
5.140000000000000000e+02,-5.640000000000000000e+02
4.910000000000000000e+02,-6.070000000000000000e+02
4.670000000000000000e+02,-6.590000000000000000e+02
4.290000000000000000e+02,-7.260000000000000000e+02
3.940000000000000000e+02,-8.000000000000000000e+02
3.500000000000000000e+02,-8.830000000000000000e+02
3.120000000000000000e+02,-9.630000000000000000e+02
2.720000000000000000e+02,-1.044000000000000000e+03
2.410000000000000000e+02,-1.114000000000000000e+03
2.120000000000000000e+02,-1.172000000000000000e+03
1.930000000000000000e+02,-1.215000000000000000e+03
1.790000000000000000e+02,-1.248000000000000000e+03
1.710000000000000000e+02,-1.264000000000000000e+03
1.710000000000000000e+02,-1.264000000000000000e+03
1.710000000000000000e+02,-1.264000000000000000e+03
1.710000000000000000e+02,-1.251000000000000000e+03
1.760000000000000000e+02,-1.230000000000000000e+03
1.840000000000000000e+02,-1.205000000000000000e+03
1.950000000000000000e+02,-1.175000000000000000e+03
2.110000000000000000e+02,-1.140000000000000000e+03
2.320000000000000000e+02,-1.100000000000000000e+03
2.600000000000000000e+02,-1.055000000000000000e+03
2.920000000000000000e+02,-1.009000000000000000e+03
3.320000000000000000e+02,-9.570000000000000000e+02
3.770000000000000000e+02,-9.050000000000000000e+02
4.280000000000000000e+02,-8.520000000000000000e+02
4.840000000000000000e+02,-8.020000000000000000e+02
5.440000000000000000e+02,-7.540000000000000000e+02
6.050000000000000000e+02,-7.150000000000000000e+02
6.620000000000000000e+02,-6.860000000000000000e+02
7.140000000000000000e+02,-6.680000000000000000e+02
7.580000000000000000e+02,-6.610000000000000000e+02
7.930000000000000000e+02,-6.670000000000000000e+02
8.140000000000000000e+02,-6.850000000000000000e+02
8.190000000000000000e+02,-7.120000000000000000e+02
8.040000000000000000e+02,-7.490000000000000000e+02
7.720000000000000000e+02,-7.900000000000000000e+02
7.240000000000000000e+02,-8.330000000000000000e+02
6.640000000000000000e+02,-8.770000000000000000e+02
5.960000000000000000e+02,-9.210000000000000000e+02
5.250000000000000000e+02,-9.590000000000000000e+02
4.580000000000000000e+02,-9.900000000000000000e+02
3.960000000000000000e+02,-1.016000000000000000e+03
3.470000000000000000e+02,-1.032000000000000000e+03
3.060000000000000000e+02,-1.045000000000000000e+03
2.820000000000000000e+02,-1.047000000000000000e+03
2.710000000000000000e+02,-1.047000000000000000e+03
2.760000000000000000e+02,-1.038000000000000000e+03
2.870000000000000000e+02,-1.029000000000000000e+03
3.110000000000000000e+02,-1.017000000000000000e+03
3.390000000000000000e+02,-1.008000000000000000e+03
3.720000000000000000e+02,-1.002000000000000000e+03
4.110000000000000000e+02,-9.980000000000000000e+02
4.480000000000000000e+02,-1.007000000000000000e+03
4.900000000000000000e+02,-1.018000000000000000e+03
5.200000000000000000e+02,-1.041000000000000000e+03
5.520000000000000000e+02,-1.064000000000000000e+03
5.730000000000000000e+02,-1.099000000000000000e+03
5.930000000000000000e+02,-1.132000000000000000e+03
6.050000000000000000e+02,-1.171000000000000000e+03
6.160000000000000000e+02,-1.208000000000000000e+03
6.230000000000000000e+02,-1.241000000000000000e+03
6.310000000000000000e+02,-1.268000000000000000e+03
6.410000000000000000e+02,-1.292000000000000000e+03
6.540000000000000000e+02,-1.311000000000000000e+03
6.750000000000000000e+02,-1.311000000000000000e+03
7.030000000000000000e+02,-1.308000000000000000e+03
7.340000000000000000e+02,-1.294000000000000000e+03
7.710000000000000000e+02,-1.269000000000000000e+03
