1.167000000000000000e+03,-9.370000000000000000e+02
1.167000000000000000e+03,-9.370000000000000000e+02
1.158000000000000000e+03,-9.040000000000000000e+02
1.158000000000000000e+03,-9.040000000000000000e+02
1.129000000000000000e+03,-8.820000000000000000e+02
1.110000000000000000e+03,-8.730000000000000000e+02
1.082000000000000000e+03,-8.710000000000000000e+02
1.055000000000000000e+03,-8.680000000000000000e+02
1.019000000000000000e+03,-8.710000000000000000e+02
9.890000000000000000e+02,-8.760000000000000000e+02
9.570000000000000000e+02,-8.820000000000000000e+02
9.300000000000000000e+02,-8.910000000000000000e+02
9.090000000000000000e+02,-9.010000000000000000e+02
8.940000000000000000e+02,-9.130000000000000000e+02
8.850000000000000000e+02,-9.300000000000000000e+02
8.850000000000000000e+02,-9.520000000000000000e+02
8.980000000000000000e+02,-9.770000000000000000e+02
9.120000000000000000e+02,-1.004000000000000000e+03
9.290000000000000000e+02,-1.029000000000000000e+03
9.500000000000000000e+02,-1.056000000000000000e+03
9.710000000000000000e+02,-1.081000000000000000e+03
9.960000000000000000e+02,-1.100000000000000000e+03
1.024000000000000000e+03,-1.111000000000000000e+03
1.049000000000000000e+03,-1.111000000000000000e+03
1.072000000000000000e+03,-1.100000000000000000e+03
1.094000000000000000e+03,-1.085000000000000000e+03
1.111000000000000000e+03,-1.067000000000000000e+03
1.135000000000000000e+03,-1.041000000000000000e+03
1.137000000000000000e+03,-1.028000000000000000e+03
1.147000000000000000e+03,-1.004000000000000000e+03
