3.390000000000000000e+02,-7.830000000000000000e+02
3.390000000000000000e+02,-7.830000000000000000e+02
3.410000000000000000e+02,-7.720000000000000000e+02
3.530000000000000000e+02,-7.610000000000000000e+02
3.640000000000000000e+02,-7.520000000000000000e+02
3.890000000000000000e+02,-7.330000000000000000e+02
4.110000000000000000e+02,-7.190000000000000000e+02
4.400000000000000000e+02,-7.020000000000000000e+02
4.710000000000000000e+02,-6.920000000000000000e+02
5.030000000000000000e+02,-6.840000000000000000e+02
5.330000000000000000e+02,-6.860000000000000000e+02
5.600000000000000000e+02,-6.940000000000000000e+02
5.790000000000000000e+02,-7.110000000000000000e+02
5.950000000000000000e+02,-7.340000000000000000e+02
6.050000000000000000e+02,-7.650000000000000000e+02
6.080000000000000000e+02,-8.010000000000000000e+02
6.040000000000000000e+02,-8.400000000000000000e+02
5.950000000000000000e+02,-8.810000000000000000e+02
5.800000000000000000e+02,-9.160000000000000000e+02
5.610000000000000000e+02,-9.490000000000000000e+02
5.370000000000000000e+02,-9.770000000000000000e+02
5.090000000000000000e+02,-9.990000000000000000e+02
4.800000000000000000e+02,-1.012000000000000000e+03
4.530000000000000000e+02,-1.018000000000000000e+03
4.260000000000000000e+02,-1.017000000000000000e+03
4.030000000000000000e+02,-1.010000000000000000e+03
3.820000000000000000e+02,-1.000000000000000000e+03
3.680000000000000000e+02,-9.870000000000000000e+02
3.600000000000000000e+02,-9.720000000000000000e+02
3.580000000000000000e+02,-9.560000000000000000e+02
3.640000000000000000e+02,-9.420000000000000000e+02
3.760000000000000000e+02,-9.310000000000000000e+02
3.930000000000000000e+02,-9.240000000000000000e+02
4.130000000000000000e+02,-9.220000000000000000e+02
4.370000000000000000e+02,-9.270000000000000000e+02
4.620000000000000000e+02,-9.380000000000000000e+02
4.880000000000000000e+02,-9.560000000000000000e+02
5.140000000000000000e+02,-9.810000000000000000e+02
5.360000000000000000e+02,-1.010000000000000000e+03
5.580000000000000000e+02,-1.041000000000000000e+03
5.760000000000000000e+02,-1.074000000000000000e+03
5.920000000000000000e+02,-1.106000000000000000e+03
6.050000000000000000e+02,-1.136000000000000000e+03
6.160000000000000000e+02,-1.163000000000000000e+03
6.250000000000000000e+02,-1.185000000000000000e+03
6.320000000000000000e+02,-1.200000000000000000e+03
6.380000000000000000e+02,-1.212000000000000000e+03
6.380000000000000000e+02,-1.212000000000000000e+03
6.460000000000000000e+02,-1.223000000000000000e+03
6.460000000000000000e+02,-1.223000000000000000e+03
6.460000000000000000e+02,-1.223000000000000000e+03
6.540000000000000000e+02,-1.209000000000000000e+03
6.550000000000000000e+02,-1.192000000000000000e+03
