6.750000000000000000e+02,-9.870000000000000000e+02
6.750000000000000000e+02,-9.870000000000000000e+02
6.750000000000000000e+02,-1.013000000000000000e+03
6.750000000000000000e+02,-1.046000000000000000e+03
6.810000000000000000e+02,-1.094000000000000000e+03
6.810000000000000000e+02,-1.162000000000000000e+03
6.920000000000000000e+02,-1.230000000000000000e+03
6.960000000000000000e+02,-1.317000000000000000e+03
7.070000000000000000e+02,-1.402000000000000000e+03
7.120000000000000000e+02,-1.489000000000000000e+03
7.210000000000000000e+02,-1.567000000000000000e+03
7.280000000000000000e+02,-1.641000000000000000e+03
7.360000000000000000e+02,-1.706000000000000000e+03
7.400000000000000000e+02,-1.759000000000000000e+03
7.460000000000000000e+02,-1.800000000000000000e+03
7.480000000000000000e+02,-1.827000000000000000e+03
7.480000000000000000e+02,-1.827000000000000000e+03
7.480000000000000000e+02,-1.827000000000000000e+03
7.430000000000000000e+02,-1.807000000000000000e+03
7.420000000000000000e+02,-1.765000000000000000e+03
7.430000000000000000e+02,-1.699000000000000000e+03
7.510000000000000000e+02,-1.616000000000000000e+03
7.610000000000000000e+02,-1.522000000000000000e+03
7.820000000000000000e+02,-1.415000000000000000e+03
8.110000000000000000e+02,-1.308000000000000000e+03
8.440000000000000000e+02,-1.203000000000000000e+03
8.830000000000000000e+02,-1.108000000000000000e+03
9.260000000000000000e+02,-1.028000000000000000e+03
9.690000000000000000e+02,-9.680000000000000000e+02
1.012000000000000000e+03,-9.240000000000000000e+02
1.052000000000000000e+03,-9.000000000000000000e+02
1.085000000000000000e+03,-8.970000000000000000e+02
1.113000000000000000e+03,-9.060000000000000000e+02
1.134000000000000000e+03,-9.270000000000000000e+02
1.144000000000000000e+03,-9.620000000000000000e+02
1.147000000000000000e+03,-1.004000000000000000e+03
1.138000000000000000e+03,-1.053000000000000000e+03
1.117000000000000000e+03,-1.111000000000000000e+03
1.088000000000000000e+03,-1.165000000000000000e+03
1.052000000000000000e+03,-1.221000000000000000e+03
1.010000000000000000e+03,-1.272000000000000000e+03
9.650000000000000000e+02,-1.313000000000000000e+03
9.180000000000000000e+02,-1.338000000000000000e+03
8.790000000000000000e+02,-1.349000000000000000e+03
8.370000000000000000e+02,-1.356000000000000000e+03
8.070000000000000000e+02,-1.347000000000000000e+03
7.820000000000000000e+02,-1.329000000000000000e+03
7.610000000000000000e+02,-1.302000000000000000e+03
7.510000000000000000e+02,-1.267000000000000000e+03
