8.000000000000000000e+02,-1.409000000000000000e+03
8.070000000000000000e+02,-1.379000000000000000e+03
8.020000000000000000e+02,-1.361000000000000000e+03
7.990000000000000000e+02,-1.338000000000000000e+03
7.930000000000000000e+02,-1.320000000000000000e+03
7.850000000000000000e+02,-1.307000000000000000e+03
7.790000000000000000e+02,-1.290000000000000000e+03
7.640000000000000000e+02,-1.284000000000000000e+03
7.640000000000000000e+02,-1.284000000000000000e+03
7.340000000000000000e+02,-1.272000000000000000e+03
7.340000000000000000e+02,-1.272000000000000000e+03
6.980000000000000000e+02,-1.264000000000000000e+03
6.810000000000000000e+02,-1.264000000000000000e+03
6.570000000000000000e+02,-1.275000000000000000e+03
6.380000000000000000e+02,-1.281000000000000000e+03
6.140000000000000000e+02,-1.296000000000000000e+03
5.940000000000000000e+02,-1.316000000000000000e+03
5.740000000000000000e+02,-1.349000000000000000e+03
5.560000000000000000e+02,-1.391000000000000000e+03
5.440000000000000000e+02,-1.450000000000000000e+03
5.430000000000000000e+02,-1.521000000000000000e+03
5.470000000000000000e+02,-1.604000000000000000e+03
5.670000000000000000e+02,-1.691000000000000000e+03
6.010000000000000000e+02,-1.783000000000000000e+03
6.530000000000000000e+02,-1.872000000000000000e+03
7.180000000000000000e+02,-1.950000000000000000e+03
7.960000000000000000e+02,-2.015000000000000000e+03
8.800000000000000000e+02,-2.060000000000000000e+03
9.650000000000000000e+02,-2.081000000000000000e+03
1.051000000000000000e+03,-2.084000000000000000e+03
1.128000000000000000e+03,-2.069000000000000000e+03
1.191000000000000000e+03,-2.041000000000000000e+03
1.239000000000000000e+03,-1.992000000000000000e+03
1.274000000000000000e+03,-1.932000000000000000e+03
1.293000000000000000e+03,-1.861000000000000000e+03
1.299000000000000000e+03,-1.781000000000000000e+03
1.295000000000000000e+03,-1.700000000000000000e+03
1.277000000000000000e+03,-1.619000000000000000e+03
1.253000000000000000e+03,-1.536000000000000000e+03
1.223000000000000000e+03,-1.456000000000000000e+03
1.188000000000000000e+03,-1.388000000000000000e+03
1.149000000000000000e+03,-1.331000000000000000e+03
1.110000000000000000e+03,-1.286000000000000000e+03
1.070000000000000000e+03,-1.254000000000000000e+03
1.034000000000000000e+03,-1.233000000000000000e+03
9.950000000000000000e+02,-1.222000000000000000e+03
9.560000000000000000e+02,-1.227000000000000000e+03
9.150000000000000000e+02,-1.242000000000000000e+03
8.700000000000000000e+02,-1.266000000000000000e+03
8.370000000000000000e+02,-1.289000000000000000e+03
8.050000000000000000e+02,-1.317000000000000000e+03
7.790000000000000000e+02,-1.350000000000000000e+03
7.630000000000000000e+02,-1.376000000000000000e+03
7.520000000000000000e+02,-1.402000000000000000e+03
