9.810000000000000000e+02,-6.410000000000000000e+02
9.910000000000000000e+02,-6.270000000000000000e+02
1.009000000000000000e+03,-6.020000000000000000e+02
1.027000000000000000e+03,-5.790000000000000000e+02
1.048000000000000000e+03,-5.560000000000000000e+02
1.083000000000000000e+03,-5.220000000000000000e+02
1.112000000000000000e+03,-4.990000000000000000e+02
1.142000000000000000e+03,-4.690000000000000000e+02
1.168000000000000000e+03,-4.450000000000000000e+02
1.198000000000000000e+03,-4.220000000000000000e+02
1.219000000000000000e+03,-4.120000000000000000e+02
1.243000000000000000e+03,-4.010000000000000000e+02
