8.890000000000000000e+02,-1.016000000000000000e+03
8.890000000000000000e+02,-1.016000000000000000e+03
8.890000000000000000e+02,-1.016000000000000000e+03
8.890000000000000000e+02,-1.016000000000000000e+03
8.830000000000000000e+02,-1.035000000000000000e+03
8.830000000000000000e+02,-1.035000000000000000e+03
8.830000000000000000e+02,-1.060000000000000000e+03
8.830000000000000000e+02,-1.078000000000000000e+03
8.830000000000000000e+02,-1.096000000000000000e+03
8.850000000000000000e+02,-1.118000000000000000e+03
8.830000000000000000e+02,-1.141000000000000000e+03
8.770000000000000000e+02,-1.167000000000000000e+03
8.880000000000000000e+02,-1.185000000000000000e+03
8.820000000000000000e+02,-1.216000000000000000e+03
8.920000000000000000e+02,-1.234000000000000000e+03
