8.400000000000000000e+02,-1.126000000000000000e+03
8.400000000000000000e+02,-1.126000000000000000e+03
8.400000000000000000e+02,-1.126000000000000000e+03
8.400000000000000000e+02,-1.126000000000000000e+03
8.400000000000000000e+02,-1.126000000000000000e+03
8.400000000000000000e+02,-1.126000000000000000e+03
8.400000000000000000e+02,-1.126000000000000000e+03
8.400000000000000000e+02,-1.126000000000000000e+03
8.400000000000000000e+02,-1.126000000000000000e+03
8.400000000000000000e+02,-1.126000000000000000e+03
8.400000000000000000e+02,-1.126000000000000000e+03
8.400000000000000000e+02,-1.126000000000000000e+03
8.400000000000000000e+02,-1.126000000000000000e+03
8.400000000000000000e+02,-1.126000000000000000e+03
8.400000000000000000e+02,-1.126000000000000000e+03
8.400000000000000000e+02,-1.126000000000000000e+03
8.560000000000000000e+02,-1.138000000000000000e+03
8.560000000000000000e+02,-1.138000000000000000e+03
8.700000000000000000e+02,-1.150000000000000000e+03
8.700000000000000000e+02,-1.150000000000000000e+03
8.820000000000000000e+02,-1.165000000000000000e+03
8.820000000000000000e+02,-1.165000000000000000e+03
8.950000000000000000e+02,-1.183000000000000000e+03
8.950000000000000000e+02,-1.183000000000000000e+03
9.060000000000000000e+02,-1.209000000000000000e+03
9.110000000000000000e+02,-1.224000000000000000e+03
9.150000000000000000e+02,-1.240000000000000000e+03
9.200000000000000000e+02,-1.257000000000000000e+03
9.230000000000000000e+02,-1.278000000000000000e+03
9.270000000000000000e+02,-1.296000000000000000e+03
9.320000000000000000e+02,-1.317000000000000000e+03
9.350000000000000000e+02,-1.340000000000000000e+03
9.360000000000000000e+02,-1.364000000000000000e+03
9.380000000000000000e+02,-1.390000000000000000e+03
9.390000000000000000e+02,-1.412000000000000000e+03
9.390000000000000000e+02,-1.438000000000000000e+03
9.410000000000000000e+02,-1.462000000000000000e+03
9.380000000000000000e+02,-1.489000000000000000e+03
9.350000000000000000e+02,-1.513000000000000000e+03
9.350000000000000000e+02,-1.536000000000000000e+03
9.350000000000000000e+02,-1.557000000000000000e+03
9.320000000000000000e+02,-1.578000000000000000e+03
9.300000000000000000e+02,-1.599000000000000000e+03
9.290000000000000000e+02,-1.620000000000000000e+03
9.260000000000000000e+02,-1.640000000000000000e+03
9.230000000000000000e+02,-1.661000000000000000e+03
9.200000000000000000e+02,-1.682000000000000000e+03
9.170000000000000000e+02,-1.705000000000000000e+03
9.110000000000000000e+02,-1.729000000000000000e+03
9.040000000000000000e+02,-1.750000000000000000e+03
8.970000000000000000e+02,-1.775000000000000000e+03
8.910000000000000000e+02,-1.800000000000000000e+03
8.820000000000000000e+02,-1.822000000000000000e+03
8.740000000000000000e+02,-1.845000000000000000e+03
8.650000000000000000e+02,-1.863000000000000000e+03
8.580000000000000000e+02,-1.879000000000000000e+03
8.500000000000000000e+02,-1.896000000000000000e+03
8.440000000000000000e+02,-1.910000000000000000e+03
8.440000000000000000e+02,-1.910000000000000000e+03
8.350000000000000000e+02,-1.928000000000000000e+03
8.350000000000000000e+02,-1.928000000000000000e+03
8.290000000000000000e+02,-1.949000000000000000e+03
8.290000000000000000e+02,-1.949000000000000000e+03
8.220000000000000000e+02,-1.970000000000000000e+03
8.220000000000000000e+02,-1.970000000000000000e+03
8.130000000000000000e+02,-1.989000000000000000e+03
8.130000000000000000e+02,-1.989000000000000000e+03
8.020000000000000000e+02,-2.006000000000000000e+03
8.020000000000000000e+02,-2.006000000000000000e+03
8.020000000000000000e+02,-2.006000000000000000e+03
7.880000000000000000e+02,-2.017000000000000000e+03
7.880000000000000000e+02,-2.017000000000000000e+03
7.910000000000000000e+02,-1.998000000000000000e+03
7.910000000000000000e+02,-1.998000000000000000e+03
7.970000000000000000e+02,-1.971000000000000000e+03
