4.729509062483370774e-01,7.075760841470174478e-01
4.849776952140087416e-01,7.757278882858236191e-01
4.849776952140087416e-01,7.757278882858236191e-01
4.448883986617698238e-01,8.278439738037343121e-01
4.288526800408742345e-01,8.639243407007493047e-01
3.927723131438591864e-01,8.879779186320927442e-01
3.927723131438591864e-01,8.879779186320927442e-01
3.045758607289335007e-01,9.240582855291077369e-01
2.484508455557989381e-01,9.280672151843316620e-01
1.602543931408732525e-01,9.200493558738839228e-01
7.606687038117146415e-02,9.080225669082121476e-01
-3.618315996509759158e-02,8.719422000111971549e-01
-1.404153310009188527e-01,8.238350441485103870e-01
-2.486564316919640250e-01,7.596921696649281408e-01
-3.448707434173374775e-01,7.075760841470174478e-01
-4.250493365218154240e-01,6.474421393186590157e-01
-4.691475627292782669e-01,5.913171241455245086e-01
-4.891922110053977257e-01,5.392010386276138156e-01
-4.611297034188304722e-01,4.910938827649271032e-01
-3.929778992800242454e-01,4.429867269022403908e-01
-2.927546578994268400e-01,3.988885006947775480e-01
-1.724867682427100035e-01,3.507813448320907801e-01
-2.415637099942590654e-02,2.786206110380606837e-01
1.241740262438582043e-01,2.024509475888066901e-01
2.644865641766945275e-01,1.262812841395526964e-01
4.007901724543069810e-01,3.808483172462700378e-02
5.130402028005760506e-01,-6.614733931119426424e-02
5.130402028005760506e-01,-6.614733931119426424e-02
6.453348814229645791e-01,-2.706027517276128891e-01
6.453348814229645791e-01,-2.706027517276128891e-01
6.493438110781883932e-01,-4.429867269022403908e-01
6.493438110781883932e-01,-4.429867269022403908e-01
5.130402028005760506e-01,-6.073528427664200979e-01
5.130402028005760506e-01,-6.073528427664200979e-01
2.564687048662467328e-01,-7.196028731126891120e-01
9.210258900206705346e-02,-7.556832400097042157e-01
-8.028138617256043441e-02,-7.997814662171670586e-01
-2.646921503128595865e-01,-8.198261144932864619e-01
-4.290582661770392936e-01,-8.278439738037343121e-01
-4.290582661770392936e-01,-8.278439738037343121e-01
-7.056744123874880703e-01,-8.278439738037343121e-01
-7.056744123874880703e-01,-8.278439738037343121e-01
-8.780583875621155165e-01,-8.077993255276147977e-01
-8.780583875621155165e-01,-8.077993255276147977e-01
-8.780583875621155165e-01,-8.077993255276147977e-01
-8.780583875621155165e-01,-8.077993255276147977e-01
-8.780583875621155165e-01,-8.077993255276147977e-01
-8.780583875621155165e-01,-8.077993255276147977e-01
-8.780583875621155165e-01,-8.077993255276147977e-01
-6.896386937665924810e-01,-7.115850138022413729e-01
-6.896386937665924810e-01,-7.115850138022413729e-01
