-1.480440451250538969e-01,-2.280794621704164693e-01
-1.400261858146061023e-01,-1.519097987211624479e-01
-1.400261858146061023e-01,-1.519097987211624479e-01
-1.400261858146061023e-01,-1.519097987211624479e-01
-7.989224098624768400e-02,-2.761866180331031817e-01
4.295281773454107804e-03,-4.205080856211634299e-01
1.125363824644992766e-01,-5.808652718301192674e-01
2.648757093630072501e-01,-7.652760359704183779e-01
4.452775438480825465e-01,-9.496868001107175994e-01
6.457240266092773018e-01,-1.134097564251016710e+00
8.501794390256959266e-01,-1.286436891149524753e+00
1.050625921786890737e+00,-1.406704780806241617e+00
1.235036685927189737e+00,-1.498910162876391228e+00
1.355304575583906601e+00,-1.583097685636092988e+00
1.507643902482414644e+00,-1.587106615291316913e+00
1.563768917655549151e+00,-1.595124474601764542e+00
