4.240000000000000000e+02,-8.750000000000000000e+02
4.240000000000000000e+02,-8.750000000000000000e+02
4.240000000000000000e+02,-8.750000000000000000e+02
4.230000000000000000e+02,-8.650000000000000000e+02
4.230000000000000000e+02,-8.650000000000000000e+02
4.230000000000000000e+02,-8.650000000000000000e+02
4.340000000000000000e+02,-8.580000000000000000e+02
4.340000000000000000e+02,-8.580000000000000000e+02
4.490000000000000000e+02,-8.520000000000000000e+02
4.490000000000000000e+02,-8.520000000000000000e+02
4.720000000000000000e+02,-8.420000000000000000e+02
4.830000000000000000e+02,-8.360000000000000000e+02
4.990000000000000000e+02,-8.260000000000000000e+02
5.100000000000000000e+02,-8.170000000000000000e+02
5.250000000000000000e+02,-8.060000000000000000e+02
5.380000000000000000e+02,-7.960000000000000000e+02
5.500000000000000000e+02,-7.850000000000000000e+02
5.590000000000000000e+02,-7.770000000000000000e+02
5.680000000000000000e+02,-7.690000000000000000e+02
5.770000000000000000e+02,-7.630000000000000000e+02
5.770000000000000000e+02,-7.630000000000000000e+02
5.920000000000000000e+02,-7.550000000000000000e+02
5.920000000000000000e+02,-7.550000000000000000e+02
6.030000000000000000e+02,-7.590000000000000000e+02
6.120000000000000000e+02,-7.570000000000000000e+02
6.120000000000000000e+02,-7.570000000000000000e+02
