6.110000000000000000e+02,-6.330000000000000000e+02
5.900000000000000000e+02,-6.500000000000000000e+02
5.770000000000000000e+02,-6.640000000000000000e+02
5.540000000000000000e+02,-6.900000000000000000e+02
5.310000000000000000e+02,-7.230000000000000000e+02
5.060000000000000000e+02,-7.630000000000000000e+02
4.800000000000000000e+02,-8.080000000000000000e+02
4.580000000000000000e+02,-8.550000000000000000e+02
4.320000000000000000e+02,-9.060000000000000000e+02
4.130000000000000000e+02,-9.550000000000000000e+02
3.900000000000000000e+02,-1.007000000000000000e+03
3.720000000000000000e+02,-1.052000000000000000e+03
3.550000000000000000e+02,-1.094000000000000000e+03
3.410000000000000000e+02,-1.128000000000000000e+03
3.290000000000000000e+02,-1.156000000000000000e+03
3.230000000000000000e+02,-1.177000000000000000e+03
3.170000000000000000e+02,-1.189000000000000000e+03
3.170000000000000000e+02,-1.189000000000000000e+03
3.170000000000000000e+02,-1.189000000000000000e+03
3.280000000000000000e+02,-1.168000000000000000e+03
3.400000000000000000e+02,-1.142000000000000000e+03
3.560000000000000000e+02,-1.105000000000000000e+03
3.700000000000000000e+02,-1.059000000000000000e+03
3.870000000000000000e+02,-1.004000000000000000e+03
4.100000000000000000e+02,-9.430000000000000000e+02
4.340000000000000000e+02,-8.820000000000000000e+02
4.590000000000000000e+02,-8.210000000000000000e+02
4.820000000000000000e+02,-7.610000000000000000e+02
5.030000000000000000e+02,-7.040000000000000000e+02
5.260000000000000000e+02,-6.540000000000000000e+02
5.480000000000000000e+02,-6.130000000000000000e+02
5.720000000000000000e+02,-5.770000000000000000e+02
5.910000000000000000e+02,-5.510000000000000000e+02
6.130000000000000000e+02,-5.280000000000000000e+02
6.310000000000000000e+02,-5.140000000000000000e+02
6.500000000000000000e+02,-5.040000000000000000e+02
6.700000000000000000e+02,-5.040000000000000000e+02
6.910000000000000000e+02,-5.110000000000000000e+02
7.070000000000000000e+02,-5.250000000000000000e+02
7.230000000000000000e+02,-5.450000000000000000e+02
7.390000000000000000e+02,-5.690000000000000000e+02
7.480000000000000000e+02,-6.000000000000000000e+02
7.520000000000000000e+02,-6.340000000000000000e+02
7.500000000000000000e+02,-6.700000000000000000e+02
7.410000000000000000e+02,-7.060000000000000000e+02
7.240000000000000000e+02,-7.410000000000000000e+02
7.000000000000000000e+02,-7.710000000000000000e+02
6.690000000000000000e+02,-7.980000000000000000e+02
6.340000000000000000e+02,-8.190000000000000000e+02
5.940000000000000000e+02,-8.370000000000000000e+02
5.580000000000000000e+02,-8.460000000000000000e+02
5.230000000000000000e+02,-8.540000000000000000e+02
4.930000000000000000e+02,-8.600000000000000000e+02
4.810000000000000000e+02,-8.550000000000000000e+02
4.720000000000000000e+02,-8.540000000000000000e+02
4.820000000000000000e+02,-8.450000000000000000e+02
