6.430000000000000000e+02,-9.680000000000000000e+02
6.480000000000000000e+02,-9.540000000000000000e+02
6.480000000000000000e+02,-9.540000000000000000e+02
6.500000000000000000e+02,-9.420000000000000000e+02
6.500000000000000000e+02,-9.420000000000000000e+02
6.500000000000000000e+02,-9.420000000000000000e+02
6.550000000000000000e+02,-9.340000000000000000e+02
6.550000000000000000e+02,-9.340000000000000000e+02
6.550000000000000000e+02,-9.340000000000000000e+02
6.550000000000000000e+02,-9.340000000000000000e+02
6.460000000000000000e+02,-9.410000000000000000e+02
6.460000000000000000e+02,-9.410000000000000000e+02
6.420000000000000000e+02,-9.560000000000000000e+02
6.420000000000000000e+02,-9.650000000000000000e+02
6.440000000000000000e+02,-9.750000000000000000e+02
6.450000000000000000e+02,-9.870000000000000000e+02
6.500000000000000000e+02,-9.980000000000000000e+02
