2.428075061180607896e-01,-8.098037903552267602e-01
2.428075061180607896e-01,-8.098037903552267602e-01
1.385753350822395147e-01,-8.619198758731374532e-01
1.385753350822395147e-01,-8.619198758731374532e-01
2.632530473597045548e-02,-9.100270317358241101e-01
-4.583542905805965129e-02,-9.661520469089587282e-01
-1.059693738864180695e-01,-1.030294921392540974e+00
-1.901568966461198718e-01,-1.134527092428362360e+00
-2.663265600953738654e-01,-1.254794982085079003e+00
-3.865944497520907297e-01,-1.419161097949258821e+00
-4.467283945804491618e-01,-1.563482565537319013e+00
-5.710052138923898957e-01,-1.767937977953737638e+00
-6.391570180311960669e-01,-1.912259445541797831e+00
