-8.312057927665796875e-01,1.039512302962031898e+00
-8.312057927665796875e-01,1.039512302962031898e+00
-8.312057927665796875e-01,1.039512302962031898e+00
-8.312057927665796875e-01,1.039512302962031898e+00
-8.312057927665796875e-01,1.039512302962031898e+00
-8.312057927665796875e-01,1.039512302962031898e+00
-8.312057927665796875e-01,1.039512302962031898e+00
-8.312057927665796875e-01,1.039512302962031898e+00
-8.312057927665796875e-01,1.039512302962031898e+00
-8.712950893188186052e-01,9.473069208918822870e-01
-8.712950893188186052e-01,9.473069208918822870e-01
-8.953486672501620447e-01,8.270390312351654227e-01
-8.953486672501620447e-01,7.548782974411353264e-01
-9.194022451815053731e-01,6.346104077844184621e-01
-9.274201044919531123e-01,5.183514477829255229e-01
-9.314290341471770374e-01,3.579942615739697409e-01
-9.153933155262814481e-01,2.056549346754617258e-01
-9.073754562158337089e-01,2.525310019038646756e-02
-8.793129486292664554e-01,-1.631665936051366061e-01
-8.472415113874752768e-01,-3.636130763663313337e-01
-7.991343555247885089e-01,-5.560416998170782943e-01
-7.630539886277735162e-01,-7.484703232678252549e-01
-7.229646920755344874e-01,-9.248632280976766262e-01
-6.908932548337433088e-01,-1.081211484651408483e+00
-6.748575362128478305e-01,-1.213506163273797123e+00
-6.508039582815043911e-01,-1.329765123275290062e+00
-6.427860989710566519e-01,-1.417961575690215748e+00
-6.508039582815043911e-01,-1.486113379829021808e+00
-6.508039582815043911e-01,-1.486113379829021808e+00
-6.628307472471760553e-01,-1.554265183967828090e+00
-6.628307472471760553e-01,-1.554265183967828090e+00
-6.628307472471760553e-01,-1.554265183967828090e+00
-7.029200437994150841e-01,-1.486113379829021808e+00
-6.908932548337433088e-01,-1.377872279137976719e+00
-6.989111141441911590e-01,-1.285666897067827108e+00
-6.908932548337433088e-01,-1.165399007411110244e+00
-6.748575362128478305e-01,-1.001032891546930648e+00
-6.668396769023999804e-01,-8.326578460275270155e-01
