1.026000000000000000e+03,-1.781000000000000000e+03
1.026000000000000000e+03,-1.781000000000000000e+03
1.026000000000000000e+03,-1.781000000000000000e+03
1.026000000000000000e+03,-1.781000000000000000e+03
1.026000000000000000e+03,-1.781000000000000000e+03
1.026000000000000000e+03,-1.781000000000000000e+03
1.026000000000000000e+03,-1.781000000000000000e+03
1.026000000000000000e+03,-1.781000000000000000e+03
1.026000000000000000e+03,-1.781000000000000000e+03
1.026000000000000000e+03,-1.781000000000000000e+03
1.026000000000000000e+03,-1.781000000000000000e+03
1.026000000000000000e+03,-1.781000000000000000e+03
1.026000000000000000e+03,-1.781000000000000000e+03
1.026000000000000000e+03,-1.781000000000000000e+03
1.026000000000000000e+03,-1.781000000000000000e+03
1.029000000000000000e+03,-1.766000000000000000e+03
1.029000000000000000e+03,-1.766000000000000000e+03
1.014000000000000000e+03,-1.769000000000000000e+03
1.014000000000000000e+03,-1.769000000000000000e+03
9.900000000000000000e+02,-1.763000000000000000e+03
9.760000000000000000e+02,-1.765000000000000000e+03
9.590000000000000000e+02,-1.763000000000000000e+03
9.400000000000000000e+02,-1.759000000000000000e+03
9.200000000000000000e+02,-1.754000000000000000e+03
8.980000000000000000e+02,-1.747000000000000000e+03
8.750000000000000000e+02,-1.738000000000000000e+03
8.490000000000000000e+02,-1.729000000000000000e+03
8.250000000000000000e+02,-1.718000000000000000e+03
7.980000000000000000e+02,-1.705000000000000000e+03
7.740000000000000000e+02,-1.694000000000000000e+03
7.500000000000000000e+02,-1.688000000000000000e+03
7.290000000000000000e+02,-1.676000000000000000e+03
7.090000000000000000e+02,-1.665000000000000000e+03
6.940000000000000000e+02,-1.655000000000000000e+03
6.790000000000000000e+02,-1.644000000000000000e+03
6.790000000000000000e+02,-1.644000000000000000e+03
6.620000000000000000e+02,-1.622000000000000000e+03
6.590000000000000000e+02,-1.604000000000000000e+03
6.590000000000000000e+02,-1.587000000000000000e+03
6.650000000000000000e+02,-1.570000000000000000e+03
6.740000000000000000e+02,-1.554000000000000000e+03
6.890000000000000000e+02,-1.533000000000000000e+03
7.090000000000000000e+02,-1.515000000000000000e+03
7.320000000000000000e+02,-1.500000000000000000e+03
7.570000000000000000e+02,-1.483000000000000000e+03
7.830000000000000000e+02,-1.474000000000000000e+03
8.100000000000000000e+02,-1.463000000000000000e+03
8.340000000000000000e+02,-1.457000000000000000e+03
8.570000000000000000e+02,-1.457000000000000000e+03
8.750000000000000000e+02,-1.454000000000000000e+03
8.900000000000000000e+02,-1.457000000000000000e+03
8.900000000000000000e+02,-1.457000000000000000e+03
9.080000000000000000e+02,-1.466000000000000000e+03
9.080000000000000000e+02,-1.466000000000000000e+03
9.080000000000000000e+02,-1.466000000000000000e+03
9.080000000000000000e+02,-1.466000000000000000e+03
9.080000000000000000e+02,-1.466000000000000000e+03
8.890000000000000000e+02,-1.481000000000000000e+03
8.890000000000000000e+02,-1.481000000000000000e+03
8.610000000000000000e+02,-1.472000000000000000e+03
8.450000000000000000e+02,-1.465000000000000000e+03
8.280000000000000000e+02,-1.454000000000000000e+03
8.100000000000000000e+02,-1.442000000000000000e+03
7.940000000000000000e+02,-1.424000000000000000e+03
7.800000000000000000e+02,-1.405000000000000000e+03
7.690000000000000000e+02,-1.384000000000000000e+03
7.620000000000000000e+02,-1.359000000000000000e+03
7.590000000000000000e+02,-1.334000000000000000e+03
7.600000000000000000e+02,-1.308000000000000000e+03
7.680000000000000000e+02,-1.284000000000000000e+03
7.810000000000000000e+02,-1.260000000000000000e+03
7.980000000000000000e+02,-1.239000000000000000e+03
8.190000000000000000e+02,-1.221000000000000000e+03
8.400000000000000000e+02,-1.204000000000000000e+03
8.640000000000000000e+02,-1.194000000000000000e+03
8.890000000000000000e+02,-1.188000000000000000e+03
9.110000000000000000e+02,-1.186000000000000000e+03
9.320000000000000000e+02,-1.188000000000000000e+03
9.500000000000000000e+02,-1.192000000000000000e+03
9.670000000000000000e+02,-1.203000000000000000e+03
9.840000000000000000e+02,-1.212000000000000000e+03
9.840000000000000000e+02,-1.212000000000000000e+03
1.006000000000000000e+03,-1.231000000000000000e+03
1.011000000000000000e+03,-1.252000000000000000e+03
1.014000000000000000e+03,-1.274000000000000000e+03
1.021000000000000000e+03,-1.290000000000000000e+03
1.018000000000000000e+03,-1.314000000000000000e+03
