-1.037919748383849594e+00,-1.999748439782272014e+00
-1.037919748383849594e+00,-1.999748439782272014e+00
-1.037919748383849594e+00,-1.999748439782272014e+00
-1.037919748383849594e+00,-1.999748439782272014e+00
-1.037919748383849594e+00,-1.999748439782272014e+00
-9.336875773480283192e-01,-2.007766299092719642e+00
-7.853571801047442014e-01,-1.975694861850928685e+00
-6.209910642405644943e-01,-1.971685932195704760e+00
-3.604106366510113069e-01,-1.903534128056898478e+00
-6.374984216444308516e-02,-1.827364464607644567e+00
2.810181081848118767e-01,-1.707096574950927703e+00
6.538485661206341337e-01,-1.570792966673315361e+00
9.745629385385456978e-01,-1.450525077016598496e+00
1.299286240611681187e+00,-1.318230398394209857e+00
1.579911316477353944e+00,-1.185935719771821439e+00
1.752295291651981390e+00,-1.081703548736000053e+00
1.840491744066907076e+00,-9.854892370106266286e-01
