9.745039836906752573e-01,1.407468386454855835e+00
9.745039836906752573e-01,1.407468386454855835e+00
9.745039836906752573e-01,1.407468386454855835e+00
9.865307726563469215e-01,1.479629120248886043e+00
9.865307726563469215e-01,1.479629120248886043e+00
9.865307726563469215e-01,1.479629120248886043e+00
9.865307726563469215e-01,1.479629120248886043e+00
9.865307726563469215e-01,1.479629120248886043e+00
9.504504057593319288e-01,1.547780924387692325e+00
9.504504057593319288e-01,1.547780924387692325e+00
8.662628829996300572e-01,1.527736276111572700e+00
8.061289381712717361e-01,1.499673768525005446e+00
7.259503450667937896e-01,1.467602331283214268e+00
6.177092443757485896e-01,1.407468386454855835e+00
4.854145657533601166e-01,1.323280863695154075e+00
3.210484498891804095e-01,1.203012974038437211e+00
1.406466154041051408e-01,1.046664717484705465e+00
-7.583558597798518985e-02,8.382003754130628037e-01
-2.883088577048516510e-01,5.976645960996291862e-01
-5.248357073630613989e-01,3.090216609235087453e-01
-7.373089790899278739e-01,1.236086643694049407e-02
-9.417643915063464988e-01,-3.043445763257471848e-01
-1.098112648060078467e+00,-6.170410894332110097e-01
-1.218380537716795331e+00,-9.257286728854509095e-01
-1.274505552889929838e+00,-1.190318030130228077e+00
-1.298559130821273166e+00,-1.442880598409333359e+00
-1.254460904613810213e+00,-1.651344940480975909e+00
-1.182300170819780227e+00,-1.823728915655603355e+00
-1.062032281163063363e+00,-1.972059312898887473e+00
-9.217197432302269844e-01,-2.096336132210828040e+00
-7.653714866764951275e-01,-2.204577232901873352e+00
-5.769517928809720919e-01,-2.264711177730232006e+00
-3.805142397750012062e-01,-2.308809403937694515e+00
-2.121391942555976295e-01,-2.356916559800381616e+00
-2.371950046007455931e-02,-2.376961208076501020e+00
1.165930374727617569e-01,-2.413041574973516123e+00
