1.137000000000000000e+03,-8.820000000000000000e+02
1.137000000000000000e+03,-8.820000000000000000e+02
1.137000000000000000e+03,-8.820000000000000000e+02
1.137000000000000000e+03,-8.820000000000000000e+02
1.137000000000000000e+03,-8.820000000000000000e+02
1.060000000000000000e+03,-9.650000000000000000e+02
1.036000000000000000e+03,-1.040000000000000000e+03
1.002000000000000000e+03,-1.147000000000000000e+03
9.680000000000000000e+02,-1.249000000000000000e+03
9.270000000000000000e+02,-1.379000000000000000e+03
8.830000000000000000e+02,-1.504000000000000000e+03
8.440000000000000000e+02,-1.727000000000000000e+03
8.100000000000000000e+02,-1.828000000000000000e+03
7.820000000000000000e+02,-1.919000000000000000e+03
7.570000000000000000e+02,-1.998000000000000000e+03
7.390000000000000000e+02,-2.068000000000000000e+03
7.390000000000000000e+02,-2.068000000000000000e+03
7.210000000000000000e+02,-2.155000000000000000e+03
7.210000000000000000e+02,-2.155000000000000000e+03
7.210000000000000000e+02,-2.155000000000000000e+03
7.210000000000000000e+02,-2.155000000000000000e+03
7.210000000000000000e+02,-2.155000000000000000e+03
7.210000000000000000e+02,-2.155000000000000000e+03
7.210000000000000000e+02,-2.155000000000000000e+03
7.210000000000000000e+02,-2.155000000000000000e+03
7.210000000000000000e+02,-2.155000000000000000e+03
7.400000000000000000e+02,-2.092000000000000000e+03
7.400000000000000000e+02,-2.092000000000000000e+03
