-9.276511941823745167e-01,1.205931424400651819e+00
-9.276511941823745167e-01,1.205931424400651819e+00
-9.276511941823745167e-01,1.258047509918562401e+00
-9.276511941823745167e-01,1.258047509918562401e+00
-9.276511941823745167e-01,1.258047509918562401e+00
-9.276511941823745167e-01,1.258047509918562401e+00
-9.677404907346135454e-01,1.161833198193188865e+00
-9.757583500450612846e-01,1.057601027157367701e+00
-1.003820857631628538e+00,9.012527706036357333e-01
-1.011838716942076388e+00,7.208509361185604369e-01
-1.039901224528643642e+00,4.682883678394550997e-01
-1.035892294873419717e+00,1.876632919737824534e-01
-1.047919083839091492e+00,-1.250332211336813715e-01
-1.027874435562971867e+00,-4.497565232068168606e-01
-1.011838716942076388e+00,-7.905155439008478835e-01
-9.557137017689418812e-01,-1.087176338387416230e+00
-9.035976162510311882e-01,-1.363792484597864840e+00
-8.354458121122250169e-01,-1.592301474945626794e+00
-7.512582893525231453e-01,-1.780721168741149940e+00
-6.550439776271497205e-01,-1.892971199087418954e+00
-5.468028769361045205e-01,-1.981167651502344640e+00
-4.265349872793877117e-01,-1.997203370123240340e+00
-3.102760272778947725e-01,-1.969140862536673087e+00
-1.819902783107301136e-01,-1.892971199087418954e+00
-6.974024796446104402e-02,-1.796756887362045640e+00
5.854550100270358715e-02,-1.664462208739657001e+00
1.868312499698682183e-01,-1.508113952185925033e+00
2.990812803161372879e-01,-1.327712117700849737e+00
4.073223810071824325e-01,-1.139292423905326812e+00
5.075456223877797823e-01,-9.388459411441320013e-01
5.957420748027054680e-01,-7.343905287277133764e-01
6.759206679071834145e-01,-5.339440459665186767e-01
7.400635423907657717e-01,-3.415154225157716605e-01
7.961885575639002788e-01,-1.611135880306964197e-01
8.322689244609152714e-01,2.730610576482665058e-02
8.563225023922587109e-01,1.956811512842302481e-01
8.763671506683781143e-01,3.480204781827382354e-01
8.803760803236020394e-01,4.843240864603506890e-01
8.803760803236020394e-01,6.005830464618435727e-01
8.763671506683781143e-01,7.168420064633366229e-01
8.683492913579303751e-01,8.050384588782623085e-01
8.563225023922587109e-01,8.892259816379640691e-01
8.483046430818108607e-01,9.453509968110985762e-01
8.483046430818108607e-01,9.453509968110985762e-01
8.322689244609152714e-01,1.021520660260352598e+00
8.322689244609152714e-01,1.021520660260352598e+00
8.322689244609152714e-01,1.021520660260352598e+00
8.322689244609152714e-01,1.021520660260352598e+00
8.322689244609152714e-01,1.021520660260352598e+00
8.322689244609152714e-01,1.021520660260352598e+00
8.322689244609152714e-01,1.021520660260352598e+00
8.322689244609152714e-01,1.021520660260352598e+00
7.761439092877807644e-01,9.974670823290092692e-01
