7.270000000000000000e+02,-1.145000000000000000e+03
7.270000000000000000e+02,-1.145000000000000000e+03
7.150000000000000000e+02,-1.182000000000000000e+03
7.070000000000000000e+02,-1.201000000000000000e+03
6.960000000000000000e+02,-1.231000000000000000e+03
6.770000000000000000e+02,-1.267000000000000000e+03
6.600000000000000000e+02,-1.302000000000000000e+03
6.330000000000000000e+02,-1.347000000000000000e+03
6.140000000000000000e+02,-1.384000000000000000e+03
5.910000000000000000e+02,-1.427000000000000000e+03
5.740000000000000000e+02,-1.462000000000000000e+03
5.580000000000000000e+02,-1.495000000000000000e+03
5.460000000000000000e+02,-1.521000000000000000e+03
5.400000000000000000e+02,-1.542000000000000000e+03
5.400000000000000000e+02,-1.542000000000000000e+03
5.550000000000000000e+02,-1.560000000000000000e+03
5.740000000000000000e+02,-1.563000000000000000e+03
5.950000000000000000e+02,-1.561000000000000000e+03
6.240000000000000000e+02,-1.558000000000000000e+03
6.560000000000000000e+02,-1.557000000000000000e+03
6.930000000000000000e+02,-1.555000000000000000e+03
7.330000000000000000e+02,-1.555000000000000000e+03
7.750000000000000000e+02,-1.558000000000000000e+03
8.170000000000000000e+02,-1.561000000000000000e+03
8.620000000000000000e+02,-1.566000000000000000e+03
9.060000000000000000e+02,-1.570000000000000000e+03
9.510000000000000000e+02,-1.575000000000000000e+03
9.920000000000000000e+02,-1.579000000000000000e+03
1.031000000000000000e+03,-1.581000000000000000e+03
1.067000000000000000e+03,-1.581000000000000000e+03
1.093000000000000000e+03,-1.581000000000000000e+03
1.120000000000000000e+03,-1.576000000000000000e+03
1.120000000000000000e+03,-1.576000000000000000e+03
1.120000000000000000e+03,-1.576000000000000000e+03
1.120000000000000000e+03,-1.576000000000000000e+03
1.126000000000000000e+03,-1.558000000000000000e+03
1.126000000000000000e+03,-1.558000000000000000e+03
