1.063354861836990350e+00,3.390785652495125646e+00
1.027274494939975247e+00,3.482991034565275257e+00
1.027274494939975247e+00,3.482991034565275257e+00
9.791673390772884789e-01,3.551142838704081761e+00
9.791673390772884789e-01,3.551142838704081761e+00
9.791673390772884789e-01,3.551142838704081761e+00
9.791673390772884789e-01,3.551142838704081761e+00
1.031283424595199172e+00,3.503035682841395104e+00
1.063354861836990350e+00,3.442901738013036450e+00
1.051328072871318575e+00,3.338669566977215286e+00
