-9.164048743691349808e-01,6.074439548040386772e-01
-8.923512964377916523e-01,6.755957589428449594e-01
-8.923512964377916523e-01,6.755957589428449594e-01
-8.923512964377916523e-01,6.114528844592626022e-01
-8.803245074721199881e-01,5.473100099756802450e-01
-9.043780854034633165e-01,4.310510499741873613e-01
-8.883423667825677272e-01,3.188010196279182917e-01
-9.244227336795828309e-01,1.343902554876191258e-01
-9.244227336795828309e-01,-3.799371968700836211e-02
-9.605031005765978236e-01,-2.624937803795464597e-01
-9.725298895422694878e-01,-4.428956148646217561e-01
-1.000592397128836852e+00,-6.313153086601448472e-01
-1.008610256439284703e+00,-7.636099872825333756e-01
-1.000592397128836852e+00,-8.598242990079068004e-01
-1.000592397128836852e+00,-8.598242990079068004e-01
-9.164048743691349808e-01,-8.678421583183546506e-01
-8.282084219542092951e-01,-7.836546355586527790e-01
-7.360030398840597954e-01,-6.553688865914881756e-01
-6.077172909168950810e-01,-4.990206300377562632e-01
-4.754226122945065525e-01,-3.466813031392482758e-01
-3.150654260855507705e-01,-1.823151872750685687e-01
-1.547082398765949884e-01,-4.601157899745614982e-02
1.767573529803250290e-02,8.628309962493238561e-02
1.940686401278838846e-01,1.704706223846341739e-01
3.584347559920635917e-01,2.265956375577687087e-01
5.147830125457955042e-01,2.506492154891120649e-01
6.671223394443034360e-01,2.586670747995598596e-01
7.994170180666919645e-01,2.506492154891120649e-01
9.076581187577371646e-01,2.386224265234404007e-01
9.838277822069911860e-01,2.225867079025448114e-01
1.047970656690573543e+00,1.784884816950819686e-01
1.047970656690573543e+00,1.784884816950819686e-01
1.047970656690573543e+00,1.784884816950819686e-01
1.051979586345797468e+00,1.223634665219474338e-01
1.051979586345797468e+00,1.223634665219474338e-01
9.838277822069911860e-01,8.628309962493238561e-02
9.838277822069911860e-01,8.628309962493238561e-02
9.236938373786327539e-01,6.222952169358901553e-02
9.236938373786327539e-01,6.222952169358901553e-02
9.236938373786327539e-01,6.222952169358901553e-02
9.236938373786327539e-01,6.222952169358901553e-02
9.236938373786327539e-01,6.222952169358901553e-02
9.076581187577371646e-01,1.343902554876191258e-01
9.076581187577371646e-01,1.343902554876191258e-01
