-7.477990116877637483e-01,-3.487323363416427457e-01
-7.477990116877637483e-01,-3.487323363416427457e-01
-7.598258006534354125e-01,-3.968394922043295137e-01
-7.598258006534354125e-01,-3.968394922043295137e-01
-7.758615192743310018e-01,-4.369287887565684869e-01
-7.758615192743310018e-01,-4.369287887565684869e-01
-7.758615192743310018e-01,-4.730091556535835351e-01
-7.758615192743310018e-01,-4.730091556535835351e-01
-7.758615192743310018e-01,-5.211163115162702475e-01
-7.758615192743310018e-01,-5.211163115162702475e-01
-7.798704489295549269e-01,-5.612056080685091652e-01
-7.798704489295549269e-01,-5.612056080685091652e-01
-7.798704489295549269e-01,-5.612056080685091652e-01
-7.798704489295549269e-01,-5.612056080685091652e-01
-7.798704489295549269e-01,-5.612056080685091652e-01
-7.798704489295549269e-01,-5.612056080685091652e-01
-7.798704489295549269e-01,-5.612056080685091652e-01
-7.277543634116442339e-01,-4.810270149640313297e-01
-6.996918558250769804e-01,-4.249019997908967672e-01
-6.676204185832858018e-01,-3.487323363416427457e-01
-6.395579109967185483e-01,-2.645448135819409852e-01
-6.034775440997035556e-01,-1.683305018565675049e-01
-5.673971772026884519e-01,-6.008940116552233951e-02
-5.313168103056734592e-01,4.815169952552282584e-02
-4.992453730638822806e-01,1.684195891822396762e-01
-4.631650061668671770e-01,2.766606898732848485e-01
-4.351024985802999234e-01,3.889107202195539181e-01
-4.030310613385088003e-01,4.851250319449273429e-01
-3.829864130623892859e-01,5.653036250494052339e-01
-3.629417647862698271e-01,6.254375698777636661e-01
-3.549239054758220324e-01,6.615179367747787698e-01
-3.549239054758220324e-01,6.615179367747787698e-01
-3.549239054758220324e-01,6.615179367747787698e-01
-3.549239054758220324e-01,6.615179367747787698e-01
-3.549239054758220324e-01,6.615179367747787698e-01
-3.148346089235831147e-01,6.535000774643309196e-01
-3.148346089235831147e-01,6.535000774643309196e-01
-2.907810309922397307e-01,5.893572029807486734e-01
-2.747453123713441414e-01,5.412500471180619055e-01
-2.627185234056724772e-01,4.851250319449273429e-01
-2.506917344400007575e-01,4.129642981508972466e-01
-2.386649454743290932e-01,3.367946347016432806e-01
-2.226292268534335039e-01,2.526071119419414646e-01
-2.106024378877618120e-01,1.764374484926874709e-01
-1.945667192668662504e-01,9.224992573298566867e-02
-1.745220709907467638e-01,2.008919193895555844e-02
-1.424506337489556129e-01,-4.806261219985065447e-02
-1.143881261623883455e-01,-1.081965570282090727e-01
-7.028989995492550269e-02,-1.563037128908958129e-01
-2.218274409223876253e-02,-1.803572908222391968e-01
2.592441177044797415e-02,-2.004019390983586557e-01
8.204942694358249855e-02,-2.044108687535825530e-01
1.341655124614931360e-01,-1.923840797879108611e-01
1.902905276346276708e-01,-1.683305018565675049e-01
2.424066131525383083e-01,-1.322501349595524567e-01
2.985316283256728154e-01,-8.414297909686570265e-02
3.466387841883595833e-01,-2.400903426850728439e-02
3.947459400510462957e-01,4.815169952552282584e-02
4.388441662585091385e-01,1.323392222852246281e-01
4.829423924659719813e-01,2.165267450449264164e-01
5.190227593629870295e-01,3.007142678046281770e-01
5.510941966047782081e-01,3.768839312538821984e-01
5.751477745361215366e-01,4.490446650479122948e-01
5.951924228122410510e-01,5.091786098762707269e-01
6.192460007435843794e-01,5.492679064285096446e-01
6.192460007435843794e-01,5.492679064285096446e-01
6.593352972958234082e-01,5.973750622911964125e-01
6.593352972958234082e-01,5.973750622911964125e-01
6.593352972958234082e-01,5.973750622911964125e-01
7.074424531585100651e-01,5.973750622911964125e-01
7.074424531585100651e-01,5.973750622911964125e-01
7.435228200555251687e-01,5.492679064285096446e-01
7.595585386764207581e-01,5.011607505658229877e-01
7.755942572973163474e-01,4.370178760822406305e-01
7.876210462629880116e-01,3.408035643568671502e-01
7.956389055734357507e-01,2.405803229762697726e-01
8.036567648838836009e-01,1.122945740091051414e-01
8.076656945391075260e-01,-2.400903426850728439e-02
8.076656945391075260e-01,-1.723394315117914022e-01
8.036567648838836009e-01,-3.126519694446276976e-01
8.036567648838836009e-01,-4.409377184117923565e-01
8.076656945391075260e-01,-5.491788191028375010e-01
8.116746241943313400e-01,-6.253484825520915225e-01
8.237014131600031153e-01,-6.814734977252260295e-01
8.237014131600031153e-01,-6.814734977252260295e-01
8.477549910913464437e-01,-7.135449349670172081e-01
8.477549910913464437e-01,-7.135449349670172081e-01
8.718085690226897722e-01,-6.654377791043304402e-01
8.718085690226897722e-01,-6.654377791043304402e-01
8.838353579883614364e-01,-6.053038342759720081e-01
