8.710000000000000000e+02,-1.334000000000000000e+03
8.580000000000000000e+02,-1.329000000000000000e+03
8.580000000000000000e+02,-1.329000000000000000e+03
8.580000000000000000e+02,-1.329000000000000000e+03
8.400000000000000000e+02,-1.331000000000000000e+03
8.400000000000000000e+02,-1.331000000000000000e+03
8.100000000000000000e+02,-1.340000000000000000e+03
7.960000000000000000e+02,-1.346000000000000000e+03
7.690000000000000000e+02,-1.362000000000000000e+03
7.480000000000000000e+02,-1.376000000000000000e+03
7.210000000000000000e+02,-1.403000000000000000e+03
6.990000000000000000e+02,-1.424000000000000000e+03
6.800000000000000000e+02,-1.457000000000000000e+03
6.740000000000000000e+02,-1.491000000000000000e+03
6.690000000000000000e+02,-1.522000000000000000e+03
6.800000000000000000e+02,-1.549000000000000000e+03
7.010000000000000000e+02,-1.573000000000000000e+03
7.330000000000000000e+02,-1.585000000000000000e+03
7.730000000000000000e+02,-1.587000000000000000e+03
8.200000000000000000e+02,-1.578000000000000000e+03
8.670000000000000000e+02,-1.560000000000000000e+03
9.150000000000000000e+02,-1.534000000000000000e+03
9.570000000000000000e+02,-1.500000000000000000e+03
9.950000000000000000e+02,-1.460000000000000000e+03
1.024000000000000000e+03,-1.421000000000000000e+03
1.040000000000000000e+03,-1.385000000000000000e+03
1.045000000000000000e+03,-1.353000000000000000e+03
1.043000000000000000e+03,-1.325000000000000000e+03
1.030000000000000000e+03,-1.301000000000000000e+03
1.012000000000000000e+03,-1.278000000000000000e+03
9.870000000000000000e+02,-1.266000000000000000e+03
9.650000000000000000e+02,-1.260000000000000000e+03
9.420000000000000000e+02,-1.258000000000000000e+03
9.200000000000000000e+02,-1.258000000000000000e+03
9.200000000000000000e+02,-1.258000000000000000e+03
9.030000000000000000e+02,-1.257000000000000000e+03
9.030000000000000000e+02,-1.257000000000000000e+03
9.030000000000000000e+02,-1.257000000000000000e+03
8.980000000000000000e+02,-1.275000000000000000e+03
