8.400000000000000000e+02,-1.522000000000000000e+03
8.400000000000000000e+02,-1.522000000000000000e+03
8.400000000000000000e+02,-1.522000000000000000e+03
8.310000000000000000e+02,-1.546000000000000000e+03
8.490000000000000000e+02,-1.554000000000000000e+03
8.620000000000000000e+02,-1.576000000000000000e+03
8.910000000000000000e+02,-1.581000000000000000e+03
9.210000000000000000e+02,-1.592000000000000000e+03
9.570000000000000000e+02,-1.593000000000000000e+03
9.980000000000000000e+02,-1.593000000000000000e+03
1.036000000000000000e+03,-1.589000000000000000e+03
1.082000000000000000e+03,-1.570000000000000000e+03
1.125000000000000000e+03,-1.552000000000000000e+03
1.162000000000000000e+03,-1.531000000000000000e+03
1.197000000000000000e+03,-1.509000000000000000e+03
1.221000000000000000e+03,-1.483000000000000000e+03
