-1.615025946818784627e-02,3.138419215803846252e-02
-1.615025946818784627e-02,3.138419215803846252e-02
-1.615025946818784627e-02,3.138419215803846252e-02
-1.615025946818784627e-02,3.138419215803846252e-02
-1.615025946818784627e-02,3.138419215803846252e-02
-1.615025946818784627e-02,3.138419215803846252e-02
-1.615025946818784627e-02,3.138419215803846252e-02
-1.615025946818784627e-02,3.138419215803846252e-02
-1.615025946818784627e-02,3.138419215803846252e-02
-1.615025946818784627e-02,3.138419215803846252e-02
-1.615025946818784627e-02,3.138419215803846252e-02
-1.615025946818784627e-02,3.138419215803846252e-02
-1.615025946818784627e-02,3.138419215803846252e-02
-1.615025946818784627e-02,3.138419215803846252e-02
-1.615025946818784627e-02,3.138419215803846252e-02
-1.615025946818784627e-02,3.138419215803846252e-02
-1.615025946818784627e-02,3.138419215803846252e-02
-1.324092194696807889e-01,-1.490176423270367922e-01
-1.324092194696807889e-01,-1.490176423270367922e-01
-1.324092194696807889e-01,-1.490176423270367922e-01
-1.324092194696807889e-01,-1.490176423270367922e-01
-1.324092194696807889e-01,-1.490176423270367922e-01
3.596582604972278774e-02,-1.169462050852456414e-01
3.596582604972278774e-02,-1.169462050852456414e-01
3.596582604972278774e-02,-1.169462050852456414e-01
3.596582604972278774e-02,-1.169462050852456414e-01
8.808191156763342522e-02,7.548241836550130535e-02
8.808191156763342522e-02,7.548241836550130535e-02
8.808191156763342522e-02,7.548241836550130535e-02
8.808191156763342522e-02,7.548241836550130535e-02
8.808191156763342522e-02,7.548241836550130535e-02
8.808191156763342522e-02,7.548241836550130535e-02
8.808191156763342522e-02,7.548241836550130535e-02
8.808191156763342522e-02,7.548241836550130535e-02
8.808191156763342522e-02,7.548241836550130535e-02
