1.670000000000000000e+02,-1.128000000000000000e+03
1.670000000000000000e+02,-1.128000000000000000e+03
1.670000000000000000e+02,-1.128000000000000000e+03
1.670000000000000000e+02,-1.128000000000000000e+03
1.670000000000000000e+02,-1.128000000000000000e+03
1.670000000000000000e+02,-1.128000000000000000e+03
1.670000000000000000e+02,-1.128000000000000000e+03
1.670000000000000000e+02,-1.128000000000000000e+03
1.730000000000000000e+02,-1.119000000000000000e+03
1.730000000000000000e+02,-1.119000000000000000e+03
1.870000000000000000e+02,-1.106000000000000000e+03
1.970000000000000000e+02,-1.097000000000000000e+03
2.090000000000000000e+02,-1.086000000000000000e+03
2.220000000000000000e+02,-1.074000000000000000e+03
2.340000000000000000e+02,-1.058000000000000000e+03
2.460000000000000000e+02,-1.044000000000000000e+03
2.570000000000000000e+02,-1.030000000000000000e+03
2.670000000000000000e+02,-1.017000000000000000e+03
2.740000000000000000e+02,-1.007000000000000000e+03
2.800000000000000000e+02,-9.980000000000000000e+02
2.800000000000000000e+02,-9.980000000000000000e+02
2.900000000000000000e+02,-9.820000000000000000e+02
2.900000000000000000e+02,-9.820000000000000000e+02
2.950000000000000000e+02,-9.690000000000000000e+02
2.950000000000000000e+02,-9.690000000000000000e+02
2.990000000000000000e+02,-9.570000000000000000e+02
2.990000000000000000e+02,-9.570000000000000000e+02
2.990000000000000000e+02,-9.480000000000000000e+02
2.990000000000000000e+02,-9.480000000000000000e+02
2.990000000000000000e+02,-9.480000000000000000e+02
2.990000000000000000e+02,-9.480000000000000000e+02
2.840000000000000000e+02,-9.650000000000000000e+02
2.810000000000000000e+02,-9.770000000000000000e+02
2.730000000000000000e+02,-9.930000000000000000e+02
2.680000000000000000e+02,-1.009000000000000000e+03
2.620000000000000000e+02,-1.028000000000000000e+03
2.580000000000000000e+02,-1.046000000000000000e+03
2.550000000000000000e+02,-1.064000000000000000e+03
2.550000000000000000e+02,-1.083000000000000000e+03
2.550000000000000000e+02,-1.097000000000000000e+03
2.590000000000000000e+02,-1.109000000000000000e+03
2.640000000000000000e+02,-1.121000000000000000e+03
2.640000000000000000e+02,-1.121000000000000000e+03
2.790000000000000000e+02,-1.134000000000000000e+03
2.890000000000000000e+02,-1.139000000000000000e+03
2.890000000000000000e+02,-1.139000000000000000e+03
3.060000000000000000e+02,-1.139000000000000000e+03
3.160000000000000000e+02,-1.138000000000000000e+03
3.250000000000000000e+02,-1.136000000000000000e+03
3.250000000000000000e+02,-1.136000000000000000e+03
3.420000000000000000e+02,-1.127000000000000000e+03
3.510000000000000000e+02,-1.120000000000000000e+03
3.600000000000000000e+02,-1.112000000000000000e+03
3.710000000000000000e+02,-1.103000000000000000e+03
3.820000000000000000e+02,-1.092000000000000000e+03
3.930000000000000000e+02,-1.080000000000000000e+03
4.050000000000000000e+02,-1.067000000000000000e+03
4.150000000000000000e+02,-1.052000000000000000e+03
4.270000000000000000e+02,-1.037000000000000000e+03
4.340000000000000000e+02,-1.025000000000000000e+03
4.410000000000000000e+02,-1.013000000000000000e+03
4.460000000000000000e+02,-1.004000000000000000e+03
4.460000000000000000e+02,-1.004000000000000000e+03
4.540000000000000000e+02,-9.890000000000000000e+02
4.540000000000000000e+02,-9.890000000000000000e+02
4.540000000000000000e+02,-9.890000000000000000e+02
4.540000000000000000e+02,-9.890000000000000000e+02
4.540000000000000000e+02,-9.890000000000000000e+02
4.540000000000000000e+02,-9.890000000000000000e+02
4.540000000000000000e+02,-9.890000000000000000e+02
4.540000000000000000e+02,-9.890000000000000000e+02
4.520000000000000000e+02,-9.990000000000000000e+02
4.500000000000000000e+02,-1.008000000000000000e+03
4.500000000000000000e+02,-1.022000000000000000e+03
4.500000000000000000e+02,-1.035000000000000000e+03
4.500000000000000000e+02,-1.049000000000000000e+03
4.540000000000000000e+02,-1.066000000000000000e+03
4.560000000000000000e+02,-1.081000000000000000e+03
4.630000000000000000e+02,-1.094000000000000000e+03
4.700000000000000000e+02,-1.105000000000000000e+03
4.790000000000000000e+02,-1.115000000000000000e+03
4.910000000000000000e+02,-1.121000000000000000e+03
5.040000000000000000e+02,-1.127000000000000000e+03
5.180000000000000000e+02,-1.130000000000000000e+03
5.330000000000000000e+02,-1.132000000000000000e+03
5.490000000000000000e+02,-1.130000000000000000e+03
5.650000000000000000e+02,-1.129000000000000000e+03
5.820000000000000000e+02,-1.124000000000000000e+03
5.950000000000000000e+02,-1.118000000000000000e+03
6.100000000000000000e+02,-1.109000000000000000e+03
6.210000000000000000e+02,-1.100000000000000000e+03
6.310000000000000000e+02,-1.090000000000000000e+03
6.390000000000000000e+02,-1.081000000000000000e+03
6.450000000000000000e+02,-1.070000000000000000e+03
6.450000000000000000e+02,-1.070000000000000000e+03
6.490000000000000000e+02,-1.049000000000000000e+03
6.540000000000000000e+02,-1.037000000000000000e+03
6.540000000000000000e+02,-1.037000000000000000e+03
6.550000000000000000e+02,-1.015000000000000000e+03
