9.411821421992785375e-01,8.259540498234145822e-01
9.973071573724130445e-01,1.098561266378639489e+00
9.973071573724130445e-01,1.098561266378639489e+00
9.973071573724130445e-01,1.098561266378639489e+00
9.973071573724130445e-01,1.098561266378639489e+00
9.973071573724130445e-01,1.098561266378639489e+00
9.973071573724130445e-01,1.098561266378639489e+00
9.973071573724130445e-01,1.098561266378639489e+00
9.973071573724130445e-01,1.098561266378639489e+00
6.966374332306209949e-01,9.301862208592358572e-01
6.966374332306209949e-01,9.301862208592358572e-01
3.999766387440527038e-01,5.613646925786375252e-01
3.999766387440527038e-01,5.613646925786375252e-01
5.520868839479775581e-02,1.003377822278896381e-01
5.520868839479775581e-02,1.003377822278896381e-01
-2.855503322992333226e-01,-3.286176908810671260e-01
-2.855503322992333226e-01,-3.286176908810671260e-01
-5.501396895440103796e-01,-7.134749377825609917e-01
-5.501396895440103796e-01,-7.134749377825609917e-01
-7.505861723052050793e-01,-1.010135732269129338e+00
-7.505861723052050793e-01,-1.010135732269129338e+00
-7.505861723052050793e-01,-1.010135732269129338e+00
-9.229701474798326366e-01,-1.298778667445249724e+00
-9.229701474798326366e-01,-1.298778667445249724e+00
-9.229701474798326366e-01,-1.298778667445249724e+00
-9.229701474798326366e-01,-1.298778667445249724e+00
-9.229701474798326366e-01,-1.298778667445249724e+00
-9.229701474798326366e-01,-1.298778667445249724e+00
-9.229701474798326366e-01,-1.298778667445249724e+00
-1.007157670239534397e+00,-1.547332306069131080e+00
-1.007157670239534397e+00,-1.547332306069131080e+00
-1.007157670239534397e+00,-1.547332306069131080e+00
-1.007157670239534397e+00,-1.547332306069131080e+00
