1.828071922782097125e-02,-1.411143238638803803e-02
1.828071922782097125e-02,-1.411143238638803803e-02
2.629857853826875896e-02,7.809394968376154322e-02
2.629857853826875896e-02,7.809394968376154322e-02
5.436108612483602637e-02,1.422368241673438727e-01
5.436108612483602637e-02,1.422368241673438727e-01
7.841466405617938951e-02,2.063796986509261744e-01
7.841466405617938951e-02,2.063796986509261744e-01
7.841466405617938951e-02,2.063796986509261744e-01
9.044145302185108148e-02,2.665136434792846343e-01
9.044145302185108148e-02,2.665136434792846343e-01
9.044145302185108148e-02,2.665136434792846343e-01
9.044145302185108148e-02,2.665136434792846343e-01
9.044145302185108148e-02,2.665136434792846343e-01
4.233429715916434133e-02,1.863350503748067155e-01
4.233429715916434133e-02,1.863350503748067155e-01
1.427178957259707566e-02,7.809394968376154322e-02
-5.772858703522399694e-03,5.933215889731437327e-03
-2.180857732441797772e-02,-7.825430686997035534e-02
-5.788894422143303631e-02,-1.744686185953438218e-01
-9.396931111844808449e-02,-2.746918599759411994e-01
-1.260407483602392353e-01,-3.829329606669863439e-01
-1.901836228438215648e-01,-5.192365689445987975e-01
-2.102282711199410514e-01,-6.154508806699722223e-01
-2.783800752587472505e-01,-7.758080668789281154e-01
