6.710000000000000000e+02,-1.441000000000000000e+03
6.710000000000000000e+02,-1.441000000000000000e+03
6.710000000000000000e+02,-1.441000000000000000e+03
6.720000000000000000e+02,-1.463000000000000000e+03
6.710000000000000000e+02,-1.477000000000000000e+03
6.650000000000000000e+02,-1.501000000000000000e+03
6.600000000000000000e+02,-1.524000000000000000e+03
6.530000000000000000e+02,-1.555000000000000000e+03
6.440000000000000000e+02,-1.590000000000000000e+03
6.350000000000000000e+02,-1.628000000000000000e+03
6.240000000000000000e+02,-1.670000000000000000e+03
6.170000000000000000e+02,-1.712000000000000000e+03
6.080000000000000000e+02,-1.757000000000000000e+03
6.010000000000000000e+02,-1.796000000000000000e+03
5.940000000000000000e+02,-1.839000000000000000e+03
5.910000000000000000e+02,-1.875000000000000000e+03
5.880000000000000000e+02,-1.908000000000000000e+03
5.860000000000000000e+02,-1.938000000000000000e+03
5.860000000000000000e+02,-1.967000000000000000e+03
5.860000000000000000e+02,-1.992000000000000000e+03
5.850000000000000000e+02,-2.012000000000000000e+03
5.830000000000000000e+02,-2.032000000000000000e+03
5.830000000000000000e+02,-2.048000000000000000e+03
5.830000000000000000e+02,-2.062000000000000000e+03
5.830000000000000000e+02,-2.062000000000000000e+03
5.820000000000000000e+02,-2.080000000000000000e+03
5.820000000000000000e+02,-2.080000000000000000e+03
5.820000000000000000e+02,-2.080000000000000000e+03
5.820000000000000000e+02,-2.080000000000000000e+03
5.820000000000000000e+02,-2.080000000000000000e+03
5.830000000000000000e+02,-2.066000000000000000e+03
5.850000000000000000e+02,-2.050000000000000000e+03
5.910000000000000000e+02,-2.032000000000000000e+03
5.970000000000000000e+02,-2.004000000000000000e+03
6.060000000000000000e+02,-1.973000000000000000e+03
6.150000000000000000e+02,-1.934000000000000000e+03
6.270000000000000000e+02,-1.893000000000000000e+03
6.390000000000000000e+02,-1.848000000000000000e+03
6.560000000000000000e+02,-1.800000000000000000e+03
6.740000000000000000e+02,-1.748000000000000000e+03
6.920000000000000000e+02,-1.699000000000000000e+03
7.120000000000000000e+02,-1.652000000000000000e+03
7.310000000000000000e+02,-1.607000000000000000e+03
7.540000000000000000e+02,-1.563000000000000000e+03
7.730000000000000000e+02,-1.524000000000000000e+03
7.940000000000000000e+02,-1.489000000000000000e+03
8.160000000000000000e+02,-1.463000000000000000e+03
8.380000000000000000e+02,-1.442000000000000000e+03
8.590000000000000000e+02,-1.424000000000000000e+03
8.820000000000000000e+02,-1.411000000000000000e+03
9.030000000000000000e+02,-1.405000000000000000e+03
9.260000000000000000e+02,-1.403000000000000000e+03
9.500000000000000000e+02,-1.408000000000000000e+03
9.710000000000000000e+02,-1.417000000000000000e+03
9.900000000000000000e+02,-1.429000000000000000e+03
1.007000000000000000e+03,-1.447000000000000000e+03
1.021000000000000000e+03,-1.469000000000000000e+03
1.030000000000000000e+03,-1.500000000000000000e+03
1.031000000000000000e+03,-1.531000000000000000e+03
1.030000000000000000e+03,-1.566000000000000000e+03
1.018000000000000000e+03,-1.605000000000000000e+03
9.990000000000000000e+02,-1.640000000000000000e+03
9.720000000000000000e+02,-1.677000000000000000e+03
9.450000000000000000e+02,-1.709000000000000000e+03
9.110000000000000000e+02,-1.739000000000000000e+03
8.790000000000000000e+02,-1.757000000000000000e+03
8.440000000000000000e+02,-1.774000000000000000e+03
8.110000000000000000e+02,-1.778000000000000000e+03
7.840000000000000000e+02,-1.778000000000000000e+03
7.580000000000000000e+02,-1.777000000000000000e+03
7.390000000000000000e+02,-1.772000000000000000e+03
7.330000000000000000e+02,-1.753000000000000000e+03
7.250000000000000000e+02,-1.738000000000000000e+03
7.310000000000000000e+02,-1.715000000000000000e+03
