1.001000000000000000e+03,-9.330000000000000000e+02
1.005000000000000000e+03,-8.920000000000000000e+02
1.005000000000000000e+03,-8.920000000000000000e+02
1.005000000000000000e+03,-8.920000000000000000e+02
1.005000000000000000e+03,-8.920000000000000000e+02
1.005000000000000000e+03,-8.920000000000000000e+02
9.720000000000000000e+02,-8.320000000000000000e+02
9.720000000000000000e+02,-8.320000000000000000e+02
9.720000000000000000e+02,-8.320000000000000000e+02
9.720000000000000000e+02,-8.320000000000000000e+02
9.000000000000000000e+02,-8.200000000000000000e+02
9.000000000000000000e+02,-8.200000000000000000e+02
9.000000000000000000e+02,-8.200000000000000000e+02
8.250000000000000000e+02,-8.260000000000000000e+02
7.960000000000000000e+02,-8.360000000000000000e+02
7.700000000000000000e+02,-8.450000000000000000e+02
7.460000000000000000e+02,-8.650000000000000000e+02
7.300000000000000000e+02,-8.910000000000000000e+02
7.150000000000000000e+02,-9.150000000000000000e+02
7.060000000000000000e+02,-9.460000000000000000e+02
6.990000000000000000e+02,-9.860000000000000000e+02
7.010000000000000000e+02,-1.029000000000000000e+03
7.040000000000000000e+02,-1.082000000000000000e+03
7.120000000000000000e+02,-1.141000000000000000e+03
7.190000000000000000e+02,-1.198000000000000000e+03
7.300000000000000000e+02,-1.254000000000000000e+03
7.390000000000000000e+02,-1.319000000000000000e+03
7.490000000000000000e+02,-1.376000000000000000e+03
7.600000000000000000e+02,-1.435000000000000000e+03
7.700000000000000000e+02,-1.489000000000000000e+03
7.790000000000000000e+02,-1.536000000000000000e+03
7.870000000000000000e+02,-1.575000000000000000e+03
7.940000000000000000e+02,-1.608000000000000000e+03
8.000000000000000000e+02,-1.641000000000000000e+03
8.050000000000000000e+02,-1.670000000000000000e+03
8.080000000000000000e+02,-1.699000000000000000e+03
8.100000000000000000e+02,-1.723000000000000000e+03
8.070000000000000000e+02,-1.742000000000000000e+03
8.100000000000000000e+02,-1.756000000000000000e+03
8.020000000000000000e+02,-1.777000000000000000e+03
8.020000000000000000e+02,-1.777000000000000000e+03
8.020000000000000000e+02,-1.777000000000000000e+03
8.020000000000000000e+02,-1.777000000000000000e+03
7.930000000000000000e+02,-1.759000000000000000e+03
