5.180000000000000000e+02,-3.390000000000000000e+02
5.210000000000000000e+02,-3.270000000000000000e+02
5.210000000000000000e+02,-3.270000000000000000e+02
5.100000000000000000e+02,-3.180000000000000000e+02
5.100000000000000000e+02,-3.180000000000000000e+02
5.020000000000000000e+02,-3.090000000000000000e+02
5.020000000000000000e+02,-3.090000000000000000e+02
4.880000000000000000e+02,-3.070000000000000000e+02
4.880000000000000000e+02,-3.070000000000000000e+02
4.660000000000000000e+02,-3.240000000000000000e+02
4.550000000000000000e+02,-3.370000000000000000e+02
4.390000000000000000e+02,-3.600000000000000000e+02
4.240000000000000000e+02,-3.860000000000000000e+02
4.080000000000000000e+02,-4.170000000000000000e+02
3.940000000000000000e+02,-4.480000000000000000e+02
3.840000000000000000e+02,-4.810000000000000000e+02
3.770000000000000000e+02,-5.130000000000000000e+02
3.750000000000000000e+02,-5.400000000000000000e+02
3.800000000000000000e+02,-5.610000000000000000e+02
3.920000000000000000e+02,-5.740000000000000000e+02
4.090000000000000000e+02,-5.790000000000000000e+02
4.300000000000000000e+02,-5.730000000000000000e+02
4.540000000000000000e+02,-5.580000000000000000e+02
4.800000000000000000e+02,-5.360000000000000000e+02
5.030000000000000000e+02,-5.080000000000000000e+02
5.240000000000000000e+02,-4.760000000000000000e+02
5.380000000000000000e+02,-4.410000000000000000e+02
5.450000000000000000e+02,-4.080000000000000000e+02
5.450000000000000000e+02,-3.780000000000000000e+02
5.390000000000000000e+02,-3.540000000000000000e+02
5.270000000000000000e+02,-3.390000000000000000e+02
5.080000000000000000e+02,-3.300000000000000000e+02
4.920000000000000000e+02,-3.270000000000000000e+02
4.740000000000000000e+02,-3.300000000000000000e+02
4.590000000000000000e+02,-3.400000000000000000e+02
4.440000000000000000e+02,-3.550000000000000000e+02
4.440000000000000000e+02,-3.550000000000000000e+02
4.380000000000000000e+02,-3.790000000000000000e+02
4.380000000000000000e+02,-3.790000000000000000e+02
