1.644954361756384154e-01,8.845509303784312993e-02
1.644954361756384154e-01,8.845509303784312993e-02
1.644954361756384154e-01,8.845509303784312993e-02
1.644954361756384154e-01,8.845509303784312993e-02
1.644954361756384154e-01,8.845509303784312993e-02
-1.041028507243625528e-01,1.606158268318732263e-01
-1.041028507243625528e-01,1.606158268318732263e-01
-1.041028507243625528e-01,1.606158268318732263e-01
-1.041028507243625528e-01,1.606158268318732263e-01
-2.644600369333183210e-01,-1.240181786890233034e-01
-2.644600369333183210e-01,-1.240181786890233034e-01
-2.644600369333183210e-01,-1.240181786890233034e-01
-2.644600369333183210e-01,-1.240181786890233034e-01
-1.802725141736165604e-01,-3.725718173129047850e-01
-1.802725141736165604e-01,-3.725718173129047850e-01
-1.802725141736165604e-01,-3.725718173129047850e-01
-1.802725141736165604e-01,-3.725718173129047850e-01
9.634363203683220245e-02,-1.841521235173817217e-01
9.634363203683220245e-02,-1.841521235173817217e-01
9.634363203683220245e-02,-1.841521235173817217e-01
2.166115216935490528e-01,1.004818820035148080e-01
2.166115216935490528e-01,1.004818820035148080e-01
2.166115216935490528e-01,1.004818820035148080e-01
2.166115216935490528e-01,1.004818820035148080e-01
2.166115216935490528e-01,1.004818820035148080e-01
2.166115216935490528e-01,1.004818820035148080e-01
-3.595104658555633992e-02,2.327765606259033504e-01
-3.595104658555633992e-02,2.327765606259033504e-01
-3.595104658555633992e-02,2.327765606259033504e-01
-3.595104658555633992e-02,2.327765606259033504e-01
-7.203141348257138810e-02,-7.991995248156046061e-02
