3.500000000000000000e+02,-5.790000000000000000e+02
3.500000000000000000e+02,-5.950000000000000000e+02
3.500000000000000000e+02,-5.950000000000000000e+02
3.580000000000000000e+02,-6.110000000000000000e+02
3.640000000000000000e+02,-6.200000000000000000e+02
3.750000000000000000e+02,-6.290000000000000000e+02
3.840000000000000000e+02,-6.380000000000000000e+02
3.970000000000000000e+02,-6.410000000000000000e+02
4.100000000000000000e+02,-6.470000000000000000e+02
4.250000000000000000e+02,-6.460000000000000000e+02
4.380000000000000000e+02,-6.450000000000000000e+02
4.510000000000000000e+02,-6.400000000000000000e+02
4.610000000000000000e+02,-6.340000000000000000e+02
4.690000000000000000e+02,-6.250000000000000000e+02
4.740000000000000000e+02,-6.150000000000000000e+02
4.770000000000000000e+02,-6.050000000000000000e+02
4.800000000000000000e+02,-5.940000000000000000e+02
4.800000000000000000e+02,-5.940000000000000000e+02
4.790000000000000000e+02,-5.780000000000000000e+02
4.850000000000000000e+02,-5.670000000000000000e+02
4.850000000000000000e+02,-5.670000000000000000e+02
4.980000000000000000e+02,-5.610000000000000000e+02
