6.500000000000000000e+02,-1.041000000000000000e+03
6.500000000000000000e+02,-1.041000000000000000e+03
6.290000000000000000e+02,-1.032000000000000000e+03
6.290000000000000000e+02,-1.032000000000000000e+03
6.150000000000000000e+02,-1.023000000000000000e+03
6.150000000000000000e+02,-1.023000000000000000e+03
6.060000000000000000e+02,-1.008000000000000000e+03
6.060000000000000000e+02,-1.008000000000000000e+03
6.030000000000000000e+02,-9.950000000000000000e+02
6.030000000000000000e+02,-9.950000000000000000e+02
6.030000000000000000e+02,-9.950000000000000000e+02
6.170000000000000000e+02,-9.900000000000000000e+02
6.360000000000000000e+02,-9.950000000000000000e+02
6.540000000000000000e+02,-1.010000000000000000e+03
6.840000000000000000e+02,-1.029000000000000000e+03
7.180000000000000000e+02,-1.061000000000000000e+03
7.600000000000000000e+02,-1.097000000000000000e+03
8.030000000000000000e+02,-1.142000000000000000e+03
8.520000000000000000e+02,-1.189000000000000000e+03
8.940000000000000000e+02,-1.242000000000000000e+03
9.330000000000000000e+02,-1.292000000000000000e+03
9.660000000000000000e+02,-1.341000000000000000e+03
9.950000000000000000e+02,-1.385000000000000000e+03
1.015000000000000000e+03,-1.421000000000000000e+03
1.031000000000000000e+03,-1.447000000000000000e+03
1.042000000000000000e+03,-1.466000000000000000e+03
1.051000000000000000e+03,-1.481000000000000000e+03
1.051000000000000000e+03,-1.481000000000000000e+03
1.064000000000000000e+03,-1.492000000000000000e+03
1.081000000000000000e+03,-1.483000000000000000e+03
1.081000000000000000e+03,-1.483000000000000000e+03
1.099000000000000000e+03,-1.471000000000000000e+03
1.110000000000000000e+03,-1.456000000000000000e+03
1.122000000000000000e+03,-1.441000000000000000e+03
