-3.224618545753169530e-01,9.754034230363987090e-01
-3.425065028514364673e-01,1.083644523727443909e+00
-3.425065028514364673e-01,1.083644523727443909e+00
-2.863814876783019048e-01,1.143778468555802341e+00
-2.342654021603912950e-01,1.167832046487145670e+00
-1.340421607797939174e-01,1.183867765108041148e+00
-2.580106008874875206e-02,1.191885624418488998e+00
8.644897025752031061e-02,1.171840976142369595e+00
2.027079302590132637e-01,1.131751679590130566e+00
2.949133123291628467e-01,1.051573086485652730e+00
3.550472571575212788e-01,9.393230561393836053e-01
3.710829757784168681e-01,7.629301513095322340e-01
3.550472571575212788e-01,5.624836685483375343e-01
2.708597343978194627e-01,3.139300299244560666e-01
1.706364930172221128e-01,6.938532095579846848e-02
3.834181439483357046e-02,-2.112397549098741778e-01
-8.192607526188327993e-02,-4.758291121546512348e-01
-2.102118242290479111e-01,-7.404184693994283473e-01
-2.863814876783019048e-01,-9.609096004367425614e-01
-3.344886435409886727e-01,-1.145320364577041783e+00
-3.184529249200930834e-01,-1.273606113544206275e+00
-2.462921911260629593e-01,-1.341757917683012558e+00
-1.340421607797939174e-01,-1.357793636303908036e+00
1.428823646349019864e-02,-1.329731128717340782e+00
2.107257895694610583e-01,-1.249552535612862947e+00
3.590561868127451484e-01,-1.169373942508385111e+00
5.394580212978203893e-01,-1.049106052851668247e+00
6.557169812993134395e-01,-9.528917411262947113e-01
