1.346000000000000000e+03,-1.974000000000000000e+03
1.283000000000000000e+03,-1.974000000000000000e+03
1.283000000000000000e+03,-1.974000000000000000e+03
1.283000000000000000e+03,-1.974000000000000000e+03
1.283000000000000000e+03,-1.974000000000000000e+03
1.283000000000000000e+03,-1.974000000000000000e+03
1.286000000000000000e+03,-1.905000000000000000e+03
1.286000000000000000e+03,-1.905000000000000000e+03
1.286000000000000000e+03,-1.905000000000000000e+03
1.281000000000000000e+03,-1.825000000000000000e+03
1.281000000000000000e+03,-1.825000000000000000e+03
1.271000000000000000e+03,-1.759000000000000000e+03
1.271000000000000000e+03,-1.759000000000000000e+03
1.256000000000000000e+03,-1.683000000000000000e+03
1.256000000000000000e+03,-1.683000000000000000e+03
1.215000000000000000e+03,-1.599000000000000000e+03
1.215000000000000000e+03,-1.599000000000000000e+03
1.149000000000000000e+03,-1.515000000000000000e+03
1.149000000000000000e+03,-1.515000000000000000e+03
1.043000000000000000e+03,-1.430000000000000000e+03
9.800000000000000000e+02,-1.391000000000000000e+03
9.120000000000000000e+02,-1.370000000000000000e+03
8.380000000000000000e+02,-1.350000000000000000e+03
7.580000000000000000e+02,-1.344000000000000000e+03
6.770000000000000000e+02,-1.343000000000000000e+03
5.980000000000000000e+02,-1.356000000000000000e+03
5.250000000000000000e+02,-1.382000000000000000e+03
4.570000000000000000e+02,-1.427000000000000000e+03
4.570000000000000000e+02,-1.427000000000000000e+03
3.560000000000000000e+02,-1.536000000000000000e+03
3.270000000000000000e+02,-1.599000000000000000e+03
3.240000000000000000e+02,-1.680000000000000000e+03
3.350000000000000000e+02,-1.756000000000000000e+03
3.650000000000000000e+02,-1.828000000000000000e+03
3.650000000000000000e+02,-1.828000000000000000e+03
4.730000000000000000e+02,-1.928000000000000000e+03
5.470000000000000000e+02,-1.955000000000000000e+03
6.270000000000000000e+02,-1.956000000000000000e+03
7.120000000000000000e+02,-1.937000000000000000e+03
7.990000000000000000e+02,-1.894000000000000000e+03
8.850000000000000000e+02,-1.843000000000000000e+03
9.620000000000000000e+02,-1.780000000000000000e+03
1.031000000000000000e+03,-1.718000000000000000e+03
1.091000000000000000e+03,-1.662000000000000000e+03
1.091000000000000000e+03,-1.662000000000000000e+03
1.170000000000000000e+03,-1.581000000000000000e+03
1.170000000000000000e+03,-1.581000000000000000e+03
1.170000000000000000e+03,-1.581000000000000000e+03
1.170000000000000000e+03,-1.581000000000000000e+03
1.170000000000000000e+03,-1.581000000000000000e+03
1.170000000000000000e+03,-1.581000000000000000e+03
1.186000000000000000e+03,-1.652000000000000000e+03
1.186000000000000000e+03,-1.652000000000000000e+03
1.189000000000000000e+03,-1.757000000000000000e+03
1.200000000000000000e+03,-1.818000000000000000e+03
1.218000000000000000e+03,-1.881000000000000000e+03
1.218000000000000000e+03,-1.881000000000000000e+03
1.263000000000000000e+03,-1.989000000000000000e+03
1.263000000000000000e+03,-1.989000000000000000e+03
1.321000000000000000e+03,-2.065000000000000000e+03
1.321000000000000000e+03,-2.065000000000000000e+03
1.382000000000000000e+03,-2.084000000000000000e+03
1.382000000000000000e+03,-2.084000000000000000e+03
