-1.029493135461494180e-01,-2.514400679756427781e-01
-1.029493135461494180e-01,-2.514400679756427781e-01
-1.711011176849556448e-01,-2.995472238383295460e-01
-2.071814845819706929e-01,-3.356275907353445942e-01
-2.232172032028662823e-01,-3.797258169428074370e-01
-2.552886404446574331e-01,-4.679222693577331227e-01
-2.472707811342096385e-01,-5.481008624622110137e-01
-2.592975700998813027e-01,-6.563419631532562137e-01
-2.432618514789857411e-01,-7.485473452234057135e-01
-2.392529218237618438e-01,-8.567884459144509135e-01
-2.031725549267467956e-01,-9.489938279846005242e-01
-1.670921880297317474e-01,-1.033181350744302396e+00
-1.189850321670450073e-01,-1.097324225227884531e+00
-4.281536871779099973e-02,-1.125386732814451785e+00
4.538108369713469287e-02,-1.145431381090571410e+00
1.255596768016125908e-01,-1.141422451435347485e+00
2.257829181822099684e-01,-1.109351014193556306e+00
