1.156325647428642300e+00,1.497084668122673268e+00
1.156325647428642300e+00,1.497084668122673268e+00
1.124254210186851122e+00,1.561227542606255625e+00
1.124254210186851122e+00,1.561227542606255625e+00
1.040066687427149139e+00,1.625370417089837982e+00
9.759238129435668929e-01,1.661450783986852864e+00
9.037630791495367966e-01,1.701540080539091893e+00
7.995309081137155216e-01,1.737620447436106996e+00
6.792630184569986573e-01,1.757665095712226400e+00
5.389504805241623897e-01,1.769691884677898175e+00
3.745843646599826826e-01,1.749647236401778549e+00
1.901736005196835166e-01,1.721584728815211296e+00
-1.027288224151122996e-02,1.641406135710733460e+00
-2.147282946579298635e-01,1.525147175709240521e+00
-4.151747774191246187e-01,1.376816778465956403e+00
-6.156212601803193740e-01,1.188397084670433257e+00
-8.040409539758424096e-01,9.719148832883430789e-01
-9.523713512191265274e-01,7.233612446644615002e-01
-1.084666029841515167e+00,4.467450984540127790e-01
-1.172862482256440853e+00,1.500843039674445711e-01
-1.220969638119127509e+00,-1.545943498295714591e-01
-1.232996427084799285e+00,-4.632819332818113311e-01
-1.184889271222112406e+00,-7.479159388027079025e-01
-1.092683889151962795e+00,-1.012505296047484959e+00
-9.523713512191265274e-01,-1.241014286395246913e+00
-7.719695167340512310e-01,-1.433442909845993984e+00
-5.474694560415132027e-01,-1.569746518123606327e+00
-2.989158174176316796e-01,-1.641907251917636534e+00
-3.432646017285460177e-02,-1.645916181572860459e+00
2.422896860375941541e-01,-1.585782236744502027e+00
4.868343950062517522e-01,-1.481550065708680641e+00
7.033165963883420968e-01,-1.357273246396739852e+00
8.716916419077456180e-01,-1.204933919498231809e+00
9.999773908749103324e-01,-1.060612451910171616e+00
1.052093476392820914e+00,-9.283177732877831989e-01
1.040066687427149139e+00,-8.200766725967379989e-01
9.518702350122235645e-01,-7.398980794922600523e-01
7.875041191480438574e-01,-6.957998532847972095e-01
5.589951288002817931e-01,-6.797641346639017312e-01
2.903968419002808665e-01,-6.837730643191255453e-01
5.762836379384348937e-03,-7.038177125952450597e-01
-2.748622394862882956e-01,-7.198534312161406490e-01
-5.354426670758414275e-01,-7.599427277683795667e-01
-7.719695167340512310e-01,-8.120588132862902597e-01
-9.603892105295743775e-01,-8.842195470803203561e-01
-9.603892105295743775e-01,-8.842195470803203561e-01
-1.032549944323604363e+00,-9.884517181161416310e-01
-9.122820546668876096e-01,-9.643981401847981916e-01
