4.200000000000000000e+02,-3.200000000000000000e+02
4.070000000000000000e+02,-3.210000000000000000e+02
4.070000000000000000e+02,-3.210000000000000000e+02
3.910000000000000000e+02,-3.220000000000000000e+02
3.910000000000000000e+02,-3.220000000000000000e+02
3.770000000000000000e+02,-3.420000000000000000e+02
3.690000000000000000e+02,-3.640000000000000000e+02
3.620000000000000000e+02,-3.940000000000000000e+02
3.550000000000000000e+02,-4.360000000000000000e+02
3.480000000000000000e+02,-4.860000000000000000e+02
3.380000000000000000e+02,-5.510000000000000000e+02
3.280000000000000000e+02,-6.240000000000000000e+02
3.140000000000000000e+02,-7.070000000000000000e+02
2.990000000000000000e+02,-7.890000000000000000e+02
2.840000000000000000e+02,-8.740000000000000000e+02
2.670000000000000000e+02,-9.520000000000000000e+02
2.530000000000000000e+02,-1.023000000000000000e+03
2.400000000000000000e+02,-1.086000000000000000e+03
2.300000000000000000e+02,-1.134000000000000000e+03
2.220000000000000000e+02,-1.167000000000000000e+03
2.190000000000000000e+02,-1.183000000000000000e+03
2.190000000000000000e+02,-1.183000000000000000e+03
2.190000000000000000e+02,-1.183000000000000000e+03
2.250000000000000000e+02,-1.159000000000000000e+03
2.300000000000000000e+02,-1.125000000000000000e+03
2.380000000000000000e+02,-1.079000000000000000e+03
2.450000000000000000e+02,-1.020000000000000000e+03
2.550000000000000000e+02,-9.540000000000000000e+02
2.620000000000000000e+02,-8.800000000000000000e+02
2.720000000000000000e+02,-8.010000000000000000e+02
2.810000000000000000e+02,-7.220000000000000000e+02
2.930000000000000000e+02,-6.430000000000000000e+02
3.030000000000000000e+02,-5.710000000000000000e+02
3.170000000000000000e+02,-5.050000000000000000e+02
3.280000000000000000e+02,-4.500000000000000000e+02
3.420000000000000000e+02,-4.030000000000000000e+02
3.560000000000000000e+02,-3.670000000000000000e+02
3.740000000000000000e+02,-3.390000000000000000e+02
3.920000000000000000e+02,-3.190000000000000000e+02
4.150000000000000000e+02,-3.050000000000000000e+02
4.420000000000000000e+02,-3.000000000000000000e+02
4.700000000000000000e+02,-3.020000000000000000e+02
5.010000000000000000e+02,-3.120000000000000000e+02
5.340000000000000000e+02,-3.310000000000000000e+02
5.650000000000000000e+02,-3.600000000000000000e+02
5.920000000000000000e+02,-3.970000000000000000e+02
6.140000000000000000e+02,-4.460000000000000000e+02
6.310000000000000000e+02,-5.040000000000000000e+02
6.390000000000000000e+02,-5.660000000000000000e+02
6.400000000000000000e+02,-6.350000000000000000e+02
6.320000000000000000e+02,-7.070000000000000000e+02
6.160000000000000000e+02,-7.790000000000000000e+02
5.920000000000000000e+02,-8.520000000000000000e+02
5.620000000000000000e+02,-9.230000000000000000e+02
5.240000000000000000e+02,-9.910000000000000000e+02
4.800000000000000000e+02,-1.055000000000000000e+03
4.330000000000000000e+02,-1.114000000000000000e+03
3.830000000000000000e+02,-1.163000000000000000e+03
3.330000000000000000e+02,-1.206000000000000000e+03
2.840000000000000000e+02,-1.237000000000000000e+03
2.390000000000000000e+02,-1.264000000000000000e+03
1.990000000000000000e+02,-1.279000000000000000e+03
1.670000000000000000e+02,-1.286000000000000000e+03
1.390000000000000000e+02,-1.289000000000000000e+03
1.260000000000000000e+02,-1.283000000000000000e+03
1.260000000000000000e+02,-1.283000000000000000e+03
1.260000000000000000e+02,-1.283000000000000000e+03
1.340000000000000000e+02,-1.267000000000000000e+03
1.490000000000000000e+02,-1.262000000000000000e+03
