7.880000000000000000e+02,-8.000000000000000000e+02
7.750000000000000000e+02,-7.820000000000000000e+02
7.570000000000000000e+02,-7.750000000000000000e+02
7.460000000000000000e+02,-7.660000000000000000e+02
7.460000000000000000e+02,-7.660000000000000000e+02
7.360000000000000000e+02,-7.600000000000000000e+02
7.360000000000000000e+02,-7.600000000000000000e+02
7.550000000000000000e+02,-7.670000000000000000e+02
7.810000000000000000e+02,-7.660000000000000000e+02
8.080000000000000000e+02,-7.670000000000000000e+02
