-8.369968915105406859e-01,5.813431003647566708e-01
-8.369968915105406859e-01,6.414770451931151030e-01
-8.369968915105406859e-01,6.414770451931151030e-01
-8.369968915105406859e-01,6.414770451931151030e-01
-8.369968915105406859e-01,6.414770451931151030e-01
-8.369968915105406859e-01,6.414770451931151030e-01
-8.369968915105406859e-01,6.414770451931151030e-01
-8.369968915105406859e-01,6.414770451931151030e-01
-8.249701025448690217e-01,6.935931307110256849e-01
-8.249701025448690217e-01,6.935931307110256849e-01
-8.249701025448690217e-01,6.935931307110256849e-01
-8.249701025448690217e-01,6.935931307110256849e-01
-8.249701025448690217e-01,6.935931307110256849e-01
-8.129433135791973575e-01,6.414770451931151030e-01
-8.129433135791973575e-01,6.414770451931151030e-01
-8.129433135791973575e-01,5.733252410543088207e-01
-8.129433135791973575e-01,5.733252410543088207e-01
-8.209611728896450966e-01,4.771109293289353959e-01
-8.209611728896450966e-01,4.009412658796813744e-01
-8.329879618553168719e-01,2.886912355334123048e-01
-8.450147508209885361e-01,1.684233458766954683e-01
-8.610504694418841254e-01,2.009294863341135051e-02
-8.810951177180035288e-01,-1.522910265412161235e-01
-9.051486956493469682e-01,-3.367017906815152894e-01
-9.171754846150186324e-01,-5.451661327531578394e-01
-9.211844142702425575e-01,-7.616483341352481284e-01
-9.211844142702425575e-01,-9.981751837934579319e-01
-9.091576253045707823e-01,-1.238710963106891549e+00
-8.810951177180035288e-01,-1.475237812765101353e+00
-8.329879618553168719e-01,-1.695728943802415678e+00
-7.648361577165105896e-01,-1.916220074839730003e+00
-6.806486349568088290e-01,-2.112657627945700778e+00
-5.844343232314352932e-01,-2.297068392085999999e+00
-4.641664335747184844e-01,-2.453416648639731967e+00
-3.278628252971060864e-01,-2.565666678986000981e+00
-1.915592170194936328e-01,-2.645845272090478595e+00
-4.723774943143342619e-02,-2.677916709332269996e+00
1.010926478118506916e-01,-2.677916709332269996e+00
2.454141153999108982e-01,-2.629809553469583339e+00
4.017623719536427829e-01,-2.525577382433761731e+00
5.541016988521507702e-01,-2.393282703811373313e+00
6.984231664402110740e-01,-2.204863010015850389e+00
8.307178450625996025e-01,-1.988380808633759989e+00
9.630125236849881309e-01,-1.743836099665102335e+00
1.079271483686480959e+00,-1.487264601730773128e+00
1.187512584377526270e+00,-1.206639525865100593e+00
1.263682247826780181e+00,-9.420501686203234248e-01
1.327825122310362538e+00,-6.894876003412180321e-01
1.351878700241705866e+00,-4.649875396486799484e-01
1.375932278173049195e+00,-2.645410568874851931e-01
1.351878700241705866e+00,-1.282374486098727673e-01
1.339851911276034313e+00,2.410187828863524437e-02
1.319807262999914688e+00,1.323429789796804201e-01
1.263682247826780181e+00,1.684233458766954683e-01
1.263682247826780181e+00,1.684233458766954683e-01
1.191521514032750195e+00,2.045037127737105165e-01
