5.610000000000000000e+02,-2.188000000000000000e+03
5.610000000000000000e+02,-2.188000000000000000e+03
5.610000000000000000e+02,-2.188000000000000000e+03
5.820000000000000000e+02,-2.173000000000000000e+03
5.950000000000000000e+02,-2.171000000000000000e+03
6.170000000000000000e+02,-2.165000000000000000e+03
6.410000000000000000e+02,-2.164000000000000000e+03
6.690000000000000000e+02,-2.161000000000000000e+03
7.020000000000000000e+02,-2.159000000000000000e+03
7.420000000000000000e+02,-2.158000000000000000e+03
7.850000000000000000e+02,-2.155000000000000000e+03
8.290000000000000000e+02,-2.156000000000000000e+03
8.760000000000000000e+02,-2.155000000000000000e+03
9.210000000000000000e+02,-2.155000000000000000e+03
9.660000000000000000e+02,-2.155000000000000000e+03
1.009000000000000000e+03,-2.153000000000000000e+03
1.048000000000000000e+03,-2.152000000000000000e+03
1.079000000000000000e+03,-2.152000000000000000e+03
1.103000000000000000e+03,-2.149000000000000000e+03
1.123000000000000000e+03,-2.147000000000000000e+03
1.147000000000000000e+03,-2.134000000000000000e+03
1.147000000000000000e+03,-2.134000000000000000e+03
1.164000000000000000e+03,-2.131000000000000000e+03
