5.490000000000000000e+02,-8.420000000000000000e+02
5.490000000000000000e+02,-8.420000000000000000e+02
5.490000000000000000e+02,-8.420000000000000000e+02
5.490000000000000000e+02,-8.420000000000000000e+02
5.420000000000000000e+02,-8.330000000000000000e+02
5.420000000000000000e+02,-8.330000000000000000e+02
5.540000000000000000e+02,-8.300000000000000000e+02
5.700000000000000000e+02,-8.250000000000000000e+02
5.920000000000000000e+02,-8.220000000000000000e+02
6.200000000000000000e+02,-8.180000000000000000e+02
6.510000000000000000e+02,-8.140000000000000000e+02
6.830000000000000000e+02,-8.130000000000000000e+02
7.110000000000000000e+02,-8.150000000000000000e+02
7.420000000000000000e+02,-8.100000000000000000e+02
7.620000000000000000e+02,-8.110000000000000000e+02
7.850000000000000000e+02,-8.060000000000000000e+02
