-7.240475559913072123e-01,-3.608036689701505512e-02
-7.160296966808594732e-01,-1.363036082776124258e-01
-6.639136111629487802e-01,-1.683750455194035767e-01
-6.037796663345903481e-01,-2.044554124164186526e-01
-5.316189325405602517e-01,-2.204911310373142141e-01
-4.033331835733956483e-01,-1.924286234507469606e-01
-2.710385049510071198e-01,-1.804018344850752686e-01
-8.261881115548407040e-02,-1.122500303462690557e-01
1.058008826400389929e-01,-6.013394482835842519e-02
3.222830840221292958e-01,2.004464827611947622e-02
5.267384964385479762e-01,9.621431172537348031e-02
7.352028385101905261e-01,1.884196937955230633e-01
9.276314619609374867e-01,2.726072165552248516e-01
1.075961859204221494e+00,3.407590206940310784e-01
1.212265467481834058e+00,4.049018951776133801e-01
1.284426201275864043e+00,4.289554731089567641e-01
1.348569075759446401e+00,4.850804882820912711e-01
1.404694090932580908e+00,5.371965738000019641e-01
1.404694090932580908e+00,5.371965738000019641e-01
1.404694090932580908e+00,5.371965738000019641e-01
