-8.843837058377541638e-01,1.052689631880341231e-01
-9.445176506661125959e-01,1.734207673268403360e-01
-9.445176506661125959e-01,1.734207673268403360e-01
-9.445176506661125959e-01,1.734207673268403360e-01
-9.445176506661125959e-01,1.734207673268403360e-01
-9.445176506661125959e-01,1.734207673268403360e-01
-8.843837058377541638e-01,1.734207673268403360e-01
-8.843837058377541638e-01,1.734207673268403360e-01
-8.001961830780524032e-01,6.918859629101907494e-02
-7.400622382496939711e-01,-2.972137503011038767e-03
-6.679015044556638747e-01,-7.513287129704114553e-02
-5.877229113511859282e-01,-1.553114644015190504e-01
-4.915085996258124479e-01,-2.194543388851013521e-01
-3.832674989347673034e-01,-2.755793540582359147e-01
-2.750263982437221033e-01,-3.116597209552509629e-01
-1.507495789317813972e-01,-3.156686506104748324e-01
-4.250847824073621800e-02,-3.036418616448031682e-01
6.974155210553283080e-02,-2.635525650925641949e-01
1.819915824518018865e-01,-2.074275499194296879e-01
2.902326831428470588e-01,-1.352668161253995638e-01
3.664023465921010803e-01,-5.107929336569777545e-02
4.265362914204594569e-01,3.310822939400401288e-02
4.706345176279223552e-01,1.293225411193774932e-01
4.746434472831462248e-01,2.095011342238553842e-01
4.626166583174745606e-01,2.856707976731093779e-01
4.225273617652355873e-01,3.417958128462439404e-01
3.503666279712054910e-01,3.979208280193784475e-01
2.581612459010558802e-01,4.259833356059457010e-01
1.539290748652346330e-01,4.460279838820652154e-01
4.167904451896557033e-02,4.380101245716174208e-01
-7.457991548252737579e-02,4.219744059507218314e-01
-1.828210161735725481e-01,3.738672500880350635e-01
-2.750263982437221033e-01,3.057154459492288923e-01
-3.592139210034239194e-01,2.135100638790792815e-01
-4.233567954870062211e-01,9.324217422236244501e-02
-4.714639513496929890e-01,-5.508822302092167278e-02
-4.915085996258124479e-01,-2.074275499194296879e-01
-4.834907403153646532e-01,-3.838204547492810592e-01
-4.594371623840212693e-01,-5.722401485448040948e-01
-3.993032175556628927e-01,-7.406151940642077269e-01
-3.231335541064088712e-01,-8.969634506179395839e-01
-2.229103127258114936e-01,-1.025249199585104298e+00
-1.106602823795424378e-01,-1.121463511310477612e+00
2.163439624284609758e-02,-1.181597456138836044e+00
1.739737231413540919e-01,-1.205651034070179595e+00
3.303219796950860321e-01,-1.193624245104507819e+00
4.986970252144896087e-01,-1.145517089241821163e+00
6.630631410786692603e-01,-1.085383144413462730e+00
7.913488900458339748e-01,-1.029258129240328223e+00
9.597239355652374959e-01,-9.210170285492830233e-01
1.051929317635386996e+00,-8.769188023418201805e-01
