1.375000000000000000e+03,-6.950000000000000000e+02
1.367000000000000000e+03,-6.690000000000000000e+02
1.367000000000000000e+03,-6.690000000000000000e+02
1.367000000000000000e+03,-6.690000000000000000e+02
1.367000000000000000e+03,-6.690000000000000000e+02
1.363000000000000000e+03,-6.860000000000000000e+02
1.361000000000000000e+03,-7.220000000000000000e+02
1.349000000000000000e+03,-8.020000000000000000e+02
1.342000000000000000e+03,-8.970000000000000000e+02
1.327000000000000000e+03,-1.023000000000000000e+03
1.313000000000000000e+03,-1.162000000000000000e+03
1.296000000000000000e+03,-1.314000000000000000e+03
1.275000000000000000e+03,-1.466000000000000000e+03
1.265000000000000000e+03,-1.613000000000000000e+03
1.245000000000000000e+03,-1.744000000000000000e+03
1.235000000000000000e+03,-1.842000000000000000e+03
1.235000000000000000e+03,-1.908000000000000000e+03
1.238000000000000000e+03,-1.949000000000000000e+03
1.244000000000000000e+03,-1.964000000000000000e+03
