-1.773314660079567506e+00,2.500204352389105100e+00
-1.825430745597478088e+00,2.516240071010000356e+00
-1.825430745597478088e+00,2.516240071010000356e+00
-1.861511112494493192e+00,2.572365086183134864e+00
-1.861511112494493192e+00,2.572365086183134864e+00
-1.861511112494493192e+00,2.572365086183134864e+00
-1.861511112494493192e+00,2.572365086183134864e+00
-1.861511112494493192e+00,2.572365086183134864e+00
-1.797368238010910835e+00,2.600427593769702117e+00
-1.741243222837776328e+00,2.600427593769702117e+00
-1.741243222837776328e+00,2.600427593769702117e+00
-1.641019981457178867e+00,2.560338297217463310e+00
-1.596921755249716135e+00,2.480159704112985697e+00
-1.504716373179566524e+00,2.391963251698059789e+00
-1.440573498695984167e+00,2.231606065489104118e+00
-1.344359186970610631e+00,2.059222090314476450e+00
-1.260171664210908871e+00,1.822695240656266646e+00
-1.139903774554192006e+00,1.550088024101041961e+00
-1.027653744207922992e+00,1.237391510993578025e+00
-8.913501359303105387e-01,9.166771385756664614e-01
-7.510375979974742711e-01,5.638913289159637188e-01
-5.986982710989662282e-01,2.351590971876043323e-01
-4.623946628213538301e-01,-9.357313454075505410e-02
-3.100553359228458428e-01,-3.902339290273232897e-01
-1.777606573004572865e-01,-6.708590048929958805e-01
-4.947490833329266230e-02,-9.154037138616535341e-01
6.277512201297640038e-02,-1.139903774554191562e+00
1.549805040831259695e-01,-1.332332398004938634e+00
2.151144489114844016e-01,-1.492689584213894305e+00
2.752483937398428337e-01,-1.620975333181059019e+00
3.113287606368578819e-01,-1.717189644906432555e+00
3.434001978786490605e-01,-1.809395026976582166e+00
3.554269868443207248e-01,-1.861511112494492748e+00
3.554269868443207248e-01,-1.861511112494492748e+00
3.714627054652163141e-01,-1.917636127667627255e+00
3.714627054652163141e-01,-1.917636127667627255e+00
3.714627054652163141e-01,-1.917636127667627255e+00
3.714627054652163141e-01,-1.917636127667627255e+00
3.714627054652163141e-01,-1.917636127667627255e+00
4.035341427070074372e-01,-1.837457534563149419e+00
4.035341427070074372e-01,-1.837457534563149419e+00
4.195698613279030265e-01,-1.785341449045238615e+00
4.195698613279030265e-01,-1.785341449045238615e+00
4.195698613279030265e-01,-1.785341449045238615e+00
4.396145096040225408e-01,-1.713180715251208630e+00
4.396145096040225408e-01,-1.713180715251208630e+00
4.396145096040225408e-01,-1.713180715251208630e+00
4.436234392592464104e-01,-1.633002122146730795e+00
4.436234392592464104e-01,-1.633002122146730795e+00
4.436234392592464104e-01,-1.572868177318372362e+00
4.676770171905897944e-01,-1.516743162145237855e+00
4.676770171905897944e-01,-1.516743162145237855e+00
4.556502282249180746e-01,-1.404493131798968619e+00
4.556502282249180746e-01,-1.348368116625834112e+00
4.436234392592464104e-01,-1.288234171797475680e+00
4.676770171905897944e-01,-1.188010930416878441e+00
4.636680875353658693e-01,-1.095805548346728830e+00
