-1.076693353139886566e+00,6.089629866443380113e-01
-1.076693353139886566e+00,6.089629866443380113e-01
-1.100746931071229895e+00,6.610790721622485933e-01
-1.100746931071229895e+00,6.610790721622485933e-01
-1.100746931071229895e+00,6.610790721622485933e-01
-1.100746931071229895e+00,6.610790721622485933e-01
-1.100746931071229895e+00,6.610790721622485933e-01
-1.124800509002573223e+00,6.089629866443380113e-01
-1.136827297968244999e+00,5.287843935398600648e-01
-1.136827297968244999e+00,4.165343631935909952e-01
-1.152863016589140477e+00,2.641950362950830078e-01
-1.144845157278692849e+00,9.581999077567943113e-02
-1.152863016589140477e+00,-1.246711402616347969e-01
-1.136827297968244999e+00,-3.652069195750685116e-01
-1.120791579347349298e+00,-6.177694878541738488e-01
-1.084711212450334417e+00,-8.783499154437269807e-01
-1.040612986242871463e+00,-1.150957131998951999e+00
-9.684522524488413664e-01,-1.403519700278057281e+00
-8.922825889995873450e-01,-1.640046549936267084e+00
-7.960682772742139202e-01,-1.864546610628805112e+00
-6.958450358936165703e-01,-2.048957374769104334e+00
-5.876039352025713702e-01,-2.209314560978060005e+00
-4.793628345115262257e-01,-2.333591380290001016e+00
-3.711217338204810257e-01,-2.417778903049702777e+00
-2.668895627846597507e-01,-2.461877129257165731e+00
-1.666663214040624008e-01,-2.465886058912389434e+00
-7.045200967868892050e-02,-2.429805692015374330e+00
2.576230204668455287e-02,-2.357644958221344123e+00
1.299944730825058070e-01,-2.249403857530299256e+00
2.221998551526553900e-01,-2.117109178907910394e+00
3.103963075675810757e-01,-1.952743063043730798e+00
4.026016896377306864e-01,-1.760314439592983948e+00
4.867892123974324470e-01,-1.547841167866117473e+00
5.669678055019103935e-01,-1.319332177518355520e+00
6.311106799854926397e-01,-1.082805327860145717e+00
6.992624841242989220e-01,-8.462784782019359131e-01
7.353428510213139147e-01,-6.057426988885021846e-01
7.754321475735529434e-01,-3.772337085407401758e-01
7.954767958496723468e-01,-1.767872257795454205e-01
7.994857255048962719e-01,-3.943209496940490205e-04
7.994857255048962719e-01,1.479360762935900686e-01
7.714232179183290183e-01,2.641950362950830078e-01
7.513785696422095040e-01,3.523914887100086935e-01
7.593964289526573541e-01,4.405879411249343791e-01
7.593964289526573541e-01,4.405879411249343791e-01
7.273249917108661755e-01,5.167576045741884005e-01
7.273249917108661755e-01,5.167576045741884005e-01
