-4.210022739542383374e-01,6.397475807868580056e-01
-4.210022739542383374e-01,6.397475807868580056e-01
-4.210022739542383374e-01,6.397475807868580056e-01
-4.210022739542383374e-01,6.397475807868580056e-01
-4.210022739542383374e-01,6.397475807868580056e-01
-4.210022739542383374e-01,6.397475807868580056e-01
-4.210022739542383374e-01,6.397475807868580056e-01
-4.851451484378206391e-01,6.076761435450668269e-01
-4.851451484378206391e-01,6.076761435450668269e-01
-4.851451484378206391e-01,6.076761435450668269e-01
-5.172165856796118177e-01,5.435332690614845808e-01
-5.412701636109551462e-01,4.753814649226783540e-01
-5.452790932661790713e-01,4.192564497495437914e-01
-5.613148118870746606e-01,3.310599973346181057e-01
-5.653237415422985856e-01,2.629081931958119345e-01
-5.773505305079702499e-01,1.546670925047667622e-01
-5.773505305079702499e-01,6.246171043461716532e-02
-5.853683898184179890e-01,-6.983296818777136317e-02
-5.773505305079702499e-01,-1.941097874997121109e-01
-5.853683898184179890e-01,-3.344223254325484063e-01
-5.773505305079702499e-01,-4.907705819862803187e-01
-5.773505305079702499e-01,-6.591456275056839509e-01
-5.653237415422985856e-01,-8.355385323355353222e-01
-5.613148118870746606e-01,-1.015940366820610619e+00
-5.532969525766268104e-01,-1.192333271650461990e+00
-5.412701636109551462e-01,-1.360708317169865511e+00
-5.292433746452834820e-01,-1.513047644068373554e+00
-5.212255153348357428e-01,-1.653360182001209822e+00
-5.091987263691639676e-01,-1.773628071657926686e+00
-5.091987263691639676e-01,-1.869842383383300222e+00
-5.051897967139401535e-01,-1.954029906143001982e+00
-4.971719374034923034e-01,-2.014163850971360414e+00
-4.971719374034923034e-01,-2.014163850971360414e+00
-4.971719374034923034e-01,-2.094342444075838472e+00
-4.971719374034923034e-01,-2.094342444075838472e+00
-4.971719374034923034e-01,-2.094342444075838472e+00
-4.971719374034923034e-01,-2.094342444075838472e+00
-4.971719374034923034e-01,-2.094342444075838472e+00
-4.971719374034923034e-01,-2.094342444075838472e+00
-4.450558518855817214e-01,-1.966056695108673757e+00
-4.089754849885666177e-01,-1.869842383383300222e+00
-3.969486960228949535e-01,-1.777637001313150611e+00
-3.769040477467754946e-01,-1.653360182001209822e+00
