3.828963573962212985e-01,1.272922316178265234e+00
3.989320760171168878e-01,1.329047331351399741e+00
4.350124429141319360e-01,1.389181276179758173e+00
4.951463877424903681e-01,1.465350939629012306e+00
5.352356842947293414e-01,1.549538462388714066e+00
6.234321367096550270e-01,1.685842070666326409e+00
6.795571518827895341e-01,1.794083171357371720e+00
7.877982525738347341e-01,1.942413568600655838e+00
8.599589863678648305e-01,2.062681458257372480e+00
9.441465091275665911e-01,2.190967207224537194e+00
1.024325102232044538e+00,2.299208307915582505e+00
1.076441187749955120e+00,2.383395830675284266e+00
1.156619780854432955e+00,2.467583353434986027e+00
1.216753725682791387e+00,2.535735157573792087e+00
1.216753725682791387e+00,2.535735157573792087e+00
1.276887670511149819e+00,2.547761946539464084e+00
1.276887670511149819e+00,2.547761946539464084e+00
