1.016000000000000000e+03,-1.011000000000000000e+03
1.007000000000000000e+03,-9.960000000000000000e+02
9.930000000000000000e+02,-1.001000000000000000e+03
9.930000000000000000e+02,-1.001000000000000000e+03
9.930000000000000000e+02,-1.001000000000000000e+03
9.710000000000000000e+02,-1.022000000000000000e+03
9.710000000000000000e+02,-1.022000000000000000e+03
9.590000000000000000e+02,-1.058000000000000000e+03
9.560000000000000000e+02,-1.076000000000000000e+03
9.450000000000000000e+02,-1.106000000000000000e+03
9.410000000000000000e+02,-1.127000000000000000e+03
9.300000000000000000e+02,-1.153000000000000000e+03
9.180000000000000000e+02,-1.173000000000000000e+03
9.150000000000000000e+02,-1.189000000000000000e+03
9.150000000000000000e+02,-1.189000000000000000e+03
8.980000000000000000e+02,-1.216000000000000000e+03
8.980000000000000000e+02,-1.216000000000000000e+03
8.980000000000000000e+02,-1.216000000000000000e+03
