-5.557998091663780560e-01,9.565576422284793878e-01
-5.838623167529453095e-01,1.084843391195643880e+00
-6.399873319260798166e-01,1.197093421541913116e+00
-6.680498395126470701e-01,1.333397029819525459e+00
-6.880944877887665845e-01,1.477718497407585652e+00
-7.482284326171250166e-01,1.565914949822511337e+00
-7.482284326171250166e-01,1.690191769134452127e+00
-7.843087995141400093e-01,1.742307854652362709e+00
-7.722820105484683451e-01,1.814468588446392916e+00
-7.722820105484683451e-01,1.814468588446392916e+00
-7.642641512380206059e-01,1.718254276721019380e+00
-7.642641512380206059e-01,1.577941738788183113e+00
-7.602552215827966808e-01,1.369477396716540563e+00
-7.642641512380206059e-01,1.096870180161315655e+00
-7.762909402036922701e-01,7.761558077434040914e-01
-7.963355884798117845e-01,4.193610684284774237e-01
-8.243980960663790380e-01,3.450382152698350247e-02
-8.564695333081702167e-01,-3.423355660640626241e-01
-8.765141815842896200e-01,-6.750767274476459079e-01
-9.005677595156330595e-01,-9.637196626237662933e-01
-9.045766891708568735e-01,-1.192228652971528247e+00
-9.125945484813047237e-01,-1.356594768835708065e+00
-9.125945484813047237e-01,-1.472853728837201004e+00
-9.005677595156330595e-01,-1.524969814355111586e+00
-9.005677595156330595e-01,-1.524969814355111586e+00
-9.005677595156330595e-01,-1.524969814355111586e+00
-8.925499002051852093e-01,-1.392675135732723168e+00
-9.045766891708568735e-01,-1.272407246076006304e+00
-9.286302671022003130e-01,-1.120067919177498261e+00
-9.607017043439914916e-01,-9.476839440028707040e-01
-9.887642119305587451e-01,-7.512463908968999293e-01
-1.012817789861901963e+00,-5.788624157222723721e-01
-1.032862438138021588e+00,-4.144962998580927205e-01
-1.044889227103693141e+00,-2.741837619252563973e-01
-1.048898156758917066e+00,-1.739605205446590197e-01
-1.024844578827573738e+00,-9.378192744018112870e-02
-1.024844578827573738e+00,-9.378192744018112870e-02
-9.166034781365286488e-01,-5.369263088794218319e-02
-8.123713071007073738e-01,-6.972834950883775862e-02
-6.880944877887665845e-01,-1.017997867506289233e-01
-5.437730202007063918e-01,-1.298622943371961769e-01
-3.593622560604072258e-01,-1.619337315789873555e-01
-1.749514919201080321e-01,-1.739605205446590197e-01
2.148606118586281546e-02,-1.859873095103307117e-01
2.058968253261619918e-01,-1.739605205446590197e-01
3.903075894664611578e-01,-1.418890833028678689e-01
5.506647756754169398e-01,-1.017997867506289233e-01
6.909773136082533185e-01,-2.563012330137491926e-02
8.072362736097462577e-01,6.256632911355076987e-02
8.954327260246719433e-01,1.708074298045959283e-01
9.675934598187020397e-01,3.151288973926561487e-01
1.015700615681388808e+00,4.634592946359402665e-01
1.051780982578403911e+00,6.358432698105677128e-01
1.071825630854523315e+00,8.322808229165385985e-01
1.075834560509747240e+00,1.028718376022509373e+00
1.071825630854523315e+00,1.229164858783704295e+00
1.063807771544075464e+00,1.409566693268779369e+00
1.039754193612732136e+00,1.553888160856839784e+00
1.023718474991836436e+00,1.670147120858332723e+00
1.011691686026164883e+00,1.754334643618034484e+00
1.011691686026164883e+00,1.754334643618034484e+00
1.011691686026164883e+00,1.754334643618034484e+00
9.435398818873586002e-01,1.638075683616541545e+00
9.194863039560152718e-01,1.469700638097137801e+00
8.954327260246719433e-01,1.265245225680719177e+00
8.553434294724329146e-01,1.016691587056837820e+00
8.112452032649700717e-01,7.280486518807173235e-01
7.711559067127311540e-01,4.273789277389252184e-01
7.270576805052683111e-01,1.186913442866852908e-01
6.909773136082533185e-01,-1.739605205446590197e-01
6.589058763664621399e-01,-4.505766667551077687e-01
6.308433687798948863e-01,-6.911124460685414972e-01
6.067897908485514469e-01,-8.915589288297361970e-01
5.987719315381037077e-01,-1.055925044693915904e+00
5.987719315381037077e-01,-1.176192934350632768e+00
5.987719315381037077e-01,-1.276416175731230229e+00
6.067897908485514469e-01,-1.352585839180484140e+00
6.067897908485514469e-01,-1.352585839180484140e+00
6.188165798142231111e-01,-1.424746572974514347e+00
6.188165798142231111e-01,-1.424746572974514347e+00
6.188165798142231111e-01,-1.424746572974514347e+00
6.188165798142231111e-01,-1.424746572974514347e+00
6.188165798142231111e-01,-1.424746572974514347e+00
6.789505246425815432e-01,-1.424746572974514347e+00
6.789505246425815432e-01,-1.424746572974514347e+00
6.789505246425815432e-01,-1.424746572974514347e+00
6.789505246425815432e-01,-1.424746572974514347e+00
7.631380474022834148e-01,-1.356594768835708065e+00
7.631380474022834148e-01,-1.356594768835708065e+00
