1.372622653690790673e-01,4.246850915196968557e-01
1.372622653690790673e-01,4.246850915196968557e-01
1.372622653690790673e-01,4.246850915196968557e-01
1.372622653690790673e-01,4.246850915196968557e-01
1.372622653690790673e-01,4.246850915196968557e-01
1.372622653690790673e-01,4.246850915196968557e-01
1.372622653690790673e-01,4.246850915196968557e-01
5.307474260937727895e-02,5.890512073838766183e-01
5.307474260937727895e-02,5.890512073838766183e-01
5.307474260937727895e-02,5.890512073838766183e-01
-1.834521070488325245e-01,5.289172625555181861e-01
-1.834521070488325245e-01,5.289172625555181861e-01
-3.959253787756989440e-01,4.086493728988013219e-01
-3.959253787756989440e-01,4.086493728988013219e-01
-6.043897208473414384e-01,1.921671715167109773e-01
-6.043897208473414384e-01,1.921671715167109773e-01
-7.607379774010734064e-01,-1.125114822803050391e-01
-7.607379774010734064e-01,-1.125114822803050391e-01
-7.607379774010734064e-01,-4.211990657325449527e-01
-7.607379774010734064e-01,-4.211990657325449527e-01
-6.284432987786848779e-01,-6.296634078041875027e-01
-6.284432987786848779e-01,-6.296634078041875027e-01
-3.838985898100272798e-01,-6.577259153907547562e-01
-3.838985898100272798e-01,-6.577259153907547562e-01
-9.124672497868294152e-02,-4.813330105609033849e-01
-9.124672497868294152e-02,-4.813330105609033849e-01
1.452801246795268619e-01,-1.606186381429917931e-01
2.374855067496764449e-01,1.577426668685959557e-02
2.374855067496764449e-01,1.577426668685959557e-02
3.377087481302737948e-01,2.843725535868605325e-01
3.377087481302737948e-01,2.843725535868605325e-01
3.617623260616171788e-01,4.567565287614880343e-01
3.617623260616171788e-01,4.567565287614880343e-01
3.617623260616171788e-01,4.567565287614880343e-01
3.617623260616171788e-01,4.567565287614880343e-01
2.815837329571392877e-01,2.402743273793977175e-01
2.815837329571392877e-01,2.402743273793977175e-01
2.615390846810198289e-01,-3.634181883105103844e-02
2.575301550257959038e-01,-2.087257940056785332e-01
2.735658736466914931e-01,-3.851186988355299046e-01
3.096462405437065413e-01,-5.494848146997095562e-01
3.096462405437065413e-01,-5.494848146997095562e-01
3.938337633034083574e-01,-8.140741719444866131e-01
3.938337633034083574e-01,-8.140741719444866131e-01
3.938337633034083574e-01,-8.140741719444866131e-01
5.982891757198269822e-01,-9.704224284982185811e-01
