4.730000000000000000e+02,-1.002000000000000000e+03
4.730000000000000000e+02,-1.002000000000000000e+03
5.030000000000000000e+02,-1.001000000000000000e+03
5.180000000000000000e+02,-1.002000000000000000e+03
5.430000000000000000e+02,-9.990000000000000000e+02
5.680000000000000000e+02,-9.970000000000000000e+02
5.930000000000000000e+02,-9.960000000000000000e+02
6.170000000000000000e+02,-9.940000000000000000e+02
6.320000000000000000e+02,-9.960000000000000000e+02
6.530000000000000000e+02,-9.910000000000000000e+02
6.620000000000000000e+02,-9.920000000000000000e+02
6.750000000000000000e+02,-9.870000000000000000e+02
