1.012000000000000000e+03,-1.221000000000000000e+03
9.960000000000000000e+02,-1.252000000000000000e+03
9.980000000000000000e+02,-1.274000000000000000e+03
9.960000000000000000e+02,-1.316000000000000000e+03
9.950000000000000000e+02,-1.374000000000000000e+03
9.990000000000000000e+02,-1.440000000000000000e+03
1.004000000000000000e+03,-1.520000000000000000e+03
1.015000000000000000e+03,-1.600000000000000000e+03
1.024000000000000000e+03,-1.686000000000000000e+03
1.037000000000000000e+03,-1.764000000000000000e+03
1.049000000000000000e+03,-1.837000000000000000e+03
1.061000000000000000e+03,-1.895000000000000000e+03
1.072000000000000000e+03,-1.942000000000000000e+03
1.078000000000000000e+03,-1.971000000000000000e+03
1.084000000000000000e+03,-1.986000000000000000e+03
1.084000000000000000e+03,-1.986000000000000000e+03
1.081000000000000000e+03,-1.969000000000000000e+03
1.073000000000000000e+03,-1.942000000000000000e+03
1.058000000000000000e+03,-1.903000000000000000e+03
1.042000000000000000e+03,-1.852000000000000000e+03
1.019000000000000000e+03,-1.787000000000000000e+03
9.930000000000000000e+02,-1.711000000000000000e+03
9.690000000000000000e+02,-1.625000000000000000e+03
9.470000000000000000e+02,-1.537000000000000000e+03
9.320000000000000000e+02,-1.449000000000000000e+03
9.240000000000000000e+02,-1.363000000000000000e+03
9.230000000000000000e+02,-1.285000000000000000e+03
9.320000000000000000e+02,-1.212000000000000000e+03
9.500000000000000000e+02,-1.160000000000000000e+03
9.830000000000000000e+02,-1.119000000000000000e+03
1.019000000000000000e+03,-1.101000000000000000e+03
1.072000000000000000e+03,-1.095000000000000000e+03
1.126000000000000000e+03,-1.104000000000000000e+03
1.188000000000000000e+03,-1.120000000000000000e+03
1.250000000000000000e+03,-1.152000000000000000e+03
1.307000000000000000e+03,-1.190000000000000000e+03
1.361000000000000000e+03,-1.236000000000000000e+03
1.405000000000000000e+03,-1.283000000000000000e+03
1.434000000000000000e+03,-1.330000000000000000e+03
1.444000000000000000e+03,-1.375000000000000000e+03
1.437000000000000000e+03,-1.416000000000000000e+03
1.414000000000000000e+03,-1.454000000000000000e+03
1.372000000000000000e+03,-1.485000000000000000e+03
1.316000000000000000e+03,-1.512000000000000000e+03
1.257000000000000000e+03,-1.527000000000000000e+03
1.188000000000000000e+03,-1.547000000000000000e+03
1.123000000000000000e+03,-1.559000000000000000e+03
1.070000000000000000e+03,-1.559000000000000000e+03
1.025000000000000000e+03,-1.559000000000000000e+03
9.960000000000000000e+02,-1.546000000000000000e+03
