6.830000000000000000e+02,-1.274000000000000000e+03
6.830000000000000000e+02,-1.274000000000000000e+03
6.650000000000000000e+02,-1.268000000000000000e+03
6.650000000000000000e+02,-1.268000000000000000e+03
6.480000000000000000e+02,-1.300000000000000000e+03
6.440000000000000000e+02,-1.328000000000000000e+03
6.390000000000000000e+02,-1.369000000000000000e+03
6.390000000000000000e+02,-1.420000000000000000e+03
6.410000000000000000e+02,-1.482000000000000000e+03
6.480000000000000000e+02,-1.550000000000000000e+03
6.590000000000000000e+02,-1.624000000000000000e+03
6.710000000000000000e+02,-1.699000000000000000e+03
6.870000000000000000e+02,-1.775000000000000000e+03
7.020000000000000000e+02,-1.846000000000000000e+03
7.190000000000000000e+02,-1.912000000000000000e+03
7.340000000000000000e+02,-1.971000000000000000e+03
7.450000000000000000e+02,-2.019000000000000000e+03
7.540000000000000000e+02,-2.057000000000000000e+03
7.570000000000000000e+02,-2.085000000000000000e+03
7.540000000000000000e+02,-2.099000000000000000e+03
7.540000000000000000e+02,-2.099000000000000000e+03
7.390000000000000000e+02,-2.093000000000000000e+03
7.300000000000000000e+02,-2.064000000000000000e+03
