4.905472105392143511e-01,5.562693603415216348e-01
4.905472105392143511e-01,5.562693603415216348e-01
4.905472105392143511e-01,6.605015313773429098e-01
4.905472105392143511e-01,6.605015313773429098e-01
4.424400546765276387e-01,7.527069134474925205e-01
3.983418284690647959e-01,8.168497879310747667e-01
3.141543057093629798e-01,8.529301548280898704e-01
2.179399939839894995e-01,8.850015920698810490e-01
6.159173743025760789e-02,9.130640996564483025e-01
-7.872080050257870831e-02,9.250908886221199667e-01
-2.791672832637734358e-01,8.850015920698810490e-01
-4.595691177488487322e-01,8.288765768967465419e-01
-6.760513191309390768e-01,7.005908279295818275e-01
-8.444263646503425980e-01,5.682961493071932990e-01
-1.032846058445865634e+00,3.758675258564463384e-01
-1.149105018447358573e+00,1.754210430952516109e-01
-1.221265752241388780e+00,-7.714152518385376800e-02
-1.225274681896612705e+00,-3.056505155316157629e-01
-1.165140737068254273e+00,-5.181237872584821824e-01
-1.016810339824970155e+00,-6.864988327778858146e-01
-8.163638570637753444e-01,-7.947399334689309036e-01
-5.557834294742222125e-01,-8.628917376077371859e-01
-2.711494239533256967e-01,-8.669006672629611110e-01
1.749351122279476506e-02,-8.308203003659460073e-01
2.941096574332435210e-01,-7.827131445032592394e-01
5.386543664019011191e-01,-7.346059886405725825e-01
7.391008491630958188e-01,-6.824899031226618895e-01
8.633776684750366082e-01,-6.504184658808707109e-01
9.676098395108578831e-01,-6.143380989838557182e-01
9.676098395108578831e-01,-6.143380989838557182e-01
1.007699136063096912e+00,-6.744720438122141504e-01
1.007699136063096912e+00,-6.744720438122141504e-01
9.916634174422012116e-01,-7.426238479510203216e-01
