9.065069959409933764e-01,-1.130273715842942117e+00
9.065069959409933764e-01,-1.130273715842942117e+00
9.866855890454713229e-01,-1.122255856532494267e+00
9.866855890454713229e-01,-1.122255856532494267e+00
1.062855252494725233e+00,-1.086175489635479163e+00
1.062855252494725233e+00,-1.086175489635479163e+00
1.062855252494725233e+00,-1.086175489635479163e+00
9.385784331827845550e-01,-1.110229067566822492e+00
8.503819807678588694e-01,-1.094193348945927013e+00
7.301140911111420051e-01,-1.106220137911598567e+00
5.817836938678578873e-01,-1.094193348945927013e+00
3.853461407618870571e-01,-1.098202278601150939e+00
1.808907283454684323e-01,-1.118246926877270342e+00
-3.559147303662188455e-02,-1.134282645498165820e+00
-2.600915337291599960e-01,-1.174371942050404849e+00
-4.725648054560264155e-01,-1.190407660671300327e+00
-6.890470068381167046e-01,-1.226488027568315431e+00
-8.453952633918486725e-01,-1.246532675844435056e+00
-9.977345902903567154e-01,-1.286621972396673863e+00
-1.126020339257521208e+00,-1.330720198604136817e+00
-1.210207862017223190e+00,-1.358782706190704070e+00
-1.274350736500805326e+00,-1.394863073087719174e+00
