1.051000000000000000e+03,-1.290000000000000000e+03
1.060000000000000000e+03,-1.277000000000000000e+03
1.070000000000000000e+03,-1.258000000000000000e+03
1.070000000000000000e+03,-1.258000000000000000e+03
1.070000000000000000e+03,-1.231000000000000000e+03
1.081000000000000000e+03,-1.210000000000000000e+03
1.081000000000000000e+03,-1.210000000000000000e+03
1.081000000000000000e+03,-1.210000000000000000e+03
1.054000000000000000e+03,-1.198000000000000000e+03
1.039000000000000000e+03,-1.198000000000000000e+03
1.013000000000000000e+03,-1.201000000000000000e+03
9.860000000000000000e+02,-1.200000000000000000e+03
9.500000000000000000e+02,-1.204000000000000000e+03
9.110000000000000000e+02,-1.210000000000000000e+03
8.700000000000000000e+02,-1.218000000000000000e+03
8.280000000000000000e+02,-1.221000000000000000e+03
7.910000000000000000e+02,-1.225000000000000000e+03
7.460000000000000000e+02,-1.233000000000000000e+03
7.160000000000000000e+02,-1.227000000000000000e+03
6.900000000000000000e+02,-1.233000000000000000e+03
6.690000000000000000e+02,-1.236000000000000000e+03
6.540000000000000000e+02,-1.242000000000000000e+03
