5.160000000000000000e+02,-1.093000000000000000e+03
5.160000000000000000e+02,-1.093000000000000000e+03
5.310000000000000000e+02,-1.073000000000000000e+03
5.310000000000000000e+02,-1.073000000000000000e+03
5.310000000000000000e+02,-1.073000000000000000e+03
5.310000000000000000e+02,-1.073000000000000000e+03
5.250000000000000000e+02,-1.099000000000000000e+03
5.160000000000000000e+02,-1.118000000000000000e+03
4.910000000000000000e+02,-1.151000000000000000e+03
4.720000000000000000e+02,-1.188000000000000000e+03
4.450000000000000000e+02,-1.234000000000000000e+03
4.210000000000000000e+02,-1.278000000000000000e+03
3.980000000000000000e+02,-1.325000000000000000e+03
3.840000000000000000e+02,-1.367000000000000000e+03
3.810000000000000000e+02,-1.405000000000000000e+03
3.920000000000000000e+02,-1.435000000000000000e+03
4.180000000000000000e+02,-1.460000000000000000e+03
4.540000000000000000e+02,-1.478000000000000000e+03
4.990000000000000000e+02,-1.492000000000000000e+03
5.550000000000000000e+02,-1.501000000000000000e+03
6.140000000000000000e+02,-1.507000000000000000e+03
6.800000000000000000e+02,-1.513000000000000000e+03
7.450000000000000000e+02,-1.519000000000000000e+03
8.050000000000000000e+02,-1.528000000000000000e+03
8.620000000000000000e+02,-1.537000000000000000e+03
9.140000000000000000e+02,-1.551000000000000000e+03
9.620000000000000000e+02,-1.561000000000000000e+03
1.001000000000000000e+03,-1.575000000000000000e+03
1.039000000000000000e+03,-1.584000000000000000e+03
1.058000000000000000e+03,-1.598000000000000000e+03
1.082000000000000000e+03,-1.598000000000000000e+03
1.082000000000000000e+03,-1.598000000000000000e+03
1.082000000000000000e+03,-1.598000000000000000e+03
1.082000000000000000e+03,-1.598000000000000000e+03
1.082000000000000000e+03,-1.598000000000000000e+03
1.064000000000000000e+03,-1.573000000000000000e+03
