1.021000000000000000e+03,-9.310000000000000000e+02
1.049000000000000000e+03,-9.220000000000000000e+02
1.049000000000000000e+03,-9.220000000000000000e+02
1.078000000000000000e+03,-9.160000000000000000e+02
1.078000000000000000e+03,-9.160000000000000000e+02
1.105000000000000000e+03,-9.100000000000000000e+02
1.123000000000000000e+03,-9.090000000000000000e+02
1.123000000000000000e+03,-9.090000000000000000e+02
1.150000000000000000e+03,-9.120000000000000000e+02
1.150000000000000000e+03,-9.120000000000000000e+02
1.177000000000000000e+03,-9.210000000000000000e+02
1.177000000000000000e+03,-9.210000000000000000e+02
1.198000000000000000e+03,-9.280000000000000000e+02
1.198000000000000000e+03,-9.280000000000000000e+02
1.198000000000000000e+03,-9.280000000000000000e+02
1.212000000000000000e+03,-9.390000000000000000e+02
1.212000000000000000e+03,-9.390000000000000000e+02
1.212000000000000000e+03,-9.390000000000000000e+02
1.212000000000000000e+03,-9.390000000000000000e+02
1.212000000000000000e+03,-9.390000000000000000e+02
1.212000000000000000e+03,-9.390000000000000000e+02
1.212000000000000000e+03,-9.390000000000000000e+02
1.212000000000000000e+03,-9.390000000000000000e+02
1.194000000000000000e+03,-9.330000000000000000e+02
1.176000000000000000e+03,-9.280000000000000000e+02
1.153000000000000000e+03,-9.220000000000000000e+02
1.126000000000000000e+03,-9.150000000000000000e+02
1.093000000000000000e+03,-9.060000000000000000e+02
1.057000000000000000e+03,-8.970000000000000000e+02
1.018000000000000000e+03,-8.890000000000000000e+02
9.750000000000000000e+02,-8.820000000000000000e+02
9.330000000000000000e+02,-8.800000000000000000e+02
8.970000000000000000e+02,-8.800000000000000000e+02
8.610000000000000000e+02,-8.860000000000000000e+02
8.280000000000000000e+02,-8.950000000000000000e+02
7.990000000000000000e+02,-9.070000000000000000e+02
7.720000000000000000e+02,-9.240000000000000000e+02
7.490000000000000000e+02,-9.400000000000000000e+02
7.300000000000000000e+02,-9.600000000000000000e+02
7.160000000000000000e+02,-9.780000000000000000e+02
7.070000000000000000e+02,-9.960000000000000000e+02
7.060000000000000000e+02,-1.013000000000000000e+03
7.090000000000000000e+02,-1.032000000000000000e+03
7.210000000000000000e+02,-1.053000000000000000e+03
7.400000000000000000e+02,-1.075000000000000000e+03
7.670000000000000000e+02,-1.097000000000000000e+03
8.030000000000000000e+02,-1.123000000000000000e+03
8.430000000000000000e+02,-1.151000000000000000e+03
8.850000000000000000e+02,-1.183000000000000000e+03
9.270000000000000000e+02,-1.221000000000000000e+03
9.690000000000000000e+02,-1.258000000000000000e+03
1.009000000000000000e+03,-1.295000000000000000e+03
1.042000000000000000e+03,-1.335000000000000000e+03
1.070000000000000000e+03,-1.374000000000000000e+03
1.094000000000000000e+03,-1.411000000000000000e+03
1.111000000000000000e+03,-1.447000000000000000e+03
1.128000000000000000e+03,-1.481000000000000000e+03
1.138000000000000000e+03,-1.516000000000000000e+03
1.149000000000000000e+03,-1.551000000000000000e+03
1.153000000000000000e+03,-1.585000000000000000e+03
1.161000000000000000e+03,-1.619000000000000000e+03
1.162000000000000000e+03,-1.653000000000000000e+03
1.165000000000000000e+03,-1.688000000000000000e+03
1.164000000000000000e+03,-1.721000000000000000e+03
1.162000000000000000e+03,-1.750000000000000000e+03
1.158000000000000000e+03,-1.775000000000000000e+03
1.150000000000000000e+03,-1.795000000000000000e+03
1.137000000000000000e+03,-1.810000000000000000e+03
1.123000000000000000e+03,-1.818000000000000000e+03
1.100000000000000000e+03,-1.822000000000000000e+03
1.078000000000000000e+03,-1.821000000000000000e+03
1.045000000000000000e+03,-1.818000000000000000e+03
1.013000000000000000e+03,-1.810000000000000000e+03
9.750000000000000000e+02,-1.803000000000000000e+03
9.390000000000000000e+02,-1.790000000000000000e+03
9.040000000000000000e+02,-1.780000000000000000e+03
8.710000000000000000e+02,-1.765000000000000000e+03
8.380000000000000000e+02,-1.753000000000000000e+03
8.100000000000000000e+02,-1.738000000000000000e+03
7.850000000000000000e+02,-1.723000000000000000e+03
7.660000000000000000e+02,-1.709000000000000000e+03
7.480000000000000000e+02,-1.696000000000000000e+03
7.330000000000000000e+02,-1.685000000000000000e+03
7.330000000000000000e+02,-1.685000000000000000e+03
7.150000000000000000e+02,-1.670000000000000000e+03
7.150000000000000000e+02,-1.670000000000000000e+03
7.150000000000000000e+02,-1.670000000000000000e+03
7.120000000000000000e+02,-1.653000000000000000e+03
7.120000000000000000e+02,-1.653000000000000000e+03
7.210000000000000000e+02,-1.638000000000000000e+03
7.210000000000000000e+02,-1.638000000000000000e+03
7.450000000000000000e+02,-1.623000000000000000e+03
7.450000000000000000e+02,-1.623000000000000000e+03
7.690000000000000000e+02,-1.607000000000000000e+03
7.690000000000000000e+02,-1.607000000000000000e+03
7.870000000000000000e+02,-1.604000000000000000e+03
