-1.935345350797726578e-03,6.426268157672690995e-01
-1.935345350797726578e-03,6.426268157672690995e-01
-1.935345350797726578e-03,6.426268157672690995e-01
-1.935345350797726578e-03,6.426268157672690995e-01
-1.935345350797726578e-03,6.426268157672690995e-01
8.225217740890407303e-02,7.308232681821947851e-01
8.225217740890407303e-02,7.308232681821947851e-01
1.463950518924863886e-01,7.949661426657770313e-01
1.463950518924863886e-01,7.949661426657770313e-01
2.305825746521881769e-01,8.991983137015983063e-01
2.746808008596510198e-01,9.713590474956284027e-01
3.308058160327855268e-01,1.055546570255330163e+00
3.789129718954722947e-01,1.147751952325479774e+00
4.310290574133829322e-01,1.231939475085181535e+00
4.991808615521891590e-01,1.332162716465778995e+00
5.352612284492042072e-01,1.412341309570256831e+00
5.873773139671147892e-01,1.500537761985182517e+00
6.475112587954732213e-01,1.576707425434436649e+00
6.475112587954732213e-01,1.576707425434436649e+00
6.956184146581599892e-01,1.660894948194138410e+00
6.956184146581599892e-01,1.660894948194138410e+00
