-4.110648765878821553e-02,1.839799537892900183e+00
-2.907969869311653049e-02,1.779665593064541751e+00
2.704531648001800084e-02,1.767638804098869976e+00
2.704531648001800084e-02,1.767638804098869976e+00
1.473132061367348478e-01,1.695478070304839990e+00
2.796078847591234040e-01,1.695478070304839990e+00
4.319472116576313914e-01,1.675433422028720365e+00
6.083401164874827627e-01,1.683451281339168215e+00
7.807240916621102089e-01,1.707504859270511544e+00
9.931973633889766839e-01,1.751603085477974497e+00
1.169590268218827944e+00,1.767638804098869976e+00
1.358009962014351091e+00,1.815745959961556855e+00
