1.241000000000000000e+03,-1.349000000000000000e+03
1.226000000000000000e+03,-1.329000000000000000e+03
1.195000000000000000e+03,-1.325000000000000000e+03
1.165000000000000000e+03,-1.311000000000000000e+03
1.125000000000000000e+03,-1.307000000000000000e+03
1.076000000000000000e+03,-1.308000000000000000e+03
1.034000000000000000e+03,-1.308000000000000000e+03
9.840000000000000000e+02,-1.320000000000000000e+03
9.440000000000000000e+02,-1.331000000000000000e+03
9.040000000000000000e+02,-1.349000000000000000e+03
8.770000000000000000e+02,-1.367000000000000000e+03
8.580000000000000000e+02,-1.388000000000000000e+03
8.530000000000000000e+02,-1.411000000000000000e+03
8.590000000000000000e+02,-1.430000000000000000e+03
8.770000000000000000e+02,-1.448000000000000000e+03
9.040000000000000000e+02,-1.466000000000000000e+03
9.380000000000000000e+02,-1.480000000000000000e+03
9.740000000000000000e+02,-1.494000000000000000e+03
1.012000000000000000e+03,-1.498000000000000000e+03
1.048000000000000000e+03,-1.504000000000000000e+03
1.081000000000000000e+03,-1.501000000000000000e+03
1.106000000000000000e+03,-1.501000000000000000e+03
1.126000000000000000e+03,-1.497000000000000000e+03
1.140000000000000000e+03,-1.492000000000000000e+03
1.140000000000000000e+03,-1.492000000000000000e+03
1.153000000000000000e+03,-1.480000000000000000e+03
1.153000000000000000e+03,-1.480000000000000000e+03
1.153000000000000000e+03,-1.480000000000000000e+03
1.153000000000000000e+03,-1.480000000000000000e+03
1.153000000000000000e+03,-1.480000000000000000e+03
1.153000000000000000e+03,-1.480000000000000000e+03
1.153000000000000000e+03,-1.480000000000000000e+03
1.153000000000000000e+03,-1.480000000000000000e+03
1.156000000000000000e+03,-1.500000000000000000e+03
1.165000000000000000e+03,-1.513000000000000000e+03
1.176000000000000000e+03,-1.533000000000000000e+03
1.191000000000000000e+03,-1.549000000000000000e+03
1.211000000000000000e+03,-1.561000000000000000e+03
1.239000000000000000e+03,-1.572000000000000000e+03
1.271000000000000000e+03,-1.578000000000000000e+03
1.307000000000000000e+03,-1.578000000000000000e+03
1.345000000000000000e+03,-1.570000000000000000e+03
1.381000000000000000e+03,-1.557000000000000000e+03
1.416000000000000000e+03,-1.531000000000000000e+03
1.446000000000000000e+03,-1.498000000000000000e+03
1.468000000000000000e+03,-1.460000000000000000e+03
1.479000000000000000e+03,-1.409000000000000000e+03
1.479000000000000000e+03,-1.347000000000000000e+03
1.467000000000000000e+03,-1.281000000000000000e+03
1.440000000000000000e+03,-1.209000000000000000e+03
1.400000000000000000e+03,-1.132000000000000000e+03
1.346000000000000000e+03,-1.056000000000000000e+03
1.277000000000000000e+03,-9.860000000000000000e+02
1.194000000000000000e+03,-9.280000000000000000e+02
1.099000000000000000e+03,-8.860000000000000000e+02
9.930000000000000000e+02,-8.710000000000000000e+02
8.830000000000000000e+02,-8.800000000000000000e+02
7.760000000000000000e+02,-9.210000000000000000e+02
6.720000000000000000e+02,-9.870000000000000000e+02
5.800000000000000000e+02,-1.076000000000000000e+03
5.070000000000000000e+02,-1.182000000000000000e+03
4.580000000000000000e+02,-1.299000000000000000e+03
4.390000000000000000e+02,-1.420000000000000000e+03
4.430000000000000000e+02,-1.536000000000000000e+03
4.760000000000000000e+02,-1.643000000000000000e+03
5.290000000000000000e+02,-1.733000000000000000e+03
6.060000000000000000e+02,-1.804000000000000000e+03
6.950000000000000000e+02,-1.861000000000000000e+03
7.900000000000000000e+02,-1.896000000000000000e+03
8.880000000000000000e+02,-1.910000000000000000e+03
9.710000000000000000e+02,-1.920000000000000000e+03
1.049000000000000000e+03,-1.913000000000000000e+03
1.119000000000000000e+03,-1.891000000000000000e+03
1.168000000000000000e+03,-1.861000000000000000e+03
1.204000000000000000e+03,-1.825000000000000000e+03
