7.130000000000000000e+02,-8.390000000000000000e+02
7.340000000000000000e+02,-8.210000000000000000e+02
7.460000000000000000e+02,-8.110000000000000000e+02
7.550000000000000000e+02,-7.940000000000000000e+02
7.610000000000000000e+02,-7.810000000000000000e+02
7.610000000000000000e+02,-7.810000000000000000e+02
7.480000000000000000e+02,-7.640000000000000000e+02
7.230000000000000000e+02,-7.650000000000000000e+02
6.920000000000000000e+02,-7.620000000000000000e+02
6.490000000000000000e+02,-7.700000000000000000e+02
6.010000000000000000e+02,-7.770000000000000000e+02
5.460000000000000000e+02,-7.940000000000000000e+02
4.900000000000000000e+02,-8.100000000000000000e+02
4.350000000000000000e+02,-8.360000000000000000e+02
3.850000000000000000e+02,-8.610000000000000000e+02
3.400000000000000000e+02,-8.920000000000000000e+02
3.050000000000000000e+02,-9.250000000000000000e+02
2.830000000000000000e+02,-9.600000000000000000e+02
2.750000000000000000e+02,-9.930000000000000000e+02
2.810000000000000000e+02,-1.028000000000000000e+03
3.000000000000000000e+02,-1.059000000000000000e+03
3.340000000000000000e+02,-1.088000000000000000e+03
3.780000000000000000e+02,-1.112000000000000000e+03
4.310000000000000000e+02,-1.132000000000000000e+03
4.930000000000000000e+02,-1.145000000000000000e+03
5.610000000000000000e+02,-1.155000000000000000e+03
6.250000000000000000e+02,-1.160000000000000000e+03
6.910000000000000000e+02,-1.162000000000000000e+03
7.470000000000000000e+02,-1.162000000000000000e+03
7.960000000000000000e+02,-1.157000000000000000e+03
8.390000000000000000e+02,-1.150000000000000000e+03
8.740000000000000000e+02,-1.144000000000000000e+03
9.010000000000000000e+02,-1.134000000000000000e+03
