-4.790999538783962119e-01,-3.410219013271601485e-01
-4.911267428440679317e-01,-2.648522378779061270e-01
-4.911267428440679317e-01,-2.648522378779061270e-01
-4.790999538783962119e-01,-1.886825744286521334e-01
-4.109481497395900407e-01,-1.285486296002937012e-01
-3.548231345664554781e-01,-1.085039813241742285e-01
-2.425731042201864363e-01,-7.242361442715916642e-02
-1.383409331843651613e-01,-6.841468477193526909e-02
1.399839371414284168e-02,-5.638789580626359099e-02
1.583198613022030465e-01,-5.638789580626359099e-02
3.186770475111588286e-01,-5.638789580626359099e-02
4.790342337201146661e-01,-5.638789580626359099e-02
5.993021233768315303e-01,-7.242361442715916642e-02
5.993021233768315303e-01,-7.242361442715916642e-02
7.356057316544438729e-01,-5.638789580626359099e-02
8.037575357932501552e-01,-7.242361442715916642e-02
8.719093399320563265e-01,-7.242361442715916642e-02
