1.088000000000000000e+03,-1.346000000000000000e+03
1.069000000000000000e+03,-1.350000000000000000e+03
1.055000000000000000e+03,-1.346000000000000000e+03
1.033000000000000000e+03,-1.349000000000000000e+03
1.010000000000000000e+03,-1.350000000000000000e+03
9.800000000000000000e+02,-1.359000000000000000e+03
9.450000000000000000e+02,-1.373000000000000000e+03
9.080000000000000000e+02,-1.394000000000000000e+03
8.670000000000000000e+02,-1.429000000000000000e+03
8.290000000000000000e+02,-1.466000000000000000e+03
7.900000000000000000e+02,-1.513000000000000000e+03
7.640000000000000000e+02,-1.558000000000000000e+03
7.430000000000000000e+02,-1.613000000000000000e+03
7.430000000000000000e+02,-1.661000000000000000e+03
7.540000000000000000e+02,-1.709000000000000000e+03
7.820000000000000000e+02,-1.745000000000000000e+03
8.260000000000000000e+02,-1.771000000000000000e+03
8.850000000000000000e+02,-1.784000000000000000e+03
9.480000000000000000e+02,-1.789000000000000000e+03
1.018000000000000000e+03,-1.783000000000000000e+03
1.084000000000000000e+03,-1.774000000000000000e+03
1.144000000000000000e+03,-1.759000000000000000e+03
1.203000000000000000e+03,-1.742000000000000000e+03
1.248000000000000000e+03,-1.730000000000000000e+03
1.283000000000000000e+03,-1.727000000000000000e+03
1.316000000000000000e+03,-1.718000000000000000e+03
1.334000000000000000e+03,-1.721000000000000000e+03
1.357000000000000000e+03,-1.718000000000000000e+03
