-8.767974592603016148e-01,-1.412835897826572262e+00
-7.565295696035847506e-01,-1.284550148859407548e+00
-7.565295696035847506e-01,-1.284550148859407548e+00
-6.603152578782113258e-01,-1.116175103340004027e+00
-5.761277351185095652e-01,-9.878893543728393123e-01
-4.839223530483599545e-01,-8.435678867847791196e-01
-3.676633930468669598e-01,-6.551481929892560840e-01
-2.554133627005978902e-01,-4.506927805728374037e-01
-1.151008247677615948e-01,-1.740766343623886547e-01
1.158135233731357643e-03,7.447700426149282682e-02
1.214260248904482087e-01,3.992003063346283298e-01
2.216492662710455863e-01,7.078878897868682296e-01
3.138546483411951415e-01,1.084727277377914412e+00
4.060600304113447523e-01,1.405441649795825976e+00
4.581761159292553898e-01,1.730164951868961465e+00
4.822296938605987737e-01,1.954665012561499493e+00
4.902475531710465129e-01,2.179165073254037743e+00
4.822296938605987737e-01,2.339522259462993414e+00
4.661939752397031844e-01,2.447763360154038725e+00
4.100689600665686219e-01,2.503888375327173232e+00
3.539439448934341148e-01,2.455781219464486576e+00
2.657474924785084291e-01,2.363575837394336965e+00
1.855688993740305104e-01,2.203218651185380850e+00
1.013813766143287359e-01,2.014798957389857925e+00
1.719385385462693719e-02,1.726156022213737540e+00
-7.501152821552264927e-02,1.417468438761497529e+00
-1.511811916647766429e-01,1.064682629101794786e+00
-2.073062068379111778e-01,6.918521711659726403e-01
-2.353687144244784313e-01,3.029859946092548495e-01
-2.554133627005978902e-01,-6.984446332656739365e-02
-2.554133627005978902e-01,-4.226302729862701502e-01
-2.594222923558218152e-01,-7.232999971280622553e-01
-2.313597847692545340e-01,-9.999161433385109765e-01
-1.992883475274633831e-01,-1.236442992996720891e+00
-1.471722620095527456e-01,-1.428871616447467741e+00
-9.906510614686601934e-02,-1.585219873001199709e+00
-4.294009097373148454e-02,-1.697469903347468723e+00
2.922064282029862223e-02,-1.805711004038513812e+00
1.013813766143287359e-01,-1.857827089556424616e+00
1.975956883397022024e-01,-1.889898526798215794e+00
2.577296331680606345e-01,-1.893907456453439497e+00
3.178635779964190666e-01,-1.901925315763887347e+00
4.060600304113447523e-01,-1.817737793004185587e+00
4.060600304113447523e-01,-1.817737793004185587e+00
5.143011311023899523e-01,-1.709496692313140498e+00
