3.010000000000000000e+02,-8.250000000000000000e+02
3.010000000000000000e+02,-8.250000000000000000e+02
3.010000000000000000e+02,-8.250000000000000000e+02
2.940000000000000000e+02,-8.370000000000000000e+02
2.940000000000000000e+02,-8.370000000000000000e+02
2.940000000000000000e+02,-8.370000000000000000e+02
2.940000000000000000e+02,-8.370000000000000000e+02
3.080000000000000000e+02,-8.430000000000000000e+02
3.080000000000000000e+02,-8.430000000000000000e+02
3.250000000000000000e+02,-8.480000000000000000e+02
3.370000000000000000e+02,-8.500000000000000000e+02
3.560000000000000000e+02,-8.500000000000000000e+02
3.770000000000000000e+02,-8.540000000000000000e+02
4.020000000000000000e+02,-8.550000000000000000e+02
4.300000000000000000e+02,-8.590000000000000000e+02
4.600000000000000000e+02,-8.630000000000000000e+02
4.920000000000000000e+02,-8.660000000000000000e+02
5.230000000000000000e+02,-8.680000000000000000e+02
5.540000000000000000e+02,-8.710000000000000000e+02
5.830000000000000000e+02,-8.730000000000000000e+02
6.090000000000000000e+02,-8.690000000000000000e+02
6.280000000000000000e+02,-8.680000000000000000e+02
6.470000000000000000e+02,-8.680000000000000000e+02
6.600000000000000000e+02,-8.680000000000000000e+02
6.700000000000000000e+02,-8.670000000000000000e+02
6.700000000000000000e+02,-8.670000000000000000e+02
6.820000000000000000e+02,-8.610000000000000000e+02
6.820000000000000000e+02,-8.610000000000000000e+02
6.820000000000000000e+02,-8.610000000000000000e+02
6.820000000000000000e+02,-8.610000000000000000e+02
6.820000000000000000e+02,-8.610000000000000000e+02
6.820000000000000000e+02,-8.610000000000000000e+02
6.830000000000000000e+02,-8.700000000000000000e+02
6.830000000000000000e+02,-8.700000000000000000e+02
6.830000000000000000e+02,-8.700000000000000000e+02
6.830000000000000000e+02,-8.700000000000000000e+02
6.740000000000000000e+02,-8.740000000000000000e+02
6.740000000000000000e+02,-8.740000000000000000e+02
6.740000000000000000e+02,-8.740000000000000000e+02
6.630000000000000000e+02,-8.740000000000000000e+02
6.630000000000000000e+02,-8.740000000000000000e+02
6.630000000000000000e+02,-8.740000000000000000e+02
6.500000000000000000e+02,-8.780000000000000000e+02
6.500000000000000000e+02,-8.780000000000000000e+02
6.400000000000000000e+02,-8.820000000000000000e+02
6.400000000000000000e+02,-8.820000000000000000e+02
6.270000000000000000e+02,-8.880000000000000000e+02
6.270000000000000000e+02,-8.880000000000000000e+02
6.100000000000000000e+02,-9.010000000000000000e+02
6.000000000000000000e+02,-9.080000000000000000e+02
5.860000000000000000e+02,-9.180000000000000000e+02
5.720000000000000000e+02,-9.290000000000000000e+02
5.530000000000000000e+02,-9.430000000000000000e+02
5.370000000000000000e+02,-9.580000000000000000e+02
5.160000000000000000e+02,-9.760000000000000000e+02
4.980000000000000000e+02,-9.910000000000000000e+02
4.780000000000000000e+02,-1.008000000000000000e+03
4.620000000000000000e+02,-1.021000000000000000e+03
4.460000000000000000e+02,-1.036000000000000000e+03
4.350000000000000000e+02,-1.049000000000000000e+03
4.290000000000000000e+02,-1.061000000000000000e+03
4.290000000000000000e+02,-1.061000000000000000e+03
4.290000000000000000e+02,-1.061000000000000000e+03
4.320000000000000000e+02,-1.075000000000000000e+03
4.320000000000000000e+02,-1.075000000000000000e+03
4.470000000000000000e+02,-1.069000000000000000e+03
4.540000000000000000e+02,-1.060000000000000000e+03
