5.660000000000000000e+02,-8.930000000000000000e+02
5.660000000000000000e+02,-8.930000000000000000e+02
5.550000000000000000e+02,-8.950000000000000000e+02
5.550000000000000000e+02,-8.950000000000000000e+02
5.550000000000000000e+02,-8.950000000000000000e+02
5.540000000000000000e+02,-8.830000000000000000e+02
5.540000000000000000e+02,-8.830000000000000000e+02
5.540000000000000000e+02,-8.830000000000000000e+02
5.540000000000000000e+02,-8.710000000000000000e+02
5.540000000000000000e+02,-8.710000000000000000e+02
5.540000000000000000e+02,-8.710000000000000000e+02
5.640000000000000000e+02,-8.620000000000000000e+02
5.640000000000000000e+02,-8.620000000000000000e+02
5.760000000000000000e+02,-8.610000000000000000e+02
5.860000000000000000e+02,-8.590000000000000000e+02
5.860000000000000000e+02,-8.590000000000000000e+02
6.040000000000000000e+02,-8.580000000000000000e+02
6.040000000000000000e+02,-8.580000000000000000e+02
6.210000000000000000e+02,-8.650000000000000000e+02
6.210000000000000000e+02,-8.650000000000000000e+02
6.360000000000000000e+02,-8.750000000000000000e+02
6.360000000000000000e+02,-8.750000000000000000e+02
6.490000000000000000e+02,-8.900000000000000000e+02
6.550000000000000000e+02,-9.010000000000000000e+02
6.610000000000000000e+02,-9.110000000000000000e+02
6.610000000000000000e+02,-9.110000000000000000e+02
6.720000000000000000e+02,-9.230000000000000000e+02
6.720000000000000000e+02,-9.230000000000000000e+02
6.850000000000000000e+02,-9.290000000000000000e+02
6.850000000000000000e+02,-9.290000000000000000e+02
6.990000000000000000e+02,-9.290000000000000000e+02
7.080000000000000000e+02,-9.260000000000000000e+02
7.080000000000000000e+02,-9.260000000000000000e+02
7.240000000000000000e+02,-9.170000000000000000e+02
7.240000000000000000e+02,-9.170000000000000000e+02
7.400000000000000000e+02,-9.080000000000000000e+02
7.400000000000000000e+02,-9.080000000000000000e+02
7.400000000000000000e+02,-9.080000000000000000e+02
7.580000000000000000e+02,-8.930000000000000000e+02
7.580000000000000000e+02,-8.930000000000000000e+02
7.720000000000000000e+02,-8.750000000000000000e+02
