8.490000000000000000e+02,-1.228000000000000000e+03
8.490000000000000000e+02,-1.228000000000000000e+03
8.650000000000000000e+02,-1.231000000000000000e+03
8.650000000000000000e+02,-1.231000000000000000e+03
8.760000000000000000e+02,-1.266000000000000000e+03
8.850000000000000000e+02,-1.292000000000000000e+03
8.880000000000000000e+02,-1.334000000000000000e+03
8.970000000000000000e+02,-1.379000000000000000e+03
8.980000000000000000e+02,-1.436000000000000000e+03
9.040000000000000000e+02,-1.495000000000000000e+03
9.060000000000000000e+02,-1.558000000000000000e+03
9.080000000000000000e+02,-1.620000000000000000e+03
9.110000000000000000e+02,-1.677000000000000000e+03
9.110000000000000000e+02,-1.724000000000000000e+03
9.140000000000000000e+02,-1.759000000000000000e+03
9.090000000000000000e+02,-1.789000000000000000e+03
9.090000000000000000e+02,-1.789000000000000000e+03
9.080000000000000000e+02,-1.816000000000000000e+03
9.080000000000000000e+02,-1.816000000000000000e+03
9.000000000000000000e+02,-1.801000000000000000e+03
8.890000000000000000e+02,-1.783000000000000000e+03
