3.053050490556447616e-01,-6.426188958272177620e-01
3.053050490556447616e-01,-5.784760213436355158e-01
3.053050490556447616e-01,-5.784760213436355158e-01
2.491800338825102268e-01,-5.223510061705008978e-01
2.491800338825102268e-01,-5.223510061705008978e-01
1.850371593989278973e-01,-4.221277647899035479e-01
1.409389331914650545e-01,-3.499670309958734515e-01
1.409389331914650545e-01,-3.499670309958734515e-01
5.675141043176325922e-02,-2.697884378913955605e-01
-1.540932336226684581e-02,-2.136634227182610257e-01
-7.554326819062527620e-02,-1.374937592690070320e-01
-1.597307909503270507e-01,-9.339553306154417534e-02
-2.318915247443571748e-01,-4.528837719885743518e-02
-3.281058364697306273e-01,-2.925265857796185975e-02
-4.163022888846563130e-01,-5.199080646618488809e-03
-5.165255302652537184e-01,-9.208010301842383533e-03
-6.087309123354033291e-01,-5.330623650930522983e-02
-6.969273647503290148e-01,-1.134401813376636481e-01
-7.891327468204785145e-01,-2.016366337525893337e-01
-8.612934806145087219e-01,-3.138866640988584034e-01
-9.334542144085388182e-01,-4.461813427212469318e-01
-9.815613702712254751e-01,-5.905028103093071801e-01
-1.017641737168240468e+00,-7.709046447943823654e-01
-1.037686385444360093e+00,-9.472975496242338478e-01
-1.029668526133912243e+00,-1.139726173074980808e+00
-9.935881592368972504e-01,-1.308101218594384330e+00
-9.454810033742104824e-01,-1.484494123424235701e+00
-8.813381288906281252e-01,-1.640842379977967669e+00
-8.011595357861502897e-01,-1.793181706876475712e+00
-7.089541537160006790e-01,-1.901422807567520801e+00
-6.127398419906271432e-01,-2.009663908258565890e+00
-5.165255302652537184e-01,-2.081824642052596097e+00
-4.163022888846563130e-01,-2.089842501363043947e+00
-3.160790475040589631e-01,-2.065788923431700397e+00
-2.198647357786854828e-01,-2.005654978603342187e+00
-1.316682833637597971e-01,-1.905431737222744726e+00
-2.743611232793852911e-02,-1.781154917910803936e+00
4.472462146609158112e-02,-1.612779872391400415e+00
1.369300035362411572e-01,-1.388279811698862165e+00
2.090907373302712813e-01,-1.139726173074980808e+00
2.852604007795252472e-01,-8.671189565197559013e-01
3.333675566422120151e-01,-6.025295992749788443e-01
4.015193607810182419e-01,-2.938420158227389445e-01
4.375997276780332901e-01,1.484556762950098655e-02
4.937247428511677971e-01,3.515956586683081642e-01
5.177783207825111811e-01,6.723100310862197837e-01
5.578676173347500988e-01,1.013069051780250751e+00
5.779122656108696132e-01,1.289685197990699583e+00
6.019658435422129417e-01,1.554274555235476640e+00
6.019658435422129417e-01,1.554274555235476640e+00
6.420551400944519704e-01,1.971203239378761740e+00
6.420551400944519704e-01,1.971203239378761740e+00
6.540819290601236347e-01,2.243810455933986425e+00
6.540819290601236347e-01,2.243810455933986425e+00
6.540819290601236347e-01,2.243810455933986425e+00
6.540819290601236347e-01,2.243810455933986425e+00
6.540819290601236347e-01,2.243810455933986425e+00
6.540819290601236347e-01,2.243810455933986425e+00
6.540819290601236347e-01,2.243810455933986425e+00
6.540819290601236347e-01,2.243810455933986425e+00
6.540819290601236347e-01,2.243810455933986425e+00
6.540819290601236347e-01,2.243810455933986425e+00
6.540819290601236347e-01,2.243810455933986425e+00
6.540819290601236347e-01,2.243810455933986425e+00
