8.134247590760726454e-02,6.406528229670699348e-01
8.134247590760726454e-02,6.406528229670699348e-01
1.319067176880105510e-02,6.486706822775177850e-01
-1.086290616254231324e-02,5.925456671043832779e-01
-1.487183581776620883e-02,5.243938629655769956e-01
-5.095220271478126395e-02,3.760634657222928778e-01
-6.297899168045294205e-02,2.317419981342326851e-01
-1.070772178879157988e-01,-4.784851523977112255e-03
-1.231129365088113742e-01,-2.533384901478585860e-01
-1.632022330610503336e-01,-5.660350032553224109e-01
-1.752290220267219978e-01,-8.827404460180100498e-01
-2.113093889237370460e-01,-1.227508396367265053e+00
-2.353629668550804299e-01,-1.564258487406072318e+00
-2.594165447864237861e-01,-1.888981789479207807e+00
-2.834701227177671701e-01,-2.181633654310552117e+00
-2.634254744416477112e-01,-2.402124785347866442e+00
-2.473897558207521219e-01,-2.590544479143389367e+00
-2.594165447864237861e-01,-2.722839157765777784e+00
-2.594165447864237861e-01,-2.782973102594136439e+00
-2.594165447864237861e-01,-2.782973102594136439e+00
