6.080000000000000000e+02,-1.281000000000000000e+03
6.080000000000000000e+02,-1.281000000000000000e+03
6.080000000000000000e+02,-1.281000000000000000e+03
6.420000000000000000e+02,-1.275000000000000000e+03
6.770000000000000000e+02,-1.261000000000000000e+03
7.190000000000000000e+02,-1.251000000000000000e+03
7.780000000000000000e+02,-1.228000000000000000e+03
8.440000000000000000e+02,-1.210000000000000000e+03
9.180000000000000000e+02,-1.191000000000000000e+03
9.950000000000000000e+02,-1.173000000000000000e+03
1.066000000000000000e+03,-1.157000000000000000e+03
1.135000000000000000e+03,-1.147000000000000000e+03
1.200000000000000000e+03,-1.139000000000000000e+03
1.241000000000000000e+03,-1.145000000000000000e+03
1.280000000000000000e+03,-1.145000000000000000e+03
1.280000000000000000e+03,-1.145000000000000000e+03
