6.480000000000000000e+02,-1.063000000000000000e+03
6.480000000000000000e+02,-1.084000000000000000e+03
6.570000000000000000e+02,-1.105000000000000000e+03
6.650000000000000000e+02,-1.133000000000000000e+03
6.830000000000000000e+02,-1.165000000000000000e+03
7.010000000000000000e+02,-1.209000000000000000e+03
7.250000000000000000e+02,-1.258000000000000000e+03
7.540000000000000000e+02,-1.320000000000000000e+03
7.840000000000000000e+02,-1.387000000000000000e+03
8.160000000000000000e+02,-1.459000000000000000e+03
8.470000000000000000e+02,-1.536000000000000000e+03
8.790000000000000000e+02,-1.610000000000000000e+03
9.030000000000000000e+02,-1.680000000000000000e+03
9.320000000000000000e+02,-1.738000000000000000e+03
9.540000000000000000e+02,-1.787000000000000000e+03
9.800000000000000000e+02,-1.818000000000000000e+03
1.004000000000000000e+03,-1.834000000000000000e+03
1.030000000000000000e+03,-1.834000000000000000e+03
1.054000000000000000e+03,-1.818000000000000000e+03
1.079000000000000000e+03,-1.786000000000000000e+03
1.105000000000000000e+03,-1.736000000000000000e+03
1.132000000000000000e+03,-1.673000000000000000e+03
1.156000000000000000e+03,-1.599000000000000000e+03
1.179000000000000000e+03,-1.516000000000000000e+03
1.203000000000000000e+03,-1.429000000000000000e+03
1.221000000000000000e+03,-1.343000000000000000e+03
1.239000000000000000e+03,-1.258000000000000000e+03
1.250000000000000000e+03,-1.186000000000000000e+03
1.265000000000000000e+03,-1.124000000000000000e+03
1.275000000000000000e+03,-1.082000000000000000e+03
1.283000000000000000e+03,-1.052000000000000000e+03
1.305000000000000000e+03,-1.025000000000000000e+03
1.305000000000000000e+03,-1.025000000000000000e+03
1.334000000000000000e+03,-1.013000000000000000e+03
