1.201129991927650131e+00,1.653410146667000369e+00
1.088879961581381117e+00,1.613320850114761340e+00
1.028746016753022685e+00,1.565213694252074683e+00
9.205049160619775961e-01,1.464990452871477222e+00
8.242906043366040603e-01,1.368776141146103686e+00
7.320852222664544495e-01,1.248508251489386822e+00
6.278530512306331746e-01,1.116213572866998405e+00
5.877637546783942568e-01,1.015990331486400944e+00
5.316387395052597498e-01,8.917135121744602655e-01
5.316387395052597498e-01,8.235617080356539832e-01
