6.020000000000000000e+02,-7.590000000000000000e+02
6.020000000000000000e+02,-7.590000000000000000e+02
6.120000000000000000e+02,-7.480000000000000000e+02
6.120000000000000000e+02,-7.480000000000000000e+02
6.250000000000000000e+02,-7.310000000000000000e+02
6.450000000000000000e+02,-7.160000000000000000e+02
6.670000000000000000e+02,-7.080000000000000000e+02
6.940000000000000000e+02,-6.900000000000000000e+02
7.230000000000000000e+02,-6.720000000000000000e+02
7.510000000000000000e+02,-6.500000000000000000e+02
7.720000000000000000e+02,-6.360000000000000000e+02
7.920000000000000000e+02,-6.190000000000000000e+02
8.030000000000000000e+02,-6.090000000000000000e+02
