-1.435048337694034837e+00,8.120309734970182491e-01
-1.527253719764184448e+00,9.964417376373173596e-01
-1.591396594247766805e+00,1.144772134880601477e+00
-1.579369805282095029e+00,1.309138250744781296e+00
-1.503200141832841119e+00,1.473504366608960892e+00
-1.386941181831348180e+00,1.569718678334334427e+00
-1.174467910104481705e+00,1.665932990059707741e+00
-9.259142714806002372e-01,1.685977638335827367e+00
-6.172266880283603374e-01,1.698004427301498920e+00
-3.245748231970159714e-01,1.629852623162692860e+00
-1.989616939999995157e-02,1.525620452126871474e+00
2.527110471552249105e-01,1.357245406607467952e+00
4.852289671582107888e-01,1.156798923846273253e+00
6.616218719880622157e-01,9.242810038432872632e-01
7.818897616447790799e-01,6.677095059089580564e-01
8.299969175074657368e-01,4.151469376298526082e-01
8.179701285417940726e-01,1.665932990059711405e-01
7.458093947477639762e-01,-5.790676168656696404e-02
6.255415050910471120e-01,-2.423175258268661370e-01
4.611753892268674604e-01,-4.026747120358219467e-01
2.647378361208965747e-01,-5.349693906582104752e-01
4.023777542835847015e-02,-6.311837023835839000e-01
-1.642176369880601616e-01,-6.792908582462706679e-01
-3.526373307835832249e-01,-7.033444361776139964e-01
-4.929498687164195481e-01,-6.993355065223901823e-01
-5.811463211313452337e-01,-6.913176472119423321e-01
-5.811463211313452337e-01,-6.913176472119423321e-01
-5.811463211313452337e-01,-6.913176472119423321e-01
-4.488516425089567052e-01,-6.111390541074644966e-01
-2.484051597477619500e-01,-5.991122651417928324e-01
-7.869380434328268267e-03,-5.991122651417928324e-01
2.687467657761204998e-01,-6.231658430731361609e-01
5.613986306074647548e-01,-6.552372803149273395e-01
8.861219326806002439e-01,-6.913176472119423321e-01
1.174764867856720629e+00,-7.714962403164202787e-01
1.471425662343288865e+00,-8.556837630761220392e-01
1.744032878898513772e+00,-9.398712858358237998e-01
1.960515080280604172e+00,-1.028067738250749485e+00
2.160961563041798872e+00,-1.104237401700003618e+00
