6.650000000000000000e+02,-1.160000000000000000e+03
6.650000000000000000e+02,-1.160000000000000000e+03
6.500000000000000000e+02,-1.170000000000000000e+03
6.500000000000000000e+02,-1.170000000000000000e+03
6.500000000000000000e+02,-1.170000000000000000e+03
6.500000000000000000e+02,-1.170000000000000000e+03
6.500000000000000000e+02,-1.170000000000000000e+03
6.350000000000000000e+02,-1.173000000000000000e+03
6.350000000000000000e+02,-1.173000000000000000e+03
6.350000000000000000e+02,-1.173000000000000000e+03
6.350000000000000000e+02,-1.173000000000000000e+03
6.350000000000000000e+02,-1.173000000000000000e+03
6.350000000000000000e+02,-1.173000000000000000e+03
6.350000000000000000e+02,-1.173000000000000000e+03
6.230000000000000000e+02,-1.187000000000000000e+03
6.230000000000000000e+02,-1.187000000000000000e+03
6.230000000000000000e+02,-1.187000000000000000e+03
6.230000000000000000e+02,-1.187000000000000000e+03
6.230000000000000000e+02,-1.187000000000000000e+03
6.050000000000000000e+02,-1.187000000000000000e+03
6.050000000000000000e+02,-1.187000000000000000e+03
6.050000000000000000e+02,-1.187000000000000000e+03
5.910000000000000000e+02,-1.172000000000000000e+03
5.910000000000000000e+02,-1.172000000000000000e+03
5.910000000000000000e+02,-1.172000000000000000e+03
5.770000000000000000e+02,-1.169000000000000000e+03
5.770000000000000000e+02,-1.169000000000000000e+03
5.770000000000000000e+02,-1.169000000000000000e+03
5.770000000000000000e+02,-1.169000000000000000e+03
5.770000000000000000e+02,-1.169000000000000000e+03
5.770000000000000000e+02,-1.169000000000000000e+03
5.770000000000000000e+02,-1.169000000000000000e+03
5.770000000000000000e+02,-1.169000000000000000e+03
5.790000000000000000e+02,-1.182000000000000000e+03
5.790000000000000000e+02,-1.182000000000000000e+03
5.790000000000000000e+02,-1.182000000000000000e+03
5.920000000000000000e+02,-1.197000000000000000e+03
5.920000000000000000e+02,-1.197000000000000000e+03
6.060000000000000000e+02,-1.208000000000000000e+03
6.060000000000000000e+02,-1.208000000000000000e+03
6.210000000000000000e+02,-1.215000000000000000e+03
6.210000000000000000e+02,-1.215000000000000000e+03
6.440000000000000000e+02,-1.220000000000000000e+03
6.590000000000000000e+02,-1.224000000000000000e+03
6.750000000000000000e+02,-1.226000000000000000e+03
6.920000000000000000e+02,-1.229000000000000000e+03
7.150000000000000000e+02,-1.229000000000000000e+03
7.400000000000000000e+02,-1.230000000000000000e+03
7.660000000000000000e+02,-1.229000000000000000e+03
7.910000000000000000e+02,-1.229000000000000000e+03
8.200000000000000000e+02,-1.224000000000000000e+03
8.500000000000000000e+02,-1.220000000000000000e+03
8.820000000000000000e+02,-1.215000000000000000e+03
9.120000000000000000e+02,-1.214000000000000000e+03
9.410000000000000000e+02,-1.211000000000000000e+03
9.690000000000000000e+02,-1.209000000000000000e+03
9.960000000000000000e+02,-1.209000000000000000e+03
1.025000000000000000e+03,-1.209000000000000000e+03
1.049000000000000000e+03,-1.209000000000000000e+03
1.073000000000000000e+03,-1.209000000000000000e+03
1.094000000000000000e+03,-1.208000000000000000e+03
1.117000000000000000e+03,-1.205000000000000000e+03
1.137000000000000000e+03,-1.202000000000000000e+03
1.156000000000000000e+03,-1.202000000000000000e+03
1.176000000000000000e+03,-1.199000000000000000e+03
1.194000000000000000e+03,-1.199000000000000000e+03
1.211000000000000000e+03,-1.200000000000000000e+03
1.227000000000000000e+03,-1.203000000000000000e+03
1.242000000000000000e+03,-1.205000000000000000e+03
1.256000000000000000e+03,-1.208000000000000000e+03
1.269000000000000000e+03,-1.212000000000000000e+03
1.283000000000000000e+03,-1.215000000000000000e+03
1.298000000000000000e+03,-1.215000000000000000e+03
1.313000000000000000e+03,-1.218000000000000000e+03
1.328000000000000000e+03,-1.218000000000000000e+03
1.343000000000000000e+03,-1.218000000000000000e+03
1.357000000000000000e+03,-1.220000000000000000e+03
1.370000000000000000e+03,-1.220000000000000000e+03
1.370000000000000000e+03,-1.220000000000000000e+03
1.394000000000000000e+03,-1.217000000000000000e+03
1.394000000000000000e+03,-1.217000000000000000e+03
1.411000000000000000e+03,-1.215000000000000000e+03
1.411000000000000000e+03,-1.215000000000000000e+03
1.411000000000000000e+03,-1.215000000000000000e+03
1.428000000000000000e+03,-1.209000000000000000e+03
1.428000000000000000e+03,-1.209000000000000000e+03
1.428000000000000000e+03,-1.209000000000000000e+03
1.428000000000000000e+03,-1.209000000000000000e+03
1.428000000000000000e+03,-1.209000000000000000e+03
1.441000000000000000e+03,-1.209000000000000000e+03
1.441000000000000000e+03,-1.209000000000000000e+03
1.441000000000000000e+03,-1.209000000000000000e+03
1.441000000000000000e+03,-1.209000000000000000e+03
1.441000000000000000e+03,-1.209000000000000000e+03
1.441000000000000000e+03,-1.209000000000000000e+03
1.441000000000000000e+03,-1.209000000000000000e+03
1.441000000000000000e+03,-1.209000000000000000e+03
1.441000000000000000e+03,-1.209000000000000000e+03
1.429000000000000000e+03,-1.226000000000000000e+03
1.416000000000000000e+03,-1.235000000000000000e+03
1.402000000000000000e+03,-1.244000000000000000e+03
1.385000000000000000e+03,-1.256000000000000000e+03
1.364000000000000000e+03,-1.270000000000000000e+03
1.342000000000000000e+03,-1.285000000000000000e+03
1.318000000000000000e+03,-1.303000000000000000e+03
1.293000000000000000e+03,-1.321000000000000000e+03
1.269000000000000000e+03,-1.342000000000000000e+03
1.247000000000000000e+03,-1.362000000000000000e+03
1.226000000000000000e+03,-1.386000000000000000e+03
1.206000000000000000e+03,-1.407000000000000000e+03
1.186000000000000000e+03,-1.429000000000000000e+03
1.167000000000000000e+03,-1.455000000000000000e+03
1.147000000000000000e+03,-1.479000000000000000e+03
1.128000000000000000e+03,-1.505000000000000000e+03
1.108000000000000000e+03,-1.532000000000000000e+03
1.087000000000000000e+03,-1.559000000000000000e+03
1.066000000000000000e+03,-1.586000000000000000e+03
1.042000000000000000e+03,-1.615000000000000000e+03
1.019000000000000000e+03,-1.642000000000000000e+03
9.960000000000000000e+02,-1.672000000000000000e+03
9.740000000000000000e+02,-1.699000000000000000e+03
9.510000000000000000e+02,-1.725000000000000000e+03
9.300000000000000000e+02,-1.748000000000000000e+03
9.110000000000000000e+02,-1.769000000000000000e+03
8.920000000000000000e+02,-1.788000000000000000e+03
8.770000000000000000e+02,-1.805000000000000000e+03
8.640000000000000000e+02,-1.820000000000000000e+03
8.640000000000000000e+02,-1.820000000000000000e+03
8.440000000000000000e+02,-1.835000000000000000e+03
8.440000000000000000e+02,-1.835000000000000000e+03
8.280000000000000000e+02,-1.844000000000000000e+03
8.280000000000000000e+02,-1.844000000000000000e+03
8.140000000000000000e+02,-1.850000000000000000e+03
8.140000000000000000e+02,-1.850000000000000000e+03
7.960000000000000000e+02,-1.856000000000000000e+03
7.960000000000000000e+02,-1.856000000000000000e+03
7.720000000000000000e+02,-1.864000000000000000e+03
7.720000000000000000e+02,-1.864000000000000000e+03
7.460000000000000000e+02,-1.871000000000000000e+03
7.330000000000000000e+02,-1.876000000000000000e+03
7.180000000000000000e+02,-1.879000000000000000e+03
7.180000000000000000e+02,-1.879000000000000000e+03
6.930000000000000000e+02,-1.885000000000000000e+03
6.930000000000000000e+02,-1.885000000000000000e+03
6.710000000000000000e+02,-1.894000000000000000e+03
6.710000000000000000e+02,-1.894000000000000000e+03
6.510000000000000000e+02,-1.901000000000000000e+03
6.510000000000000000e+02,-1.901000000000000000e+03
6.320000000000000000e+02,-1.910000000000000000e+03
6.320000000000000000e+02,-1.910000000000000000e+03
6.120000000000000000e+02,-1.921000000000000000e+03
6.120000000000000000e+02,-1.921000000000000000e+03
5.920000000000000000e+02,-1.935000000000000000e+03
5.920000000000000000e+02,-1.935000000000000000e+03
5.760000000000000000e+02,-1.951000000000000000e+03
5.760000000000000000e+02,-1.951000000000000000e+03
5.640000000000000000e+02,-1.968000000000000000e+03
5.640000000000000000e+02,-1.968000000000000000e+03
5.560000000000000000e+02,-1.983000000000000000e+03
5.560000000000000000e+02,-1.983000000000000000e+03
5.560000000000000000e+02,-1.983000000000000000e+03
5.560000000000000000e+02,-1.983000000000000000e+03
5.560000000000000000e+02,-1.983000000000000000e+03
5.710000000000000000e+02,-1.992000000000000000e+03
5.710000000000000000e+02,-1.992000000000000000e+03
5.970000000000000000e+02,-1.981000000000000000e+03
6.150000000000000000e+02,-1.975000000000000000e+03
6.360000000000000000e+02,-1.971000000000000000e+03
6.630000000000000000e+02,-1.968000000000000000e+03
6.890000000000000000e+02,-1.963000000000000000e+03
7.160000000000000000e+02,-1.962000000000000000e+03
7.480000000000000000e+02,-1.960000000000000000e+03
7.810000000000000000e+02,-1.960000000000000000e+03
8.160000000000000000e+02,-1.960000000000000000e+03
8.530000000000000000e+02,-1.959000000000000000e+03
8.910000000000000000e+02,-1.954000000000000000e+03
9.270000000000000000e+02,-1.950000000000000000e+03
9.650000000000000000e+02,-1.945000000000000000e+03
1.002000000000000000e+03,-1.939000000000000000e+03
1.039000000000000000e+03,-1.933000000000000000e+03
1.072000000000000000e+03,-1.927000000000000000e+03
1.103000000000000000e+03,-1.921000000000000000e+03
1.134000000000000000e+03,-1.916000000000000000e+03
1.161000000000000000e+03,-1.913000000000000000e+03
1.185000000000000000e+03,-1.909000000000000000e+03
1.209000000000000000e+03,-1.906000000000000000e+03
1.232000000000000000e+03,-1.901000000000000000e+03
1.253000000000000000e+03,-1.897000000000000000e+03
1.275000000000000000e+03,-1.891000000000000000e+03
1.295000000000000000e+03,-1.886000000000000000e+03
1.316000000000000000e+03,-1.880000000000000000e+03
1.336000000000000000e+03,-1.874000000000000000e+03
1.354000000000000000e+03,-1.870000000000000000e+03
1.372000000000000000e+03,-1.867000000000000000e+03
1.388000000000000000e+03,-1.862000000000000000e+03
1.402000000000000000e+03,-1.861000000000000000e+03
1.402000000000000000e+03,-1.861000000000000000e+03
1.423000000000000000e+03,-1.856000000000000000e+03
1.423000000000000000e+03,-1.856000000000000000e+03
1.437000000000000000e+03,-1.855000000000000000e+03
1.437000000000000000e+03,-1.855000000000000000e+03
1.437000000000000000e+03,-1.855000000000000000e+03
1.437000000000000000e+03,-1.855000000000000000e+03
1.450000000000000000e+03,-1.862000000000000000e+03
1.450000000000000000e+03,-1.862000000000000000e+03
1.450000000000000000e+03,-1.862000000000000000e+03
1.450000000000000000e+03,-1.862000000000000000e+03
1.450000000000000000e+03,-1.862000000000000000e+03
1.456000000000000000e+03,-1.876000000000000000e+03
1.456000000000000000e+03,-1.876000000000000000e+03
1.456000000000000000e+03,-1.876000000000000000e+03
1.456000000000000000e+03,-1.876000000000000000e+03
1.470000000000000000e+03,-1.891000000000000000e+03
1.468000000000000000e+03,-1.907000000000000000e+03
1.459000000000000000e+03,-1.926000000000000000e+03
