1.146000000000000000e+03,-8.970000000000000000e+02
1.129000000000000000e+03,-8.790000000000000000e+02
1.113000000000000000e+03,-8.740000000000000000e+02
1.087000000000000000e+03,-8.710000000000000000e+02
1.046000000000000000e+03,-8.790000000000000000e+02
1.012000000000000000e+03,-8.740000000000000000e+02
9.530000000000000000e+02,-8.860000000000000000e+02
8.970000000000000000e+02,-8.920000000000000000e+02
8.320000000000000000e+02,-9.040000000000000000e+02
7.690000000000000000e+02,-9.130000000000000000e+02
7.090000000000000000e+02,-9.240000000000000000e+02
6.530000000000000000e+02,-9.360000000000000000e+02
6.110000000000000000e+02,-9.450000000000000000e+02
5.740000000000000000e+02,-9.630000000000000000e+02
5.550000000000000000e+02,-9.720000000000000000e+02
5.550000000000000000e+02,-9.720000000000000000e+02
5.550000000000000000e+02,-9.720000000000000000e+02
