9.500000000000000000e+02,-1.063000000000000000e+03
9.530000000000000000e+02,-1.032000000000000000e+03
9.530000000000000000e+02,-1.032000000000000000e+03
9.480000000000000000e+02,-1.002000000000000000e+03
9.450000000000000000e+02,-9.810000000000000000e+02
9.350000000000000000e+02,-9.680000000000000000e+02
9.320000000000000000e+02,-9.450000000000000000e+02
9.180000000000000000e+02,-9.330000000000000000e+02
9.120000000000000000e+02,-9.180000000000000000e+02
8.970000000000000000e+02,-9.130000000000000000e+02
8.970000000000000000e+02,-9.130000000000000000e+02
8.730000000000000000e+02,-9.180000000000000000e+02
8.730000000000000000e+02,-9.180000000000000000e+02
8.520000000000000000e+02,-9.540000000000000000e+02
8.430000000000000000e+02,-9.810000000000000000e+02
8.310000000000000000e+02,-1.019000000000000000e+03
8.220000000000000000e+02,-1.060000000000000000e+03
8.100000000000000000e+02,-1.106000000000000000e+03
8.030000000000000000e+02,-1.151000000000000000e+03
7.960000000000000000e+02,-1.203000000000000000e+03
7.930000000000000000e+02,-1.252000000000000000e+03
7.900000000000000000e+02,-1.304000000000000000e+03
7.930000000000000000e+02,-1.355000000000000000e+03
7.990000000000000000e+02,-1.406000000000000000e+03
8.100000000000000000e+02,-1.457000000000000000e+03
8.230000000000000000e+02,-1.510000000000000000e+03
8.410000000000000000e+02,-1.558000000000000000e+03
8.610000000000000000e+02,-1.599000000000000000e+03
8.830000000000000000e+02,-1.638000000000000000e+03
9.080000000000000000e+02,-1.668000000000000000e+03
9.330000000000000000e+02,-1.692000000000000000e+03
9.650000000000000000e+02,-1.709000000000000000e+03
9.980000000000000000e+02,-1.714000000000000000e+03
1.033000000000000000e+03,-1.709000000000000000e+03
1.069000000000000000e+03,-1.694000000000000000e+03
1.108000000000000000e+03,-1.671000000000000000e+03
1.147000000000000000e+03,-1.638000000000000000e+03
1.185000000000000000e+03,-1.596000000000000000e+03
1.221000000000000000e+03,-1.545000000000000000e+03
1.250000000000000000e+03,-1.488000000000000000e+03
1.274000000000000000e+03,-1.427000000000000000e+03
1.292000000000000000e+03,-1.364000000000000000e+03
1.301000000000000000e+03,-1.301000000000000000e+03
1.301000000000000000e+03,-1.237000000000000000e+03
1.293000000000000000e+03,-1.179000000000000000e+03
1.280000000000000000e+03,-1.123000000000000000e+03
1.259000000000000000e+03,-1.076000000000000000e+03
1.235000000000000000e+03,-1.034000000000000000e+03
1.206000000000000000e+03,-9.980000000000000000e+02
1.170000000000000000e+03,-9.690000000000000000e+02
1.134000000000000000e+03,-9.460000000000000000e+02
1.099000000000000000e+03,-9.330000000000000000e+02
1.066000000000000000e+03,-9.250000000000000000e+02
1.036000000000000000e+03,-9.250000000000000000e+02
1.007000000000000000e+03,-9.370000000000000000e+02
9.870000000000000000e+02,-9.570000000000000000e+02
9.600000000000000000e+02,-9.930000000000000000e+02
9.510000000000000000e+02,-1.034000000000000000e+03
9.480000000000000000e+02,-1.076000000000000000e+03
9.500000000000000000e+02,-1.124000000000000000e+03
9.590000000000000000e+02,-1.170000000000000000e+03
