-1.992752464501587717e+00,1.914303213601323828e+00
-1.972707816225468092e+00,1.697821012219233427e+00
-1.972707816225468092e+00,1.397151288077441267e+00
-1.992752464501587717e+00,1.040356548762514599e+00
-1.952663167949348688e+00,6.635171611714685280e-01
-1.960681027259796538e+00,2.185259694416162024e-01
-1.904556012086662031e+00,-1.703402071151016162e-01
-1.876493504500094778e+00,-5.672242429822672571e-01
-1.808341700361288495e+00,-8.999654043658504854e-01
-1.744198825877706138e+00,-1.196626198852418721e+00
-1.647984514152332602e+00,-1.409099470579285196e+00
-1.535734483806063588e+00,-1.545403078856897539e+00
-1.391413016218003396e+00,-1.601528094030032046e+00
-1.211011181732928099e+00,-1.557429867822569314e+00
-1.006555769316509474e+00,-1.433153048510628524e+00
-7.900735679344191853e-01,-1.232706565749433825e+00
-5.575556479314331959e-01,-9.600993491942089175e-01
-3.330555872388951122e-01,-6.474028360867450926e-01
-1.366180341329242820e-01,-3.146616747031618089e-01
6.382844862827047328e-02,3.010627564609313564e-02
1.921141975954351044e-01,3.387938590983330389e-01
2.803106500103608179e-01,6.595082315162446029e-01
3.284178058730475303e-01,9.321154480714695101e-01
3.284178058730475303e-01,1.164633368074455388e+00
2.883285093208086125e-01,1.385124499111769714e+00
