1.030000000000000000e+03,-1.765000000000000000e+03
1.030000000000000000e+03,-1.765000000000000000e+03
1.030000000000000000e+03,-1.784000000000000000e+03
1.030000000000000000e+03,-1.784000000000000000e+03
1.025000000000000000e+03,-1.807000000000000000e+03
1.025000000000000000e+03,-1.807000000000000000e+03
1.051000000000000000e+03,-1.828000000000000000e+03
1.076000000000000000e+03,-1.839000000000000000e+03
1.108000000000000000e+03,-1.855000000000000000e+03
1.147000000000000000e+03,-1.875000000000000000e+03
1.198000000000000000e+03,-1.893000000000000000e+03
1.251000000000000000e+03,-1.911000000000000000e+03
1.301000000000000000e+03,-1.929000000000000000e+03
1.357000000000000000e+03,-1.940000000000000000e+03
1.402000000000000000e+03,-1.947000000000000000e+03
