7.185235458978204981e-02,4.403655036661323074e-01
7.185235458978204981e-02,4.403655036661323074e-01
7.185235458978204981e-02,4.403655036661323074e-01
7.185235458978204981e-02,4.403655036661323074e-01
3.176305803754309737e-02,3.641958402168782860e-01
-4.317308859471956882e-03,2.238833022840419906e-01
-1.233516816991974720e-02,1.156422015929968322e-01
-3.638874610126311554e-02,-4.070605496073507329e-02
-7.246911299827817066e-02,-1.970543115144669788e-01
-8.449590196394984876e-02,-3.654293570338705832e-01
-6.044232403260648562e-02,-5.017329653114830368e-01
-4.841553506693480058e-02,-6.380365735890953793e-01
-3.083792042480620497e-04,-7.222240963487972509e-01
