9.960000000000000000e+02,-1.848000000000000000e+03
9.860000000000000000e+02,-1.875000000000000000e+03
9.860000000000000000e+02,-1.902000000000000000e+03
9.780000000000000000e+02,-1.940000000000000000e+03
9.660000000000000000e+02,-1.980000000000000000e+03
9.630000000000000000e+02,-2.023000000000000000e+03
9.570000000000000000e+02,-2.071000000000000000e+03
9.590000000000000000e+02,-2.111000000000000000e+03
9.500000000000000000e+02,-2.157000000000000000e+03
9.500000000000000000e+02,-2.182000000000000000e+03
