1.195000000000000000e+03,-5.970000000000000000e+02
1.195000000000000000e+03,-5.970000000000000000e+02
1.165000000000000000e+03,-6.220000000000000000e+02
1.156000000000000000e+03,-6.380000000000000000e+02
1.156000000000000000e+03,-6.530000000000000000e+02
1.158000000000000000e+03,-6.720000000000000000e+02
1.177000000000000000e+03,-6.840000000000000000e+02
1.192000000000000000e+03,-7.020000000000000000e+02
1.221000000000000000e+03,-7.100000000000000000e+02
1.248000000000000000e+03,-7.250000000000000000e+02
1.286000000000000000e+03,-7.190000000000000000e+02
1.318000000000000000e+03,-7.140000000000000000e+02
1.351000000000000000e+03,-6.950000000000000000e+02
1.376000000000000000e+03,-6.740000000000000000e+02
1.396000000000000000e+03,-6.450000000000000000e+02
1.406000000000000000e+03,-6.190000000000000000e+02
1.408000000000000000e+03,-5.880000000000000000e+02
1.402000000000000000e+03,-5.580000000000000000e+02
1.385000000000000000e+03,-5.350000000000000000e+02
1.364000000000000000e+03,-5.200000000000000000e+02
1.337000000000000000e+03,-5.120000000000000000e+02
1.312000000000000000e+03,-5.120000000000000000e+02
1.278000000000000000e+03,-5.270000000000000000e+02
1.253000000000000000e+03,-5.440000000000000000e+02
1.230000000000000000e+03,-5.700000000000000000e+02
1.206000000000000000e+03,-6.070000000000000000e+02
1.192000000000000000e+03,-6.420000000000000000e+02
1.177000000000000000e+03,-6.860000000000000000e+02
