-9.452304452707589455e-01,1.455116185794548045e+00
-9.091500783737439528e-01,1.330839366482607256e+00
-9.091500783737439528e-01,1.174491109928875510e+00
-8.891054300976244384e-01,9.740446271676806989e-01
-8.730697114767288491e-01,7.134641995781275670e-01
-8.409982742349376705e-01,4.168034050915593314e-01
-8.129357666483704170e-01,9.208010301842384226e-02
-7.608196811304598350e-01,-2.607057066412789004e-01
-7.087035956125491420e-01,-6.094825866457578289e-01
-6.365428618185190457e-01,-9.342058887188932070e-01
-5.764089169901606136e-01,-1.218839894239789778e+00
-5.082571128513544423e-01,-1.451357814242775657e+00
-4.360963790573243459e-01,-1.619732859762179400e+00
-4.441142383677720851e-01,-1.776081116315911146e+00
-4.441142383677720851e-01,-1.776081116315911146e+00
