5.670000000000000000e+02,-1.650000000000000000e+03
5.670000000000000000e+02,-1.650000000000000000e+03
5.670000000000000000e+02,-1.650000000000000000e+03
5.670000000000000000e+02,-1.650000000000000000e+03
5.670000000000000000e+02,-1.650000000000000000e+03
5.670000000000000000e+02,-1.650000000000000000e+03
5.670000000000000000e+02,-1.650000000000000000e+03
5.670000000000000000e+02,-1.650000000000000000e+03
5.670000000000000000e+02,-1.650000000000000000e+03
5.830000000000000000e+02,-1.661000000000000000e+03
5.830000000000000000e+02,-1.661000000000000000e+03
5.830000000000000000e+02,-1.661000000000000000e+03
6.000000000000000000e+02,-1.665000000000000000e+03
6.000000000000000000e+02,-1.665000000000000000e+03
6.000000000000000000e+02,-1.665000000000000000e+03
6.180000000000000000e+02,-1.664000000000000000e+03
6.180000000000000000e+02,-1.664000000000000000e+03
6.320000000000000000e+02,-1.664000000000000000e+03
6.320000000000000000e+02,-1.664000000000000000e+03
6.320000000000000000e+02,-1.664000000000000000e+03
6.500000000000000000e+02,-1.667000000000000000e+03
6.500000000000000000e+02,-1.667000000000000000e+03
6.650000000000000000e+02,-1.671000000000000000e+03
6.650000000000000000e+02,-1.671000000000000000e+03
6.830000000000000000e+02,-1.668000000000000000e+03
6.830000000000000000e+02,-1.668000000000000000e+03
7.060000000000000000e+02,-1.667000000000000000e+03
7.060000000000000000e+02,-1.667000000000000000e+03
7.310000000000000000e+02,-1.664000000000000000e+03
7.310000000000000000e+02,-1.664000000000000000e+03
7.570000000000000000e+02,-1.659000000000000000e+03
7.570000000000000000e+02,-1.659000000000000000e+03
7.780000000000000000e+02,-1.653000000000000000e+03
7.780000000000000000e+02,-1.653000000000000000e+03
7.940000000000000000e+02,-1.655000000000000000e+03
7.940000000000000000e+02,-1.655000000000000000e+03
8.080000000000000000e+02,-1.656000000000000000e+03
8.080000000000000000e+02,-1.656000000000000000e+03
8.220000000000000000e+02,-1.655000000000000000e+03
8.220000000000000000e+02,-1.655000000000000000e+03
8.400000000000000000e+02,-1.661000000000000000e+03
8.400000000000000000e+02,-1.661000000000000000e+03
8.610000000000000000e+02,-1.658000000000000000e+03
8.610000000000000000e+02,-1.658000000000000000e+03
8.830000000000000000e+02,-1.658000000000000000e+03
8.830000000000000000e+02,-1.658000000000000000e+03
9.010000000000000000e+02,-1.656000000000000000e+03
9.010000000000000000e+02,-1.656000000000000000e+03
9.170000000000000000e+02,-1.658000000000000000e+03
9.170000000000000000e+02,-1.658000000000000000e+03
9.170000000000000000e+02,-1.658000000000000000e+03
9.170000000000000000e+02,-1.658000000000000000e+03
9.170000000000000000e+02,-1.658000000000000000e+03
9.300000000000000000e+02,-1.661000000000000000e+03
9.300000000000000000e+02,-1.661000000000000000e+03
9.300000000000000000e+02,-1.661000000000000000e+03
9.300000000000000000e+02,-1.661000000000000000e+03
9.120000000000000000e+02,-1.661000000000000000e+03
9.120000000000000000e+02,-1.661000000000000000e+03
8.950000000000000000e+02,-1.655000000000000000e+03
