1.995388005751064509e-01,6.762232286358824118e-02
1.995388005751064509e-01,6.762232286358824118e-02
1.394048557467480465e-01,1.798723532098572830e-01
1.394048557467480465e-01,1.798723532098572830e-01
8.327984057361351167e-02,2.400062980382157152e-01
8.327984057361351167e-02,2.400062980382157152e-01
8.327984057361351167e-02,2.400062980382157152e-01
8.327984057361351167e-02,2.400062980382157152e-01
1.434137854019719438e-01,1.558187752785139268e-01
2.035477302303303482e-01,1.157294787262749813e-01
2.716995343691365750e-01,5.960446355314044653e-02
3.558870571288383911e-01,2.352409665612539488e-02
4.240388612676445623e-01,-1.656519989611355409e-02
4.961995950616747142e-01,-2.859198886178523913e-02
4.961995950616747142e-01,-2.859198886178523913e-02
4.961995950616747142e-01,-2.859198886178523913e-02
4.961995950616747142e-01,-2.859198886178523913e-02
4.360656502333162821e-01,-3.660984817223302684e-02
3.077799012661516231e-01,-7.269021506924808196e-02
1.554405743676436080e-01,-1.288152302423826168e-01
-3.698804908310333872e-02,-2.250295419677560971e-01
-2.374345318442980801e-01,-3.332706426588012416e-01
-4.418899442607167050e-01,-4.816010399020853594e-01
-6.182828490905680763e-01,-6.459671557662650665e-01
-7.626043166786282690e-01,-8.383957792170120271e-01
-8.588186284040018048e-01,-1.026815473012535174e+00
-8.948989953010167975e-01,-1.203208377842386545e+00
-8.748543470248973941e-01,-1.347529845430446738e+00
-7.866578946099717085e-01,-1.479824524052835155e+00
-6.583721456428069940e-01,-1.572029906122984766e+00
-4.899971001234034729e-01,-1.624145991640895348e+00
-3.015774063278803818e-01,-1.648199569572238676e+00
-9.712199391146175698e-02,-1.632163850951343198e+00
7.125305160794181969e-02,-1.608110273019999870e+00
2.556638157482409857e-01,-1.535949539225969662e+00
3.679138460945100553e-01,-1.491851313018506930e+00
4.721460171303313302e-01,-1.415681649569252798e+00
5.563335398900330908e-01,-1.311449478533431634e+00
5.964228364422720086e-01,-1.203208377842386545e+00
6.405210626497348514e-01,-1.082940488185669681e+00
