7.420000000000000000e+02,-1.225000000000000000e+03
7.420000000000000000e+02,-1.225000000000000000e+03
7.270000000000000000e+02,-1.233000000000000000e+03
7.270000000000000000e+02,-1.233000000000000000e+03
7.160000000000000000e+02,-1.246000000000000000e+03
7.160000000000000000e+02,-1.246000000000000000e+03
7.040000000000000000e+02,-1.266000000000000000e+03
7.040000000000000000e+02,-1.266000000000000000e+03
6.900000000000000000e+02,-1.289000000000000000e+03
6.900000000000000000e+02,-1.289000000000000000e+03
6.690000000000000000e+02,-1.314000000000000000e+03
6.540000000000000000e+02,-1.331000000000000000e+03
6.390000000000000000e+02,-1.352000000000000000e+03
6.230000000000000000e+02,-1.374000000000000000e+03
6.060000000000000000e+02,-1.397000000000000000e+03
5.880000000000000000e+02,-1.424000000000000000e+03
5.730000000000000000e+02,-1.453000000000000000e+03
5.580000000000000000e+02,-1.481000000000000000e+03
5.470000000000000000e+02,-1.510000000000000000e+03
5.370000000000000000e+02,-1.537000000000000000e+03
5.320000000000000000e+02,-1.564000000000000000e+03
5.280000000000000000e+02,-1.592000000000000000e+03
5.260000000000000000e+02,-1.622000000000000000e+03
5.260000000000000000e+02,-1.652000000000000000e+03
5.290000000000000000e+02,-1.686000000000000000e+03
5.310000000000000000e+02,-1.726000000000000000e+03
5.340000000000000000e+02,-1.763000000000000000e+03
5.380000000000000000e+02,-1.801000000000000000e+03
5.430000000000000000e+02,-1.839000000000000000e+03
5.490000000000000000e+02,-1.872000000000000000e+03
5.550000000000000000e+02,-1.902000000000000000e+03
5.620000000000000000e+02,-1.928000000000000000e+03
5.680000000000000000e+02,-1.946000000000000000e+03
5.680000000000000000e+02,-1.946000000000000000e+03
5.880000000000000000e+02,-1.962000000000000000e+03
5.880000000000000000e+02,-1.962000000000000000e+03
6.180000000000000000e+02,-1.962000000000000000e+03
6.180000000000000000e+02,-1.962000000000000000e+03
6.480000000000000000e+02,-1.964000000000000000e+03
