-9.263677776130955221e-01,9.700738259195038626e-01
-8.702427624399610151e-01,1.038225630058310145e+00
-7.419570134727963007e-01,1.134439941783683681e+00
-6.417337720921989508e-01,1.210609605232937591e+00
-5.094390934698104223e-01,1.282770339026967799e+00
-3.330461886399590510e-01,1.358940002476221709e+00
-1.766979320862271385e-01,1.419073947304580141e+00
1.172176170929591435e-02,1.479207892132938573e+00
1.800968072286995014e-01,1.531323977650849155e+00
3.444629230928791808e-01,1.575422203858312109e+00
4.847754610257155039e-01,1.623529359720998766e+00
5.930165617167606484e-01,1.663618656273237795e+00
6.892308734421341843e-01,1.719743671446372302e+00
7.413469589600447662e-01,1.763841897653835034e+00
7.854451851675076091e-01,1.823975842482193466e+00
7.854451851675076091e-01,1.823975842482193466e+00
7.854451851675076091e-01,1.823975842482193466e+00
7.854451851675076091e-01,1.920190154207567002e+00
7.854451851675076091e-01,1.920190154207567002e+00
