9.360000000000000000e+02,-1.341000000000000000e+03
9.360000000000000000e+02,-1.341000000000000000e+03
9.360000000000000000e+02,-1.341000000000000000e+03
9.360000000000000000e+02,-1.341000000000000000e+03
9.360000000000000000e+02,-1.341000000000000000e+03
9.320000000000000000e+02,-1.323000000000000000e+03
9.320000000000000000e+02,-1.323000000000000000e+03
9.320000000000000000e+02,-1.323000000000000000e+03
9.320000000000000000e+02,-1.323000000000000000e+03
9.230000000000000000e+02,-1.307000000000000000e+03
9.230000000000000000e+02,-1.307000000000000000e+03
9.230000000000000000e+02,-1.307000000000000000e+03
9.060000000000000000e+02,-1.298000000000000000e+03
9.060000000000000000e+02,-1.298000000000000000e+03
9.060000000000000000e+02,-1.298000000000000000e+03
8.920000000000000000e+02,-1.283000000000000000e+03
8.920000000000000000e+02,-1.283000000000000000e+03
8.920000000000000000e+02,-1.283000000000000000e+03
8.920000000000000000e+02,-1.261000000000000000e+03
8.920000000000000000e+02,-1.261000000000000000e+03
8.920000000000000000e+02,-1.261000000000000000e+03
8.920000000000000000e+02,-1.261000000000000000e+03
8.920000000000000000e+02,-1.261000000000000000e+03
8.920000000000000000e+02,-1.261000000000000000e+03
8.920000000000000000e+02,-1.261000000000000000e+03
9.040000000000000000e+02,-1.275000000000000000e+03
9.120000000000000000e+02,-1.293000000000000000e+03
9.170000000000000000e+02,-1.329000000000000000e+03
9.290000000000000000e+02,-1.373000000000000000e+03
9.380000000000000000e+02,-1.436000000000000000e+03
9.530000000000000000e+02,-1.506000000000000000e+03
9.650000000000000000e+02,-1.587000000000000000e+03
9.810000000000000000e+02,-1.668000000000000000e+03
9.980000000000000000e+02,-1.750000000000000000e+03
1.016000000000000000e+03,-1.825000000000000000e+03
1.034000000000000000e+03,-1.885000000000000000e+03
1.049000000000000000e+03,-1.935000000000000000e+03
1.078000000000000000e+03,-1.953000000000000000e+03
1.097000000000000000e+03,-1.958000000000000000e+03
1.113000000000000000e+03,-1.944000000000000000e+03
1.122000000000000000e+03,-1.916000000000000000e+03
1.123000000000000000e+03,-1.875000000000000000e+03
