3.650000000000000000e+02,-1.700000000000000000e+03
3.650000000000000000e+02,-1.700000000000000000e+03
3.570000000000000000e+02,-1.724000000000000000e+03
3.570000000000000000e+02,-1.724000000000000000e+03
3.560000000000000000e+02,-1.747000000000000000e+03
3.510000000000000000e+02,-1.760000000000000000e+03
3.510000000000000000e+02,-1.760000000000000000e+03
3.540000000000000000e+02,-1.780000000000000000e+03
3.540000000000000000e+02,-1.780000000000000000e+03
3.540000000000000000e+02,-1.780000000000000000e+03
3.710000000000000000e+02,-1.783000000000000000e+03
3.710000000000000000e+02,-1.783000000000000000e+03
3.710000000000000000e+02,-1.783000000000000000e+03
3.860000000000000000e+02,-1.774000000000000000e+03
3.860000000000000000e+02,-1.774000000000000000e+03
3.950000000000000000e+02,-1.760000000000000000e+03
3.950000000000000000e+02,-1.760000000000000000e+03
4.040000000000000000e+02,-1.741000000000000000e+03
4.090000000000000000e+02,-1.726000000000000000e+03
4.120000000000000000e+02,-1.709000000000000000e+03
4.180000000000000000e+02,-1.688000000000000000e+03
4.210000000000000000e+02,-1.665000000000000000e+03
4.270000000000000000e+02,-1.632000000000000000e+03
4.310000000000000000e+02,-1.593000000000000000e+03
4.360000000000000000e+02,-1.548000000000000000e+03
4.370000000000000000e+02,-1.501000000000000000e+03
4.400000000000000000e+02,-1.448000000000000000e+03
4.390000000000000000e+02,-1.397000000000000000e+03
4.370000000000000000e+02,-1.346000000000000000e+03
4.360000000000000000e+02,-1.299000000000000000e+03
4.330000000000000000e+02,-1.257000000000000000e+03
4.310000000000000000e+02,-1.221000000000000000e+03
4.300000000000000000e+02,-1.192000000000000000e+03
4.300000000000000000e+02,-1.170000000000000000e+03
4.330000000000000000e+02,-1.151000000000000000e+03
4.330000000000000000e+02,-1.151000000000000000e+03
4.430000000000000000e+02,-1.130000000000000000e+03
4.430000000000000000e+02,-1.130000000000000000e+03
4.670000000000000000e+02,-1.126000000000000000e+03
4.820000000000000000e+02,-1.127000000000000000e+03
5.020000000000000000e+02,-1.130000000000000000e+03
5.230000000000000000e+02,-1.136000000000000000e+03
5.500000000000000000e+02,-1.144000000000000000e+03
5.790000000000000000e+02,-1.153000000000000000e+03
6.080000000000000000e+02,-1.162000000000000000e+03
6.380000000000000000e+02,-1.170000000000000000e+03
6.650000000000000000e+02,-1.179000000000000000e+03
6.920000000000000000e+02,-1.186000000000000000e+03
7.150000000000000000e+02,-1.194000000000000000e+03
7.340000000000000000e+02,-1.197000000000000000e+03
7.480000000000000000e+02,-1.201000000000000000e+03
7.480000000000000000e+02,-1.201000000000000000e+03
7.630000000000000000e+02,-1.206000000000000000e+03
7.630000000000000000e+02,-1.206000000000000000e+03
7.630000000000000000e+02,-1.206000000000000000e+03
7.630000000000000000e+02,-1.206000000000000000e+03
7.510000000000000000e+02,-1.228000000000000000e+03
7.510000000000000000e+02,-1.228000000000000000e+03
7.220000000000000000e+02,-1.252000000000000000e+03
7.020000000000000000e+02,-1.269000000000000000e+03
