-5.953260538007484337e-01,-4.439076972284407563e-01
-5.031206717305988230e-01,-4.559344861941124205e-01
-4.069063600052253427e-01,-4.759791344702318794e-01
-2.665938220723890195e-01,-4.439076972284407563e-01
-9.821877655298542897e-02,-4.158451896418735028e-01
6.614733931119426424e-02,-4.038184006762017830e-01
2.104688068992544847e-01,-3.797648227448583991e-01
3.227188372455235266e-01,-3.597201744687389402e-01
4.590224455231359801e-01,-3.236398075717238920e-01
5.191563903514944123e-01,-3.436844558478433509e-01
5.191563903514944123e-01,-3.436844558478433509e-01
