9.270000000000000000e+02,-9.770000000000000000e+02
9.560000000000000000e+02,-9.620000000000000000e+02
9.840000000000000000e+02,-9.520000000000000000e+02
1.022000000000000000e+03,-9.340000000000000000e+02
1.060000000000000000e+03,-9.160000000000000000e+02
1.097000000000000000e+03,-9.010000000000000000e+02
1.138000000000000000e+03,-8.820000000000000000e+02
1.173000000000000000e+03,-8.650000000000000000e+02
1.217000000000000000e+03,-8.380000000000000000e+02
1.248000000000000000e+03,-8.180000000000000000e+02
1.286000000000000000e+03,-7.900000000000000000e+02
