9.800000000000000000e+02,-1.022000000000000000e+03
9.600000000000000000e+02,-1.023000000000000000e+03
9.330000000000000000e+02,-1.035000000000000000e+03
9.150000000000000000e+02,-1.043000000000000000e+03
9.040000000000000000e+02,-1.060000000000000000e+03
8.940000000000000000e+02,-1.088000000000000000e+03
9.030000000000000000e+02,-1.115000000000000000e+03
9.110000000000000000e+02,-1.159000000000000000e+03
9.330000000000000000e+02,-1.207000000000000000e+03
9.570000000000000000e+02,-1.267000000000000000e+03
9.840000000000000000e+02,-1.332000000000000000e+03
1.007000000000000000e+03,-1.403000000000000000e+03
1.025000000000000000e+03,-1.474000000000000000e+03
1.033000000000000000e+03,-1.545000000000000000e+03
1.031000000000000000e+03,-1.608000000000000000e+03
1.016000000000000000e+03,-1.665000000000000000e+03
9.920000000000000000e+02,-1.711000000000000000e+03
9.540000000000000000e+02,-1.747000000000000000e+03
9.140000000000000000e+02,-1.768000000000000000e+03
8.700000000000000000e+02,-1.780000000000000000e+03
8.310000000000000000e+02,-1.781000000000000000e+03
8.000000000000000000e+02,-1.775000000000000000e+03
7.750000000000000000e+02,-1.769000000000000000e+03
7.690000000000000000e+02,-1.756000000000000000e+03
7.820000000000000000e+02,-1.741000000000000000e+03
8.070000000000000000e+02,-1.729000000000000000e+03
8.470000000000000000e+02,-1.717000000000000000e+03
