5.910000000000000000e+02,-8.810000000000000000e+02
6.030000000000000000e+02,-8.670000000000000000e+02
6.230000000000000000e+02,-8.500000000000000000e+02
6.430000000000000000e+02,-8.360000000000000000e+02
6.630000000000000000e+02,-8.240000000000000000e+02
6.980000000000000000e+02,-8.090000000000000000e+02
7.360000000000000000e+02,-7.980000000000000000e+02
7.800000000000000000e+02,-7.810000000000000000e+02
8.240000000000000000e+02,-7.670000000000000000e+02
8.670000000000000000e+02,-7.570000000000000000e+02
9.100000000000000000e+02,-7.450000000000000000e+02
9.570000000000000000e+02,-7.270000000000000000e+02
9.940000000000000000e+02,-7.090000000000000000e+02
1.034000000000000000e+03,-6.850000000000000000e+02
