5.020000000000000000e+02,-4.610000000000000000e+02
4.890000000000000000e+02,-4.470000000000000000e+02
4.710000000000000000e+02,-4.440000000000000000e+02
4.540000000000000000e+02,-4.380000000000000000e+02
4.360000000000000000e+02,-4.370000000000000000e+02
4.160000000000000000e+02,-4.430000000000000000e+02
4.020000000000000000e+02,-4.490000000000000000e+02
3.840000000000000000e+02,-4.640000000000000000e+02
3.750000000000000000e+02,-4.770000000000000000e+02
3.670000000000000000e+02,-4.980000000000000000e+02
3.680000000000000000e+02,-5.160000000000000000e+02
3.750000000000000000e+02,-5.340000000000000000e+02
3.880000000000000000e+02,-5.490000000000000000e+02
4.040000000000000000e+02,-5.600000000000000000e+02
4.240000000000000000e+02,-5.660000000000000000e+02
4.450000000000000000e+02,-5.670000000000000000e+02
4.670000000000000000e+02,-5.660000000000000000e+02
4.880000000000000000e+02,-5.600000000000000000e+02
5.080000000000000000e+02,-5.480000000000000000e+02
5.250000000000000000e+02,-5.280000000000000000e+02
5.340000000000000000e+02,-5.100000000000000000e+02
5.390000000000000000e+02,-4.920000000000000000e+02
5.390000000000000000e+02,-4.720000000000000000e+02
5.340000000000000000e+02,-4.530000000000000000e+02
5.230000000000000000e+02,-4.370000000000000000e+02
5.040000000000000000e+02,-4.230000000000000000e+02
4.810000000000000000e+02,-4.160000000000000000e+02
4.620000000000000000e+02,-4.130000000000000000e+02
4.440000000000000000e+02,-4.200000000000000000e+02
4.210000000000000000e+02,-4.290000000000000000e+02
4.030000000000000000e+02,-4.410000000000000000e+02
3.840000000000000000e+02,-4.640000000000000000e+02
