1.069000000000000000e+03,-9.480000000000000000e+02
1.069000000000000000e+03,-9.480000000000000000e+02
1.085000000000000000e+03,-9.300000000000000000e+02
1.085000000000000000e+03,-9.300000000000000000e+02
1.085000000000000000e+03,-9.300000000000000000e+02
1.097000000000000000e+03,-9.160000000000000000e+02
1.097000000000000000e+03,-9.160000000000000000e+02
1.097000000000000000e+03,-9.160000000000000000e+02
1.070000000000000000e+03,-9.130000000000000000e+02
1.055000000000000000e+03,-9.100000000000000000e+02
1.028000000000000000e+03,-9.130000000000000000e+02
9.980000000000000000e+02,-9.150000000000000000e+02
9.560000000000000000e+02,-9.250000000000000000e+02
9.110000000000000000e+02,-9.420000000000000000e+02
8.560000000000000000e+02,-9.710000000000000000e+02
7.970000000000000000e+02,-1.008000000000000000e+03
7.390000000000000000e+02,-1.067000000000000000e+03
6.810000000000000000e+02,-1.142000000000000000e+03
6.330000000000000000e+02,-1.233000000000000000e+03
5.920000000000000000e+02,-1.334000000000000000e+03
5.710000000000000000e+02,-1.435000000000000000e+03
5.650000000000000000e+02,-1.533000000000000000e+03
5.830000000000000000e+02,-1.620000000000000000e+03
6.210000000000000000e+02,-1.691000000000000000e+03
6.780000000000000000e+02,-1.739000000000000000e+03
7.480000000000000000e+02,-1.759000000000000000e+03
8.260000000000000000e+02,-1.745000000000000000e+03
9.060000000000000000e+02,-1.709000000000000000e+03
9.720000000000000000e+02,-1.659000000000000000e+03
1.022000000000000000e+03,-1.601000000000000000e+03
1.046000000000000000e+03,-1.539000000000000000e+03
1.046000000000000000e+03,-1.480000000000000000e+03
1.024000000000000000e+03,-1.426000000000000000e+03
9.810000000000000000e+02,-1.387000000000000000e+03
9.200000000000000000e+02,-1.362000000000000000e+03
8.490000000000000000e+02,-1.353000000000000000e+03
7.840000000000000000e+02,-1.353000000000000000e+03
7.180000000000000000e+02,-1.367000000000000000e+03
6.680000000000000000e+02,-1.381000000000000000e+03
6.410000000000000000e+02,-1.399000000000000000e+03
6.240000000000000000e+02,-1.421000000000000000e+03
6.260000000000000000e+02,-1.438000000000000000e+03
