8.830000000000000000e+02,-6.680000000000000000e+02
8.840000000000000000e+02,-6.550000000000000000e+02
8.670000000000000000e+02,-6.580000000000000000e+02
8.500000000000000000e+02,-6.560000000000000000e+02
8.230000000000000000e+02,-6.600000000000000000e+02
7.870000000000000000e+02,-6.680000000000000000e+02
7.500000000000000000e+02,-6.720000000000000000e+02
7.080000000000000000e+02,-6.850000000000000000e+02
6.640000000000000000e+02,-6.980000000000000000e+02
6.210000000000000000e+02,-7.100000000000000000e+02
5.780000000000000000e+02,-7.260000000000000000e+02
5.350000000000000000e+02,-7.400000000000000000e+02
4.950000000000000000e+02,-7.570000000000000000e+02
4.590000000000000000e+02,-7.770000000000000000e+02
4.280000000000000000e+02,-8.010000000000000000e+02
4.010000000000000000e+02,-8.270000000000000000e+02
3.810000000000000000e+02,-8.520000000000000000e+02
3.630000000000000000e+02,-8.850000000000000000e+02
3.520000000000000000e+02,-9.160000000000000000e+02
3.430000000000000000e+02,-9.520000000000000000e+02
3.430000000000000000e+02,-9.860000000000000000e+02
3.440000000000000000e+02,-1.023000000000000000e+03
3.530000000000000000e+02,-1.055000000000000000e+03
3.640000000000000000e+02,-1.092000000000000000e+03
3.820000000000000000e+02,-1.116000000000000000e+03
4.050000000000000000e+02,-1.144000000000000000e+03
4.300000000000000000e+02,-1.161000000000000000e+03
4.620000000000000000e+02,-1.174000000000000000e+03
4.950000000000000000e+02,-1.185000000000000000e+03
5.240000000000000000e+02,-1.185000000000000000e+03
5.540000000000000000e+02,-1.176000000000000000e+03
5.720000000000000000e+02,-1.166000000000000000e+03
