-4.630031432793811630e-02,1.551116993783881792e+00
-2.202088120475270434e-03,1.651340235164479031e+00
5.793185670788315172e-02,1.699447391027165910e+00
1.541461684332566251e-01,1.743545617234628642e+00
3.185122842974363322e-01,1.819715280683882774e+00
4.828784001616160393e-01,1.851786717925673953e+00
6.632802346466912802e-01,1.879849225512241206e+00
8.637267174078859799e-01,1.899893873788360610e+00
1.056155340858633052e+00,1.843768858615226103e+00
1.212503597412364797e+00,1.795661702752539446e+00
1.364842924310872840e+00,1.767599195165972192e+00
1.489119743622813630e+00,1.731518828268957089e+00
