3.879753033000015727e-01,1.675398518412319682e+00
3.879753033000015727e-01,1.675398518412319682e+00
3.037877805402998121e-01,1.663371729446648128e+00
3.037877805402998121e-01,1.663371729446648128e+00
2.276181170910457907e-01,1.627291362549633025e+00
1.714931019179112559e-01,1.607246714273513399e+00
7.928771984776167292e-02,1.579184206686946146e+00
-2.093552153283569431e-02,1.515041332203364011e+00
-1.371944815343286439e-01,1.438871668754109878e+00
-2.935427380880605286e-01,1.334639497718288714e+00
-4.458820649865685715e-01,1.210362678406347925e+00
-6.262838994716438679e-01,1.058023351507839882e+00
-7.826321560253757248e-01,8.936572356436601750e-01
-9.951054277522421998e-01,6.851928935720176250e-01
-1.103346528443287289e+00,4.246124659824644931e-01
-1.259694784997019257e+00,8.385344528843344247e-02
-1.303793011204481989e+00,-1.687091229906719503e-01
-1.363926956032840421e+00,-4.934324250638074116e-01
-1.307801940859705914e+00,-7.259503450667933455e-01
-1.247667996031347482e+00,-1.006575420932465992e+00
-1.091319739477615736e+00,-1.190986185072765213e+00
-8.988911160268686640e-01,-1.383414808523512063e+00
-6.743910553343305248e-01,-1.435530894041422645e+00
-4.138106277447773929e-01,-1.443548753351870495e+00
-1.412034111895525412e-01,-1.431521964386198942e+00
1.394216646761201051e-01,-1.383414808523512063e+00
4.080199515761210871e-01,-1.311254074729482078e+00
6.686003791656742745e-01,-1.215039763004108542e+00
9.011182991686601529e-01,-1.106798662313063453e+00
1.109582641240302703e+00,-1.014593280242913842e+00
1.281966616414930149e+00,-9.304057574832119704e-01
1.398225576416423088e+00,-8.822986016205252024e-01
1.490430958486572699e+00,-8.141467974817190312e-01
1.586645270211946235e+00,-7.419860636876889348e-01
1.586645270211946235e+00,-7.419860636876889348e-01
1.674841722626871920e+00,-7.139235561011216813e-01
