9.240000000000000000e+02,-1.323000000000000000e+03
9.240000000000000000e+02,-1.323000000000000000e+03
9.240000000000000000e+02,-1.323000000000000000e+03
9.240000000000000000e+02,-1.323000000000000000e+03
8.770000000000000000e+02,-1.258000000000000000e+03
8.770000000000000000e+02,-1.258000000000000000e+03
8.770000000000000000e+02,-1.258000000000000000e+03
8.770000000000000000e+02,-1.258000000000000000e+03
8.770000000000000000e+02,-1.258000000000000000e+03
8.770000000000000000e+02,-1.258000000000000000e+03
8.110000000000000000e+02,-1.257000000000000000e+03
8.110000000000000000e+02,-1.257000000000000000e+03
8.110000000000000000e+02,-1.257000000000000000e+03
8.110000000000000000e+02,-1.257000000000000000e+03
7.490000000000000000e+02,-1.319000000000000000e+03
7.490000000000000000e+02,-1.319000000000000000e+03
7.490000000000000000e+02,-1.319000000000000000e+03
7.160000000000000000e+02,-1.391000000000000000e+03
7.160000000000000000e+02,-1.391000000000000000e+03
7.160000000000000000e+02,-1.391000000000000000e+03
7.100000000000000000e+02,-1.472000000000000000e+03
7.100000000000000000e+02,-1.472000000000000000e+03
7.100000000000000000e+02,-1.472000000000000000e+03
7.390000000000000000e+02,-1.542000000000000000e+03
7.390000000000000000e+02,-1.542000000000000000e+03
7.390000000000000000e+02,-1.542000000000000000e+03
7.390000000000000000e+02,-1.542000000000000000e+03
8.190000000000000000e+02,-1.608000000000000000e+03
8.190000000000000000e+02,-1.608000000000000000e+03
8.190000000000000000e+02,-1.608000000000000000e+03
8.820000000000000000e+02,-1.628000000000000000e+03
8.820000000000000000e+02,-1.628000000000000000e+03
8.820000000000000000e+02,-1.628000000000000000e+03
8.820000000000000000e+02,-1.628000000000000000e+03
9.480000000000000000e+02,-1.569000000000000000e+03
9.480000000000000000e+02,-1.569000000000000000e+03
9.480000000000000000e+02,-1.569000000000000000e+03
9.690000000000000000e+02,-1.483000000000000000e+03
9.690000000000000000e+02,-1.483000000000000000e+03
9.690000000000000000e+02,-1.483000000000000000e+03
9.450000000000000000e+02,-1.400000000000000000e+03
9.450000000000000000e+02,-1.400000000000000000e+03
9.450000000000000000e+02,-1.400000000000000000e+03
9.450000000000000000e+02,-1.400000000000000000e+03
8.740000000000000000e+02,-1.346000000000000000e+03
8.740000000000000000e+02,-1.346000000000000000e+03
8.740000000000000000e+02,-1.346000000000000000e+03
8.740000000000000000e+02,-1.346000000000000000e+03
8.740000000000000000e+02,-1.346000000000000000e+03
8.740000000000000000e+02,-1.346000000000000000e+03
