1.395546854774652346e+00,1.329976142331674938e+00
1.383520065808980570e+00,1.390110087160033370e+00
1.419600432705995674e+00,1.478306539574959055e+00
1.419600432705995674e+00,1.478306539574959055e+00
1.419600432705995674e+00,1.558485132679436891e+00
1.419600432705995674e+00,1.558485132679436891e+00
1.419600432705995674e+00,1.558485132679436891e+00
1.419600432705995674e+00,1.558485132679436891e+00
1.311359332014950585e+00,1.418172594746600623e+00
1.267261105807487631e+00,1.305922564400331609e+00
1.171046794082114095e+00,1.097458222328689059e+00
1.098886060288084110e+00,9.010206692227181735e-01
9.826271002865910598e-01,5.963420154257021988e-01
8.984395775268892992e-01,3.076990802495817579e-01
7.901984768358440991e-01,-4.107779975489709440e-02
7.060109540761423386e-01,-3.617921721728086792e-01
6.178145016612166529e-01,-6.905244039011680934e-01
5.536716271776342957e-01,-9.791673390772884789e-01
4.935376823492759191e-01,-1.243756696322065647e+00
4.574573154522608709e-01,-1.464247827359379750e+00
4.293948078656936174e-01,-1.636631802534007196e+00
4.093501595895741585e-01,-1.772935410811619761e+00
3.933144409686785692e-01,-1.869149722536993075e+00
3.852965816582307745e-01,-1.929283667365351507e+00
3.852965816582307745e-01,-1.929283667365351507e+00
3.852965816582307745e-01,-1.929283667365351507e+00
4.414215968313652816e-01,-1.921265808054903879e+00
4.935376823492759191e-01,-1.897212230123560550e+00
5.256091195910670422e-01,-1.845096144605649746e+00
5.857430644194254743e-01,-1.744872903225052507e+00
6.298412906268883171e-01,-1.656676450810126822e+00
