-1.005143660341314416e+00,1.430185654501124448e+00
-1.005143660341314416e+00,1.430185654501124448e+00
-1.033206167927881669e+00,1.486310669674258955e+00
-1.033206167927881669e+00,1.486310669674258955e+00
-1.033206167927881669e+00,1.486310669674258955e+00
-1.033206167927881669e+00,1.486310669674258955e+00
-1.033206167927881669e+00,1.486310669674258955e+00
-9.730722230995233479e-01,1.482301740019035252e+00
-9.490186451681799085e-01,1.414149935880228970e+00
-9.249650672368365800e-01,1.297890975878736031e+00
-9.049204189607170656e-01,1.137533789669780138e+00
-8.808668410293737372e-01,9.290694475981376987e-01
-8.768579113741498121e-01,6.765068793190323060e-01
-8.648311224084781479e-01,3.798460848324640704e-01
-8.568132630980302977e-01,5.913171241455245086e-02
-8.447864741323586335e-01,-2.736094489690308329e-01
-8.327596851666869693e-01,-5.983327510421663220e-01
-8.087061072353436408e-01,-9.030114048391822967e-01
-7.846525293040002014e-01,-1.159582902773511615e+00
-7.485721624069852087e-01,-1.392100822776497493e+00
-7.245185844756417692e-01,-1.564484797951124939e+00
-6.964560768890745157e-01,-1.688761617263065729e+00
-6.724024989577311873e-01,-1.772949140022767489e+00
-6.724024989577311873e-01,-1.772949140022767489e+00
-6.724024989577311873e-01,-1.772949140022767489e+00
-6.724024989577311873e-01,-1.772949140022767489e+00
-6.523578506816116729e-01,-1.704797335883961207e+00
-6.643846396472833371e-01,-1.608583024158587893e+00
-6.844292879234028515e-01,-1.488315134501871029e+00
-6.964560768890745157e-01,-1.323949018637691211e+00
-7.205096548204179552e-01,-1.147556113807839839e+00
-7.445632327517612836e-01,-9.431007013914213255e-01
-7.726257403383285371e-01,-7.186006406988831863e-01
-8.046971775801197158e-01,-4.660380724197777935e-01
-8.407775444771348194e-01,-2.134755041406724008e-01
-8.688400520637020730e-01,4.710492344888076582e-02
-9.049204189607170656e-01,2.996674917279861239e-01
-9.450097155129559834e-01,5.482211303518675916e-01
-9.690632934442994229e-01,7.727211910444057308e-01
-9.850990120651950122e-01,9.771766034608243556e-01
-9.931168713756427513e-01,1.161587367601123466e+00
-9.850990120651950122e-01,1.309917764844407584e+00
-9.610454341338515727e-01,1.442212443466796223e+00
-9.169472079263887299e-01,1.558471403468289163e+00
-8.568132630980302977e-01,1.642658926227990923e+00
-7.846525293040002014e-01,1.710810730366797205e+00
-7.004650065442984408e-01,1.762926815884707787e+00
-6.122685541293727551e-01,1.811033971747394444e+00
-5.080363830935514802e-01,1.831078620023514070e+00
-3.997952824025063356e-01,1.835087549678737995e+00
-2.795273927457894714e-01,1.811033971747394444e+00
-1.432237844681770456e-01,1.782971464160827191e+00
-6.920176190564622347e-03,1.722837519332468759e+00
1.574459396736150596e-01,1.654685715193662698e+00
3.258209851930186640e-01,1.554462473813065237e+00
5.262674679542134193e-01,1.442212443466796223e+00
7.267139507154081191e-01,1.309917764844407584e+00
9.552229410631701834e-01,1.177623086222019166e+00
1.171705142445260472e+00,1.021274829668287198e+00
1.396205203137798501e+00,8.569087138041074914e-01
1.608678474864664976e+00,6.805158089742561200e-01
1.813133887281083600e+00,4.961050448339570096e-01
1.997544651421382822e+00,2.956585620727622543e-01
2.157901837630338715e+00,1.032299386220152937e-01
2.294205445907951280e+00,-9.721654413917944770e-02
2.390419757633324593e+00,-2.856362379347024971e-01
2.450553702461682803e+00,-4.660380724197777935e-01
2.478616210048250057e+00,-6.424309772496291648e-01
2.466589421082578504e+00,-8.108060227690327970e-01
2.414473335564667700e+00,-9.671542793227646539e-01
2.318259023839294386e+00,-1.119493606221272586e+00
2.189973274872129672e+00,-1.259806144154109075e+00
2.021598229352726150e+00,-1.384082963466049643e+00
1.821151746591531451e+00,-1.512368712433214357e+00
1.596651685898993422e+00,-1.632636602089931221e+00
1.360124836240783619e+00,-1.740877702780976310e+00
1.111571197616902040e+00,-1.837092014506349846e+00
8.590086293377966475e-01,-1.933306326231723382e+00
6.304996389900346943e-01,-2.001458130370529442e+00
4.100085079527204246e-01,-2.057583145543663949e+00
2.296066734676451837e-01,-2.069609934509335947e+00
9.731199484525664134e-02,-2.069609934509335947e+00
-1.894696515623630825e-02,-2.057583145543663949e+00
-1.894696515623630825e-02,-2.057583145543663949e+00
