9.225064417916017945e-01,1.856134430368663324e+00
9.225064417916017945e-01,1.856134430368663324e+00
8.543546376527956232e-01,1.836089782092543921e+00
8.182742707557805195e-01,1.739875470367170385e+00
7.781849742035416018e-01,1.563482565537319013e+00
8.062474817901088553e-01,1.342991434500004688e+00
8.062474817901088553e-01,1.010250273116421571e+00
8.543546376527956232e-01,6.694912524223904926e-01
8.984528638602584660e-01,2.485536386238814954e-01
9.746225273095124875e-01,-1.523393268985080151e-01
1.046783261103542584e+00,-5.732769406970169568e-01
1.130970783863244344e+00,-9.541252579432869529e-01
1.219167236278170030e+00,-1.278848560016422553e+00
1.267274392140856687e+00,-1.583527213813438417e+00
1.327408336969215119e+00,-1.820054063471648220e+00
1.391551211452797476e+00,-1.980411249680604113e+00
1.427631578349812580e+00,-2.076625561405977649e+00
1.427631578349812580e+00,-2.076625561405977649e+00
