7.233254506496827885e-01,2.243218860411948068e+00
6.792272244422199456e-01,2.223174212135828665e+00
6.431468575452049530e-01,2.199120634204485558e+00
5.549504051302792673e-01,2.126959900410455351e+00
4.747718120258013208e-01,2.050790236961201440e+00
3.785575003004278405e-01,1.954575925235827905e+00
2.622985402989349013e-01,1.830299105923887115e+00
1.941467361601287023e-01,1.742102653508961430e+00
9.392349477953131076e-02,1.625843693507468490e+00
6.586098719296405724e-02,1.557691889368662208e+00
