1.170000000000000000e+03,-9.300000000000000000e+02
1.170000000000000000e+03,-9.300000000000000000e+02
1.147000000000000000e+03,-9.240000000000000000e+02
1.147000000000000000e+03,-9.240000000000000000e+02
1.147000000000000000e+03,-9.070000000000000000e+02
1.147000000000000000e+03,-9.070000000000000000e+02
1.147000000000000000e+03,-9.070000000000000000e+02
1.147000000000000000e+03,-9.070000000000000000e+02
1.173000000000000000e+03,-8.970000000000000000e+02
1.173000000000000000e+03,-8.970000000000000000e+02
1.194000000000000000e+03,-9.000000000000000000e+02
