9.900000000000000000e+02,-1.486000000000000000e+03
9.900000000000000000e+02,-1.486000000000000000e+03
9.900000000000000000e+02,-1.486000000000000000e+03
9.900000000000000000e+02,-1.504000000000000000e+03
9.750000000000000000e+02,-1.525000000000000000e+03
9.690000000000000000e+02,-1.545000000000000000e+03
9.500000000000000000e+02,-1.572000000000000000e+03
9.320000000000000000e+02,-1.599000000000000000e+03
9.080000000000000000e+02,-1.629000000000000000e+03
8.770000000000000000e+02,-1.664000000000000000e+03
8.440000000000000000e+02,-1.692000000000000000e+03
8.230000000000000000e+02,-1.715000000000000000e+03
7.930000000000000000e+02,-1.741000000000000000e+03
7.720000000000000000e+02,-1.756000000000000000e+03
