1.256000000000000000e+03,-1.260000000000000000e+03
1.256000000000000000e+03,-1.236000000000000000e+03
1.238000000000000000e+03,-1.222000000000000000e+03
1.218000000000000000e+03,-1.203000000000000000e+03
1.197000000000000000e+03,-1.186000000000000000e+03
1.158000000000000000e+03,-1.182000000000000000e+03
1.126000000000000000e+03,-1.171000000000000000e+03
1.078000000000000000e+03,-1.182000000000000000e+03
1.036000000000000000e+03,-1.185000000000000000e+03
9.840000000000000000e+02,-1.204000000000000000e+03
9.420000000000000000e+02,-1.221000000000000000e+03
9.000000000000000000e+02,-1.248000000000000000e+03
8.700000000000000000e+02,-1.272000000000000000e+03
8.430000000000000000e+02,-1.302000000000000000e+03
8.310000000000000000e+02,-1.328000000000000000e+03
8.310000000000000000e+02,-1.355000000000000000e+03
8.440000000000000000e+02,-1.381000000000000000e+03
8.680000000000000000e+02,-1.402000000000000000e+03
9.030000000000000000e+02,-1.423000000000000000e+03
9.450000000000000000e+02,-1.439000000000000000e+03
9.920000000000000000e+02,-1.460000000000000000e+03
1.042000000000000000e+03,-1.477000000000000000e+03
1.090000000000000000e+03,-1.494000000000000000e+03
1.132000000000000000e+03,-1.509000000000000000e+03
1.170000000000000000e+03,-1.527000000000000000e+03
1.198000000000000000e+03,-1.545000000000000000e+03
1.218000000000000000e+03,-1.563000000000000000e+03
1.226000000000000000e+03,-1.578000000000000000e+03
1.226000000000000000e+03,-1.593000000000000000e+03
1.215000000000000000e+03,-1.614000000000000000e+03
1.195000000000000000e+03,-1.634000000000000000e+03
1.168000000000000000e+03,-1.655000000000000000e+03
1.135000000000000000e+03,-1.670000000000000000e+03
1.096000000000000000e+03,-1.689000000000000000e+03
1.055000000000000000e+03,-1.706000000000000000e+03
1.012000000000000000e+03,-1.727000000000000000e+03
9.710000000000000000e+02,-1.739000000000000000e+03
9.320000000000000000e+02,-1.754000000000000000e+03
8.980000000000000000e+02,-1.768000000000000000e+03
8.710000000000000000e+02,-1.778000000000000000e+03
8.460000000000000000e+02,-1.792000000000000000e+03
8.460000000000000000e+02,-1.792000000000000000e+03
8.280000000000000000e+02,-1.806000000000000000e+03
8.280000000000000000e+02,-1.806000000000000000e+03
8.280000000000000000e+02,-1.806000000000000000e+03
8.280000000000000000e+02,-1.806000000000000000e+03
