9.690000000000000000e+02,-1.478000000000000000e+03
9.690000000000000000e+02,-1.478000000000000000e+03
9.690000000000000000e+02,-1.478000000000000000e+03
9.690000000000000000e+02,-1.478000000000000000e+03
9.690000000000000000e+02,-1.478000000000000000e+03
9.690000000000000000e+02,-1.478000000000000000e+03
9.690000000000000000e+02,-1.478000000000000000e+03
9.690000000000000000e+02,-1.478000000000000000e+03
9.690000000000000000e+02,-1.478000000000000000e+03
9.690000000000000000e+02,-1.478000000000000000e+03
