-9.378571376032479590e-01,2.840588112660165532e+00
-9.378571376032479590e-01,2.840588112660165532e+00
-9.097946300166807054e-01,2.776445238176583175e+00
-8.857410520853373770e-01,2.700275574727329264e+00
-8.777231927748896378e-01,2.616088051967627504e+00
-8.616874741539940485e-01,2.527891599552701596e+00
-8.536696148435461984e-01,2.411632639551208879e+00
-8.416428258778745342e-01,2.271320101618372611e+00
-8.256071072569789449e-01,2.110962915409416496e+00
-8.135803182913072806e-01,1.922543221613893571e+00
-8.015535293256356164e-01,1.698043160921355543e+00
-7.774999513942921769e-01,1.469534170573593368e+00
-7.574553031181727736e-01,1.220980531949712011e+00
-7.334017251868293341e-01,9.844536822915022078e-01
-7.093481472554860057e-01,7.198643250467251509e-01
-6.933124286345904164e-01,4.592838974571719635e-01
-6.692588507032470879e-01,1.946945402123948787e-01
-6.492142024271275735e-01,-6.588588737715828092e-02
-6.211516948405603200e-01,-3.024127370353680844e-01
-6.011070465644408056e-01,-5.349306570383539627e-01
-5.810623982883214023e-01,-7.554217880756681769e-01
-5.690356093226496270e-01,-9.879397080786541663e-01
-5.529998907017541487e-01,-1.176359401874177202e+00
-5.409731017360823735e-01,-1.352752306704028573e+00
-5.289463127704107093e-01,-1.485046985326416991e+00
-5.209284534599629701e-01,-1.605314874983133855e+00
-5.169195238047390450e-01,-1.685493468087611912e+00
-5.169195238047390450e-01,-1.737609553605522494e+00
-5.169195238047390450e-01,-1.737609553605522494e+00
-5.169195238047390450e-01,-1.737609553605522494e+00
-5.169195238047390450e-01,-1.737609553605522494e+00
-5.169195238047390450e-01,-1.737609553605522494e+00
-5.169195238047390450e-01,-1.737609553605522494e+00
-5.289463127704107093e-01,-1.665448819811492287e+00
-5.289463127704107093e-01,-1.589279156362238377e+00
-5.329552424256346344e-01,-1.481038055671193288e+00
-5.409731017360823735e-01,-1.356761236359252498e+00
-5.409731017360823735e-01,-1.200412979805520530e+00
-5.409731017360823735e-01,-1.036046863941340934e+00
-5.329552424256346344e-01,-8.556450294562655268e-01
-5.169195238047390450e-01,-6.592074763502947521e-01
-4.928659458733956611e-01,-4.707877825547716610e-01
-4.487677196659328183e-01,-2.703412997935769058e-01
-3.966516341480221808e-01,-1.019662542741733430e-01
-3.284998300092160095e-01,6.239986159000635718e-02
-2.523301665599619881e-01,2.107302588332904680e-01
-1.480979955241407131e-01,3.510427967661267634e-01
-3.985689483309554776e-02,4.713106864228436277e-01
8.842885413406909034e-02,5.675249981482171080e-01
2.207235327564576188e-01,6.477035912526950545e-01
3.610360706892939420e-01,7.318911140123968151e-01
5.093664679325780043e-01,7.639625512541879937e-01
6.697236541415338973e-01,7.759893402198596579e-01
8.140451217295940900e-01,7.519357622885163295e-01
9.703933782833259469e-01,7.078375360810534866e-01
1.110705916216162326e+00,6.236500133213516150e-01
1.255027383804222518e+00,5.154089126303065260e-01
1.387322062426610936e+00,3.871231636631418671e-01
1.527634600359447425e+00,1.866766809019470841e-01
1.651911419671388215e+00,6.274846416871826711e-03
1.772179309328104857e+00,-1.901627066890990148e-01
1.896456128640045646e+00,-4.106538377264132289e-01
1.996679370020643107e+00,-6.151092501428319093e-01
2.092893681746016643e+00,-8.075378735935788699e-01
2.141000837608703300e+00,-1.020011145320445234e+00
2.153027626574374853e+00,-1.224466557736863859e+00
2.173072274850494257e+00,-1.320680869462237395e+00
2.124965118987807600e+00,-1.436939829463730334e+00
2.124965118987807600e+00,-1.436939829463730334e+00
