8.530000000000000000e+02,-1.563000000000000000e+03
8.530000000000000000e+02,-1.563000000000000000e+03
8.680000000000000000e+02,-1.557000000000000000e+03
8.830000000000000000e+02,-1.546000000000000000e+03
9.110000000000000000e+02,-1.522000000000000000e+03
9.480000000000000000e+02,-1.488000000000000000e+03
9.920000000000000000e+02,-1.447000000000000000e+03
1.046000000000000000e+03,-1.391000000000000000e+03
1.100000000000000000e+03,-1.332000000000000000e+03
1.159000000000000000e+03,-1.264000000000000000e+03
1.211000000000000000e+03,-1.194000000000000000e+03
1.260000000000000000e+03,-1.120000000000000000e+03
1.295000000000000000e+03,-1.050000000000000000e+03
1.327000000000000000e+03,-9.860000000000000000e+02
1.343000000000000000e+03,-9.370000000000000000e+02
1.357000000000000000e+03,-8.920000000000000000e+02
1.360000000000000000e+03,-8.640000000000000000e+02
1.361000000000000000e+03,-8.470000000000000000e+02
1.361000000000000000e+03,-8.470000000000000000e+02
1.352000000000000000e+03,-8.700000000000000000e+02
1.348000000000000000e+03,-9.030000000000000000e+02
1.343000000000000000e+03,-9.460000000000000000e+02
1.336000000000000000e+03,-1.001000000000000000e+03
1.328000000000000000e+03,-1.070000000000000000e+03
1.318000000000000000e+03,-1.150000000000000000e+03
1.312000000000000000e+03,-1.234000000000000000e+03
1.293000000000000000e+03,-1.332000000000000000e+03
1.287000000000000000e+03,-1.421000000000000000e+03
1.274000000000000000e+03,-1.516000000000000000e+03
1.274000000000000000e+03,-1.595000000000000000e+03
1.266000000000000000e+03,-1.674000000000000000e+03
1.277000000000000000e+03,-1.727000000000000000e+03
1.283000000000000000e+03,-1.772000000000000000e+03
1.289000000000000000e+03,-1.796000000000000000e+03
1.289000000000000000e+03,-1.796000000000000000e+03
