-6.101590935250770231e-01,5.933215889731346254e-02
-6.101590935250770231e-01,5.933215889731346254e-02
-6.101590935250770231e-01,5.933215889731346254e-02
-6.101590935250770231e-01,5.933215889731346254e-02
-6.582662493877636800e-01,7.216073379402828530e-03
-6.582662493877636800e-01,7.216073379402828530e-03
-6.582662493877636800e-01,7.216073379402828530e-03
-6.582662493877636800e-01,7.216073379402828530e-03
-6.582662493877636800e-01,7.216073379402828530e-03
-6.101590935250770231e-01,1.154571740704479904e-01
-6.101590935250770231e-01,1.796000485540303060e-01
-6.101590935250770231e-01,2.718054306241798890e-01
-6.101590935250770231e-01,3.640108126943294997e-01
-6.221858824907486873e-01,4.602251244197029800e-01
-6.141680231803008372e-01,5.484215768346286657e-01
-6.141680231803008372e-01,6.326090995943304263e-01
-5.901144452489575087e-01,7.328323409749277761e-01
-5.660608673176141803e-01,8.290466527003013120e-01
-5.299805004205990766e-01,9.292698940808986618e-01
-4.939001335235840284e-01,1.013457416840600533e+00
-4.538108369713451107e-01,1.097644939600302294e+00
-4.538108369713451107e-01,1.097644939600302294e+00
-4.538108369713451107e-01,1.097644939600302294e+00
-4.818733445579123642e-01,9.012073864943314083e-01
-5.740787266280619194e-01,6.286001699391065012e-01
-7.304269831817938874e-01,1.916268375197019980e-01
-8.867752397355257443e-01,-3.094893693832848625e-01
-1.063168144565377116e+00,-8.988020287011974085e-01
-1.203480682498213383e+00,-1.504150406640005544e+00
-1.315730712844482397e+00,-2.085445206647470240e+00
-1.347802150086273576e+00,-2.554489976308666144e+00
-1.299694994223586919e+00,-2.875204348726577486e+00
-1.147355667325078876e+00,-3.015516886659413753e+00
-9.188466769773169229e-01,-2.971418660451951244e+00
-6.422305307668682017e-01,-2.774981107345980025e+00
-3.375518769698521160e-01,-2.466293523893740236e+00
-3.688215282806001777e-02,-2.085445206647470240e+00
2.357250637271648408e-01,-1.668516522504185140e+00
4.642340540749268496e-01,-1.243569979050452412e+00
6.406269589047782764e-01,-8.587127321489584908e-01
7.689127078719428798e-01,-5.379983597310469268e-01
8.450823713211969013e-01,-2.854357914519414785e-01
8.931895271838835582e-01,-1.090428866220901211e-01
9.012073864943314083e-01,-4.810715586268856508e-03
9.012073864943314083e-01,-4.810715586268856508e-03
8.531002306316446404e-01,-6.494466041462727823e-02
8.090020044241817976e-01,-2.253018466235830741e-01
7.608948485614950297e-01,-4.698465555922406445e-01
7.208055520092561119e-01,-7.665073500788088801e-01
7.208055520092561119e-01,-1.095239581807168294e+00
7.208055520092561119e-01,-1.444016461811647112e+00
7.448591299405994404e-01,-1.752704045263887123e+00
8.170198637346296477e-01,-2.001257683887768479e+00
9.012073864943314083e-01,-2.185668448028067701e+00
1.021475276151048162e+00,-2.257829181822097908e+00
