1.073695942442571827e-01,-4.252951460324511795e-02
5.525350872634654520e-02,-1.227081077077230159e-01
3.520886045022707245e-02,-1.748241932256336395e-01
-2.091615472290745542e-02,-2.590117159853354556e-01
-7.704116989604198329e-02,-3.431992387450372162e-01
-1.492019036900720796e-01,-4.233778318495151072e-01
-2.213626374841022038e-01,-5.115742842644408483e-01
-3.055501602438039921e-01,-6.198153849554859374e-01
-4.338359092109686510e-01,-7.280564856465311374e-01
-5.340591505915660564e-01,-8.122440084062328980e-01
-6.904074071452979133e-01,-9.124672497868303589e-01
