5.790000000000000000e+02,-1.323000000000000000e+03
5.880000000000000000e+02,-1.307000000000000000e+03
5.880000000000000000e+02,-1.307000000000000000e+03
6.270000000000000000e+02,-1.302000000000000000e+03
6.570000000000000000e+02,-1.301000000000000000e+03
6.950000000000000000e+02,-1.298000000000000000e+03
7.330000000000000000e+02,-1.295000000000000000e+03
7.700000000000000000e+02,-1.293000000000000000e+03
8.140000000000000000e+02,-1.289000000000000000e+03
8.350000000000000000e+02,-1.298000000000000000e+03
8.650000000000000000e+02,-1.287000000000000000e+03
8.650000000000000000e+02,-1.287000000000000000e+03
