4.220000000000000000e+02,-1.151000000000000000e+03
4.220000000000000000e+02,-1.151000000000000000e+03
4.220000000000000000e+02,-1.151000000000000000e+03
4.220000000000000000e+02,-1.151000000000000000e+03
4.220000000000000000e+02,-1.151000000000000000e+03
4.170000000000000000e+02,-1.166000000000000000e+03
4.030000000000000000e+02,-1.187000000000000000e+03
3.900000000000000000e+02,-1.206000000000000000e+03
3.710000000000000000e+02,-1.236000000000000000e+03
3.520000000000000000e+02,-1.265000000000000000e+03
3.320000000000000000e+02,-1.297000000000000000e+03
3.090000000000000000e+02,-1.332000000000000000e+03
2.920000000000000000e+02,-1.360000000000000000e+03
2.810000000000000000e+02,-1.387000000000000000e+03
2.720000000000000000e+02,-1.414000000000000000e+03
2.670000000000000000e+02,-1.434000000000000000e+03
