2.365268496582098035e-01,8.193861100189330227e-01
2.124732717268664195e-01,6.229485569129622480e-01
2.164822013820903168e-01,4.545735113935586158e-01
2.164822013820903168e-01,2.380913100114682990e-01
2.245000606925381115e-01,-1.046232861241317910e-02
2.766161462104487767e-01,-2.389713189601751775e-01
3.006697241417921052e-01,-4.835160279288328034e-01
3.487768800044788731e-01,-7.120250182765948121e-01
3.968840358671655855e-01,-9.044536417273417728e-01
4.289554731089567641e-01,-1.060801898281073630e+00
4.810715586268674016e-01,-1.169042998972118719e+00
5.291787144895541140e-01,-1.241203732766148926e+00
5.291787144895541140e-01,-1.241203732766148926e+00
5.291787144895541140e-01,-1.241203732766148926e+00
5.331876441447780390e-01,-1.157016210006447166e+00
