-9.933279642833130474e-01,-1.106811511446574414e+00
-9.933279642833130474e-01,-1.106811511446574414e+00
-9.933279642833130474e-01,-1.106811511446574414e+00
-9.933279642833130474e-01,-1.106811511446574414e+00
-9.372029491101785403e-01,-1.038659707307768132e+00
-9.372029491101785403e-01,-1.038659707307768132e+00
-8.770690042818201082e-01,-1.038659707307768132e+00
-8.770690042818201082e-01,-1.038659707307768132e+00
-7.688279035907750192e-01,-1.030641847997320504e+00
-6.926582401415209977e-01,-1.018615059031648729e+00
-5.884260691056997228e-01,-9.905525514450814750e-01
-4.721671091042067836e-01,-9.544721845480663713e-01
-3.478902897922659943e-01,-8.863203804092602001e-01
-2.075777518594296989e-01,-8.221775059256778428e-01
-7.929200289226506770e-02,-7.419989128212000074e-01
5.300267573012346772e-02,-6.497935307510503966e-01
1.732705653868403251e-01,-5.535792190256768608e-01
2.815116660778854696e-01,-4.693916962659751002e-01
3.656991888375872857e-01,-3.932220328167211343e-01
4.458777819420651767e-01,-3.210612990226909824e-01
5.060117267704236088e-01,-2.609273541943326058e-01
5.060117267704236088e-01,-2.609273541943326058e-01
5.901992495301253694e-01,-1.486773238480635362e-01
6.062349681510209587e-01,-9.656123833015288482e-02
6.262796164271404731e-01,-3.642729350179446657e-02
6.383064053928121373e-01,3.573344029223564366e-02
6.463242647032598764e-01,1.078941740862657539e-01
6.383064053928121373e-01,2.000995561564153369e-01
6.262796164271404731e-01,2.802781492608932279e-01
6.062349681510209587e-01,3.764924609862667082e-01
5.781724605644537052e-01,4.526621244355207296e-01
5.461010233226625266e-01,5.248228582295507705e-01
4.939849378047518891e-01,5.809478734026853886e-01
4.338509929763935125e-01,6.290550292653720454e-01
3.737170481480350803e-01,6.651353961623871491e-01
3.015563143540049285e-01,6.891889740937304776e-01
2.334045102151987294e-01,7.132425520250739170e-01
1.532259171107208384e-01,7.252693409907455813e-01
8.908304262713852284e-02,7.332872003011933204e-01
2.093123848833230993e-02,7.252693409907455813e-01
-5.122949530569780030e-02,7.092336223698499920e-01
-1.153723697892801159e-01,6.891889740937304776e-01
-1.835241739280863427e-01,6.410818182310438207e-01
-2.436581187564447470e-01,5.929746623683570528e-01
-3.118099228952509461e-01,5.208139285743269564e-01
-3.759527973788333033e-01,4.286085465041773457e-01
-4.561313904833111943e-01,3.203674458131322011e-01
-5.282921242773412907e-01,2.081174154668631315e-01
-5.964439284161474619e-01,7.983166649969848649e-02
-6.605868028997298191e-01,-5.246301212269004893e-02
-7.207207477280882513e-01,-1.807487610898546870e-01
-7.808546925564466834e-01,-3.090345100570193182e-01
-8.289618484191334513e-01,-4.333113293689600520e-01
-8.650422153161484440e-01,-5.495702893704530467e-01
-8.890957932474918834e-01,-6.497935307510503966e-01
-9.091404415236112868e-01,-7.500167721316477465e-01
-9.211672304892829510e-01,-8.382132245465734321e-01
-9.131493711788352119e-01,-9.304186066167230429e-01
-9.011225822131635477e-01,-1.006588270065976953e+00
-8.770690042818201082e-01,-1.086766863170455011e+00
-8.530154263504767798e-01,-1.146900807998813443e+00
-8.249529187639095262e-01,-1.215052612137619503e+00
-7.888725518668944225e-01,-1.267168697655530307e+00
-7.407653960042077657e-01,-1.327302642483888739e+00
-7.407653960042077657e-01,-1.327302642483888739e+00
-6.325242953131625656e-01,-1.395454446622694800e+00
-5.683814208295802084e-01,-1.411490165243590500e+00
-5.042385463459979622e-01,-1.431534813519709903e+00
-4.120331642758483515e-01,-1.435543743174933828e+00
-3.238367118609226658e-01,-1.447570532140605382e+00
-2.155956111698774935e-01,-1.443561602485381679e+00
-1.033455808236084378e-01,-1.443561602485381679e+00
8.904449522660626629e-03,-1.435543743174933828e+00
1.251634095241535849e-01,-1.443561602485381679e+00
2.454312991808704214e-01,-1.455588391451053232e+00
3.656991888375872857e-01,-1.455588391451053232e+00
4.619135005629607660e-01,-1.447570532140605382e+00
5.661456715987820409e-01,-1.431534813519709903e+00
6.503331943584838015e-01,-1.407481235588366575e+00
7.305117874629617480e-01,-1.371400868691351471e+00
7.305117874629617480e-01,-1.371400868691351471e+00
8.668153957405740906e-01,-1.203025823171947950e+00
8.788421847062458658e-01,-1.130865089377917743e+00
9.469939888450520371e-01,-9.785257624794098108e-01
