1.009910533315131032e+00,2.638419296819386695e+00
9.016694326240859425e-01,2.554231774059684934e+00
7.733836836569213391e-01,2.433963884402968070e+00
6.571247236554283999e-01,2.329731713367146906e+00
5.609104119300548641e-01,2.217481683020877892e+00
4.767228891703531035e-01,2.101222723019385175e+00
4.286157333076663911e-01,2.017035200259683414e+00
3.724907181345318286e-01,1.912803029223862028e+00
3.724907181345318286e-01,1.912803029223862028e+00
3.444282105479645750e-01,1.848660154740279671e+00
3.444282105479645750e-01,1.848660154740279671e+00
