5.250000000000000000e+02,-7.660000000000000000e+02
5.250000000000000000e+02,-7.660000000000000000e+02
5.250000000000000000e+02,-7.660000000000000000e+02
5.200000000000000000e+02,-7.560000000000000000e+02
5.100000000000000000e+02,-7.520000000000000000e+02
5.100000000000000000e+02,-7.520000000000000000e+02
5.100000000000000000e+02,-7.520000000000000000e+02
5.100000000000000000e+02,-7.520000000000000000e+02
5.100000000000000000e+02,-7.520000000000000000e+02
5.100000000000000000e+02,-7.520000000000000000e+02
5.100000000000000000e+02,-7.520000000000000000e+02
5.050000000000000000e+02,-7.700000000000000000e+02
5.020000000000000000e+02,-7.820000000000000000e+02
5.020000000000000000e+02,-7.940000000000000000e+02
4.960000000000000000e+02,-8.110000000000000000e+02
