1.075000000000000000e+03,-1.301000000000000000e+03
1.075000000000000000e+03,-1.334000000000000000e+03
1.079000000000000000e+03,-1.367000000000000000e+03
1.078000000000000000e+03,-1.414000000000000000e+03
1.067000000000000000e+03,-1.456000000000000000e+03
1.069000000000000000e+03,-1.503000000000000000e+03
1.063000000000000000e+03,-1.560000000000000000e+03
1.064000000000000000e+03,-1.610000000000000000e+03
1.061000000000000000e+03,-1.659000000000000000e+03
1.061000000000000000e+03,-1.705000000000000000e+03
1.064000000000000000e+03,-1.739000000000000000e+03
1.058000000000000000e+03,-1.774000000000000000e+03
1.054000000000000000e+03,-1.798000000000000000e+03
1.054000000000000000e+03,-1.798000000000000000e+03
1.045000000000000000e+03,-1.815000000000000000e+03
1.045000000000000000e+03,-1.815000000000000000e+03
