1.318000000000000000e+03,-1.117000000000000000e+03
1.318000000000000000e+03,-1.117000000000000000e+03
1.318000000000000000e+03,-1.117000000000000000e+03
1.318000000000000000e+03,-1.117000000000000000e+03
1.318000000000000000e+03,-1.117000000000000000e+03
1.318000000000000000e+03,-1.117000000000000000e+03
1.318000000000000000e+03,-1.117000000000000000e+03
1.318000000000000000e+03,-1.117000000000000000e+03
1.313000000000000000e+03,-1.055000000000000000e+03
1.313000000000000000e+03,-1.055000000000000000e+03
1.313000000000000000e+03,-1.055000000000000000e+03
1.313000000000000000e+03,-1.055000000000000000e+03
1.313000000000000000e+03,-1.055000000000000000e+03
1.313000000000000000e+03,-1.055000000000000000e+03
1.230000000000000000e+03,-1.022000000000000000e+03
1.230000000000000000e+03,-1.022000000000000000e+03
1.230000000000000000e+03,-1.022000000000000000e+03
1.135000000000000000e+03,-1.007000000000000000e+03
1.135000000000000000e+03,-1.007000000000000000e+03
1.060000000000000000e+03,-9.990000000000000000e+02
1.060000000000000000e+03,-9.990000000000000000e+02
9.750000000000000000e+02,-1.007000000000000000e+03
9.750000000000000000e+02,-1.007000000000000000e+03
8.790000000000000000e+02,-1.025000000000000000e+03
8.790000000000000000e+02,-1.025000000000000000e+03
7.900000000000000000e+02,-1.066000000000000000e+03
7.900000000000000000e+02,-1.066000000000000000e+03
7.060000000000000000e+02,-1.132000000000000000e+03
7.060000000000000000e+02,-1.132000000000000000e+03
6.320000000000000000e+02,-1.201000000000000000e+03
6.320000000000000000e+02,-1.201000000000000000e+03
5.920000000000000000e+02,-1.302000000000000000e+03
5.850000000000000000e+02,-1.367000000000000000e+03
5.830000000000000000e+02,-1.427000000000000000e+03
5.920000000000000000e+02,-1.494000000000000000e+03
6.080000000000000000e+02,-1.560000000000000000e+03
6.360000000000000000e+02,-1.628000000000000000e+03
6.360000000000000000e+02,-1.628000000000000000e+03
7.090000000000000000e+02,-1.733000000000000000e+03
7.090000000000000000e+02,-1.733000000000000000e+03
8.050000000000000000e+02,-1.796000000000000000e+03
8.050000000000000000e+02,-1.796000000000000000e+03
9.150000000000000000e+02,-1.796000000000000000e+03
9.750000000000000000e+02,-1.774000000000000000e+03
1.037000000000000000e+03,-1.748000000000000000e+03
1.037000000000000000e+03,-1.748000000000000000e+03
1.149000000000000000e+03,-1.656000000000000000e+03
1.149000000000000000e+03,-1.656000000000000000e+03
1.241000000000000000e+03,-1.542000000000000000e+03
1.269000000000000000e+03,-1.477000000000000000e+03
1.269000000000000000e+03,-1.477000000000000000e+03
1.312000000000000000e+03,-1.362000000000000000e+03
1.312000000000000000e+03,-1.362000000000000000e+03
1.334000000000000000e+03,-1.263000000000000000e+03
1.334000000000000000e+03,-1.263000000000000000e+03
1.336000000000000000e+03,-1.185000000000000000e+03
1.336000000000000000e+03,-1.185000000000000000e+03
1.336000000000000000e+03,-1.185000000000000000e+03
1.331000000000000000e+03,-1.115000000000000000e+03
1.331000000000000000e+03,-1.115000000000000000e+03
1.331000000000000000e+03,-1.115000000000000000e+03
1.331000000000000000e+03,-1.115000000000000000e+03
1.331000000000000000e+03,-1.115000000000000000e+03
1.331000000000000000e+03,-1.115000000000000000e+03
1.308000000000000000e+03,-1.189000000000000000e+03
1.308000000000000000e+03,-1.189000000000000000e+03
1.336000000000000000e+03,-1.325000000000000000e+03
1.363000000000000000e+03,-1.417000000000000000e+03
1.400000000000000000e+03,-1.518000000000000000e+03
1.441000000000000000e+03,-1.619000000000000000e+03
1.488000000000000000e+03,-1.708000000000000000e+03
1.539000000000000000e+03,-1.781000000000000000e+03
1.539000000000000000e+03,-1.781000000000000000e+03
1.637000000000000000e+03,-1.855000000000000000e+03
1.637000000000000000e+03,-1.855000000000000000e+03
1.714000000000000000e+03,-1.824000000000000000e+03
1.714000000000000000e+03,-1.824000000000000000e+03
1.761000000000000000e+03,-1.741000000000000000e+03
1.761000000000000000e+03,-1.741000000000000000e+03
