4.780000000000000000e+02,-1.055000000000000000e+03
4.760000000000000000e+02,-1.019000000000000000e+03
4.670000000000000000e+02,-1.005000000000000000e+03
4.690000000000000000e+02,-9.840000000000000000e+02
4.700000000000000000e+02,-9.600000000000000000e+02
4.640000000000000000e+02,-9.420000000000000000e+02
4.700000000000000000e+02,-9.150000000000000000e+02
4.630000000000000000e+02,-9.010000000000000000e+02
4.670000000000000000e+02,-8.800000000000000000e+02
4.670000000000000000e+02,-8.800000000000000000e+02
4.640000000000000000e+02,-8.530000000000000000e+02
4.640000000000000000e+02,-8.530000000000000000e+02
4.640000000000000000e+02,-8.530000000000000000e+02
4.640000000000000000e+02,-8.530000000000000000e+02
4.640000000000000000e+02,-8.530000000000000000e+02
4.790000000000000000e+02,-8.680000000000000000e+02
4.930000000000000000e+02,-8.850000000000000000e+02
5.020000000000000000e+02,-9.100000000000000000e+02
5.160000000000000000e+02,-9.420000000000000000e+02
5.290000000000000000e+02,-9.830000000000000000e+02
5.470000000000000000e+02,-1.028000000000000000e+03
5.650000000000000000e+02,-1.084000000000000000e+03
5.860000000000000000e+02,-1.142000000000000000e+03
6.080000000000000000e+02,-1.212000000000000000e+03
6.290000000000000000e+02,-1.283000000000000000e+03
6.510000000000000000e+02,-1.359000000000000000e+03
6.780000000000000000e+02,-1.433000000000000000e+03
7.010000000000000000e+02,-1.506000000000000000e+03
7.240000000000000000e+02,-1.572000000000000000e+03
7.430000000000000000e+02,-1.631000000000000000e+03
7.600000000000000000e+02,-1.679000000000000000e+03
7.730000000000000000e+02,-1.717000000000000000e+03
7.820000000000000000e+02,-1.741000000000000000e+03
7.820000000000000000e+02,-1.741000000000000000e+03
7.820000000000000000e+02,-1.741000000000000000e+03
7.820000000000000000e+02,-1.741000000000000000e+03
7.960000000000000000e+02,-1.702000000000000000e+03
7.970000000000000000e+02,-1.664000000000000000e+03
7.970000000000000000e+02,-1.617000000000000000e+03
7.970000000000000000e+02,-1.561000000000000000e+03
7.990000000000000000e+02,-1.501000000000000000e+03
7.990000000000000000e+02,-1.438000000000000000e+03
7.970000000000000000e+02,-1.373000000000000000e+03
7.970000000000000000e+02,-1.311000000000000000e+03
7.970000000000000000e+02,-1.254000000000000000e+03
7.970000000000000000e+02,-1.203000000000000000e+03
7.990000000000000000e+02,-1.159000000000000000e+03
8.020000000000000000e+02,-1.123000000000000000e+03
8.020000000000000000e+02,-1.102000000000000000e+03
8.070000000000000000e+02,-1.087000000000000000e+03
8.070000000000000000e+02,-1.087000000000000000e+03
8.200000000000000000e+02,-1.088000000000000000e+03
8.200000000000000000e+02,-1.088000000000000000e+03
8.380000000000000000e+02,-1.123000000000000000e+03
8.520000000000000000e+02,-1.153000000000000000e+03
8.650000000000000000e+02,-1.189000000000000000e+03
8.830000000000000000e+02,-1.228000000000000000e+03
9.010000000000000000e+02,-1.272000000000000000e+03
9.210000000000000000e+02,-1.317000000000000000e+03
9.440000000000000000e+02,-1.364000000000000000e+03
9.690000000000000000e+02,-1.412000000000000000e+03
9.960000000000000000e+02,-1.460000000000000000e+03
1.024000000000000000e+03,-1.509000000000000000e+03
1.055000000000000000e+03,-1.554000000000000000e+03
1.087000000000000000e+03,-1.595000000000000000e+03
1.116000000000000000e+03,-1.634000000000000000e+03
1.146000000000000000e+03,-1.667000000000000000e+03
1.168000000000000000e+03,-1.694000000000000000e+03
1.188000000000000000e+03,-1.715000000000000000e+03
1.201000000000000000e+03,-1.726000000000000000e+03
1.201000000000000000e+03,-1.726000000000000000e+03
1.221000000000000000e+03,-1.721000000000000000e+03
1.226000000000000000e+03,-1.705000000000000000e+03
1.229000000000000000e+03,-1.674000000000000000e+03
1.227000000000000000e+03,-1.634000000000000000e+03
1.229000000000000000e+03,-1.579000000000000000e+03
1.226000000000000000e+03,-1.512000000000000000e+03
1.223000000000000000e+03,-1.435000000000000000e+03
1.218000000000000000e+03,-1.346000000000000000e+03
1.215000000000000000e+03,-1.252000000000000000e+03
1.215000000000000000e+03,-1.159000000000000000e+03
1.214000000000000000e+03,-1.067000000000000000e+03
1.217000000000000000e+03,-9.830000000000000000e+02
1.220000000000000000e+03,-9.060000000000000000e+02
1.229000000000000000e+03,-8.420000000000000000e+02
1.238000000000000000e+03,-7.910000000000000000e+02
1.247000000000000000e+03,-7.550000000000000000e+02
1.263000000000000000e+03,-7.280000000000000000e+02
1.263000000000000000e+03,-7.280000000000000000e+02
1.283000000000000000e+03,-7.200000000000000000e+02
1.283000000000000000e+03,-7.200000000000000000e+02
1.302000000000000000e+03,-7.490000000000000000e+02
