7.040000000000000000e+02,-1.185000000000000000e+03
7.040000000000000000e+02,-1.185000000000000000e+03
6.900000000000000000e+02,-1.194000000000000000e+03
6.900000000000000000e+02,-1.194000000000000000e+03
6.870000000000000000e+02,-1.215000000000000000e+03
6.840000000000000000e+02,-1.234000000000000000e+03
6.930000000000000000e+02,-1.248000000000000000e+03
6.930000000000000000e+02,-1.272000000000000000e+03
7.010000000000000000e+02,-1.290000000000000000e+03
7.020000000000000000e+02,-1.320000000000000000e+03
7.070000000000000000e+02,-1.349000000000000000e+03
7.070000000000000000e+02,-1.385000000000000000e+03
7.100000000000000000e+02,-1.423000000000000000e+03
7.130000000000000000e+02,-1.468000000000000000e+03
7.180000000000000000e+02,-1.512000000000000000e+03
7.250000000000000000e+02,-1.558000000000000000e+03
7.390000000000000000e+02,-1.601000000000000000e+03
7.550000000000000000e+02,-1.638000000000000000e+03
7.780000000000000000e+02,-1.670000000000000000e+03
8.050000000000000000e+02,-1.694000000000000000e+03
8.370000000000000000e+02,-1.708000000000000000e+03
8.700000000000000000e+02,-1.709000000000000000e+03
9.080000000000000000e+02,-1.699000000000000000e+03
9.450000000000000000e+02,-1.677000000000000000e+03
9.840000000000000000e+02,-1.643000000000000000e+03
1.024000000000000000e+03,-1.596000000000000000e+03
1.061000000000000000e+03,-1.540000000000000000e+03
1.094000000000000000e+03,-1.480000000000000000e+03
1.125000000000000000e+03,-1.415000000000000000e+03
1.147000000000000000e+03,-1.355000000000000000e+03
1.164000000000000000e+03,-1.299000000000000000e+03
1.173000000000000000e+03,-1.252000000000000000e+03
1.179000000000000000e+03,-1.213000000000000000e+03
1.179000000000000000e+03,-1.188000000000000000e+03
1.174000000000000000e+03,-1.171000000000000000e+03
1.174000000000000000e+03,-1.171000000000000000e+03
1.174000000000000000e+03,-1.171000000000000000e+03
1.173000000000000000e+03,-1.156000000000000000e+03
1.173000000000000000e+03,-1.156000000000000000e+03
1.173000000000000000e+03,-1.156000000000000000e+03
1.180000000000000000e+03,-1.170000000000000000e+03
1.180000000000000000e+03,-1.170000000000000000e+03
