-1.915560917022570253e+00,3.790796718101416274e-01
-1.939614494953913582e+00,4.472314759489478542e-01
-1.939614494953913582e+00,4.472314759489478542e-01
-1.939614494953913582e+00,4.472314759489478542e-01
-1.815337675641972792e+00,3.750707421549177023e-01
-1.735159082537494957e+00,2.507939228429769685e-01
-1.578810825983762989e+00,1.305260331862601320e-01
-1.438498288050926721e+00,-6.591151991971072599e-02
-1.246069664600179872e+00,-2.663580026809054813e-01
-1.077694619080776128e+00,-4.948669930286674901e-01
-8.852659956300292787e-01,-7.073402647555339096e-01
-7.128820204554017215e-01,-9.238224661376241986e-01
-5.525248342464459395e-01,-1.096206441312251645e+00
-4.122122963136096163e-01,-1.240527908900311838e+00
-2.678908287255494236e-01,-1.324715431660013820e+00
-1.476229390688325593e-01,-1.360795798557028702e+00
-3.301471480772351450e-03,-1.324715431660013820e+00
1.450289257625117512e-01,-1.244536838555535763e+00
3.053861119714675332e-01,-1.108233230277923420e+00
4.577254388699755761e-01,-9.198135364824003846e-01
6.140736954237074885e-01,-6.832866868241905811e-01
7.904666002535588598e-01,-4.066705406137418044e-01
9.548327161177385669e-01,-1.100097461271735688e-01
1.111180972671470535e+00,1.866510483593946668e-01
1.247484580949082877e+00,4.712850538802911826e-01
1.351716751984904041e+00,7.158297628489488362e-01
1.431895345089382099e+00,9.242941049205912751e-01
1.504056078883412084e+00,1.092669150439995018e+00
1.544145375435651113e+00,1.200910251131040107e+00
1.604279320264009545e+00,1.269062055269846390e+00
1.604279320264009545e+00,1.269062055269846390e+00
1.604279320264009545e+00,1.269062055269846390e+00
1.668422194747591902e+00,1.200910251131040107e+00
1.668422194747591902e+00,1.200910251131040107e+00
