-1.085274528092753793e-01,-9.017228203071456782e-01
-8.848280453315590655e-02,-8.375799458235633210e-01
-8.848280453315590655e-02,-8.375799458235633210e-01
-2.834885970479747788e-02,-7.734370713399810748e-01
7.731507192217576367e-03,-7.533924230638615605e-01
5.583866305490431392e-02,-7.373567044429659711e-01
9.592795960714325942e-02,-7.413656340981898962e-01
1.360172561593822049e-01,-7.614102823743094106e-01
1.360172561593822049e-01,-7.614102823743094106e-01
1.841244120220689451e-01,-8.415888754787872461e-01
1.921422713325167397e-01,-8.937049609966979391e-01
1.801154823668450478e-01,-9.618567651355041104e-01
1.560619044355016916e-01,-1.017981780308638617e+00
1.079547485728149514e-01,-1.078115725136997050e+00
5.984759271012821125e-02,-1.122213951344460003e+00
3.722577536993681643e-03,-1.154285388586250960e+00
-5.240243763614084449e-02,-1.166312177551922735e+00
-1.125363824644992766e-01,-1.162303247896698810e+00
-1.245631714301709547e-01,-1.130231810654907632e+00
-1.245631714301709547e-01,-1.130231810654907632e+00
-1.285721010853948520e-01,-1.030008569274310393e+00
