6.335952041302134186e-01,1.153327590121825841e+00
6.937291489585718507e-01,1.145309730811377991e+00
6.937291489585718507e-01,1.145309730811377991e+00
6.937291489585718507e-01,1.145309730811377991e+00
6.937291489585718507e-01,1.145309730811377991e+00
6.937291489585718507e-01,1.145309730811377991e+00
6.937291489585718507e-01,1.145309730811377991e+00
7.498541641317064688e-01,1.189407957018840722e+00
7.498541641317064688e-01,1.189407957018840722e+00
8.099881089600649009e-01,1.229497253571079751e+00
8.099881089600649009e-01,1.229497253571079751e+00
9.102113503406622508e-01,1.293640128054662108e+00
9.102113503406622508e-01,1.293640128054662108e+00
9.102113503406622508e-01,1.293640128054662108e+00
9.102113503406622508e-01,1.293640128054662108e+00
9.102113503406622508e-01,1.293640128054662108e+00
