2.700000000000000000e+02,-1.321000000000000000e+03
2.800000000000000000e+02,-1.315000000000000000e+03
2.980000000000000000e+02,-1.293000000000000000e+03
3.280000000000000000e+02,-1.256000000000000000e+03
3.730000000000000000e+02,-1.199000000000000000e+03
4.220000000000000000e+02,-1.134000000000000000e+03
4.830000000000000000e+02,-1.052000000000000000e+03
5.430000000000000000e+02,-9.710000000000000000e+02
6.020000000000000000e+02,-8.870000000000000000e+02
6.570000000000000000e+02,-8.130000000000000000e+02
7.020000000000000000e+02,-7.470000000000000000e+02
7.430000000000000000e+02,-6.880000000000000000e+02
7.670000000000000000e+02,-6.480000000000000000e+02
7.850000000000000000e+02,-6.150000000000000000e+02
7.930000000000000000e+02,-6.050000000000000000e+02
7.930000000000000000e+02,-6.050000000000000000e+02
7.850000000000000000e+02,-6.150000000000000000e+02
7.710000000000000000e+02,-6.350000000000000000e+02
