1.496667071283588890e-01,1.054905295109332286e+00
1.496667071283588890e-01,1.054905295109332286e+00
1.496667071283588890e-01,1.054905295109332286e+00
1.496667071283588890e-01,1.054905295109332286e+00
1.296220588522394301e-01,1.127066028903362271e+00
1.296220588522394301e-01,1.127066028903362271e+00
1.296220588522394301e-01,1.127066028903362271e+00
1.296220588522394301e-01,1.127066028903362271e+00
1.296220588522394301e-01,1.127066028903362271e+00
1.296220588522394301e-01,1.127066028903362271e+00
1.296220588522394301e-01,1.127066028903362271e+00
1.296220588522394301e-01,1.127066028903362271e+00
6.948811402388099800e-02,1.070941013730227764e+00
5.345239540298541564e-02,1.018824928212317182e+00
9.354169195522572811e-03,9.266195461421675716e-01
-1.870833839104469112e-02,8.183784454511224826e-01
-7.483335356417922246e-02,6.740569778630621789e-01
-1.109137204611942706e-01,5.096908619988824718e-01
-1.630298059791049081e-01,3.092443792376877720e-01
-2.071280321865677509e-01,1.047889668212691333e-01
-2.512262583940306215e-01,-1.317378828369406563e-01
-2.752798363253739500e-01,-3.602468731847026651e-01
-2.913155549462695393e-01,-5.887558635324646739e-01
-2.913155549462695393e-01,-7.972202056041072238e-01
-2.873066252910456697e-01,-9.896488290548541844e-01
-2.552351880492544911e-01,-1.158023874574257706e+00
-2.151458914970155456e-01,-1.298336412507094195e+00
-1.630298059791049081e-01,-1.406577513198139284e+00
-9.888693149552259254e-02,-1.478738246992169270e+00
-4.276191632238805773e-02,-1.526845402854856149e+00
3.340774712686594289e-02,-1.530854332510080074e+00
3.340774712686594289e-02,-1.530854332510080074e+00
1.416488478179110944e-01,-1.526845402854856149e+00
2.218274409223890131e-01,-1.478738246992169270e+00
2.218274409223890131e-01,-1.478738246992169270e+00
3.260596119582102603e-01,-1.386532864922019881e+00
