-1.156704150095558159e+00,-1.197134632150368694e-01
-1.192784516992573263e+00,-5.156165907623065647e-02
-1.192784516992573263e+00,-5.156165907623065647e-02
-1.216838094923916591e+00,8.572285752127766986e-03
-1.216838094923916591e+00,8.572285752127766986e-03
-1.216838094923916591e+00,8.572285752127766986e-03
-1.216838094923916591e+00,8.572285752127766986e-03
-1.216838094923916591e+00,8.572285752127766986e-03
-1.148686290785110309e+00,-1.147236252399170750e-02
-1.136659501819438756e+00,-8.363309631802182120e-02
-1.124632712853766980e+00,-1.598027597672758149e-01
-1.120623783198543055e+00,-2.800706494239926792e-01
-1.120623783198543055e+00,-4.043474687359334130e-01
-1.148686290785110309e+00,-5.606957252896652699e-01
-1.168730939061229934e+00,-7.170439818433972379e-01
-1.216838094923916591e+00,-9.094726052941441985e-01
-1.252918461820931695e+00,-1.089874439779219495e+00
-1.305034547338842277e+00,-1.314374500471757523e+00
-1.341114914235857380e+00,-1.518829912888176148e+00
-1.397239929408991888e+00,-1.731303184615042623e+00
-1.421293507340335216e+00,-1.907696089444893994e+00
-1.453364944582126395e+00,-2.076071134964297737e+00
-1.457373874237350320e+00,-2.204356883931462008e+00
-1.465391733547798170e+00,-2.300571195656835766e+00
-1.465391733547798170e+00,-2.300571195656835766e+00
-1.465391733547798170e+00,-2.300571195656835766e+00
-1.377195281132872484e+00,-2.288544406691164212e+00
-1.325079195614961680e+00,-2.172285446689671051e+00
-1.268954180441827173e+00,-2.027963979101610636e+00
-1.196793446647797188e+00,-1.847562144616535562e+00
-1.120623783198543055e+00,-1.631079943234445162e+00
-1.016391612162721891e+00,-1.370499515644892030e+00
-9.121594411269006164e-01,-1.097892299089667123e+00
-7.918915514701837521e-01,-8.333029418448901771e-01
-6.716236618134668879e-01,-5.847493032210087094e-01
-5.433379128463022845e-01,-3.602492425284705702e-01
-4.190610935343615506e-01,-1.718295487329475069e-01
-2.867664149119729666e-01,-1.548129217921560136e-02
-1.624895956000322605e-01,1.007776678222773448e-01
-5.023956525376319093e-02,1.488848236849640849e-01
6.601939474772976213e-02,1.528937533401879822e-01
1.662426361283271259e-01,1.168133864431729341e-01
2.704748071641484009e-01,3.663479333869502919e-02
3.546623299238502169e-01,-8.764202597324570465e-02
4.388498526835519775e-01,-2.439902825269776032e-01
5.070016568223582043e-01,-4.324099763225006665e-01
5.671356016507166364e-01,-6.328564590836953663e-01
6.072248982029555542e-01,-8.373118715001141021e-01
6.473141947551944719e-01,-1.029740494950861063e+00
6.753767023417618365e-01,-1.214151259091160284e+00
6.994302802731051649e-01,-1.374508445300115955e+00
7.315017175148963435e-01,-1.490767405301608894e+00
7.715910140671352613e-01,-1.566937068750863027e+00
8.317249588954936934e-01,-1.607026365303101834e+00
8.998767630342998647e-01,-1.599008505992653983e+00
9.960910747596734005e-01,-1.550901350129967327e+00
1.076269667864151236e+00,-1.478740616335937341e+00
1.172483979589524772e+00,-1.374508445300115955e+00
1.308787587867137114e+00,-1.194106610815040659e+00
1.400992969937286725e+00,-1.025731565295637138e+00
1.493198352007436336e+00,-8.012315046030989985e-01
