6.740000000000000000e+02,-1.916000000000000000e+03
6.740000000000000000e+02,-1.916000000000000000e+03
6.740000000000000000e+02,-1.916000000000000000e+03
6.740000000000000000e+02,-1.916000000000000000e+03
6.740000000000000000e+02,-1.916000000000000000e+03
7.660000000000000000e+02,-1.941000000000000000e+03
7.660000000000000000e+02,-1.941000000000000000e+03
8.460000000000000000e+02,-1.932000000000000000e+03
8.460000000000000000e+02,-1.932000000000000000e+03
9.090000000000000000e+02,-1.927000000000000000e+03
9.090000000000000000e+02,-1.927000000000000000e+03
9.090000000000000000e+02,-1.927000000000000000e+03
9.710000000000000000e+02,-1.942000000000000000e+03
9.710000000000000000e+02,-1.942000000000000000e+03
