4.296427181927094385e-01,1.515948113911092632e+00
4.857677333658440011e-01,1.491894535979749303e+00
4.857677333658440011e-01,1.491894535979749303e+00
4.857677333658440011e-01,1.491894535979749303e+00
4.857677333658440011e-01,1.491894535979749303e+00
4.857677333658440011e-01,1.491894535979749303e+00
4.857677333658440011e-01,1.491894535979749303e+00
4.857677333658440011e-01,1.491894535979749303e+00
4.857677333658440011e-01,1.491894535979749303e+00
4.496873664688288974e-01,1.411715942875271468e+00
4.496873664688288974e-01,1.411715942875271468e+00
4.496873664688288974e-01,1.411715942875271468e+00
3.815355623300227261e-01,1.319510560805121857e+00
3.374373361225598833e-01,1.247349827011091650e+00
2.973480395703209100e-01,1.163162304251389889e+00
2.251873057762908137e-01,1.038885484939449100e+00
1.530265719822606896e-01,8.905550876961650930e-01
6.082118991211112047e-02,7.181711125215376468e-01
-4.341098112371014756e-02,5.177246297603428360e-01
-1.636788707804270049e-01,2.811977801021330881e-01
-2.719199714714721772e-01,4.066200078869937340e-02
-3.841700018177411913e-01,-2.199184268008538001e-01
-4.843932431983385967e-01,-4.925256433560786240e-01
-5.685807659580404128e-01,-7.651328599113035311e-01
-6.287147107863988449e-01,-1.041749006121752252e+00
-6.688040073386377626e-01,-1.314356222676977159e+00
-6.888486556147572770e-01,-1.578945579921754216e+00
-6.647950776834138376e-01,-1.843534937166531273e+00
-6.327236404416226589e-01,-2.088079646135188927e+00
-5.565539769923687485e-01,-2.284517199241159702e+00
-4.884021728535624662e-01,-2.480954752347130476e+00
-4.042146500938607057e-01,-2.613249430969518894e+00
-2.759289011266960467e-01,-2.685410164763549101e+00
-1.676878004356509022e-01,-2.749553039247131458e+00
-2.737526250281457213e-02,-2.745544109591907755e+00
