8.110000000000000000e+02,-1.528000000000000000e+03
8.110000000000000000e+02,-1.528000000000000000e+03
8.110000000000000000e+02,-1.528000000000000000e+03
8.250000000000000000e+02,-1.521000000000000000e+03
8.250000000000000000e+02,-1.521000000000000000e+03
8.560000000000000000e+02,-1.528000000000000000e+03
8.770000000000000000e+02,-1.536000000000000000e+03
9.110000000000000000e+02,-1.536000000000000000e+03
9.410000000000000000e+02,-1.542000000000000000e+03
9.780000000000000000e+02,-1.546000000000000000e+03
1.016000000000000000e+03,-1.549000000000000000e+03
1.049000000000000000e+03,-1.560000000000000000e+03
1.081000000000000000e+03,-1.570000000000000000e+03
1.111000000000000000e+03,-1.572000000000000000e+03
1.125000000000000000e+03,-1.581000000000000000e+03
1.138000000000000000e+03,-1.581000000000000000e+03
