-1.090856485384122943e+00,-6.086089740583899843e-01
-1.090856485384122943e+00,-6.086089740583899843e-01
-1.054776118487107839e+00,-5.484750292300315522e-01
-1.054776118487107839e+00,-5.484750292300315522e-01
-1.002660032969197257e+00,-4.883410844016731756e-01
-9.184725102094953852e-01,-4.282071395733147434e-01
-8.583385653811369531e-01,-4.241982099180908183e-01
-7.180260274483006855e-01,-3.881178430210757702e-01
-5.977581377915838212e-01,-4.041535616419713595e-01
-4.093384439960607857e-01,-4.001446319867474899e-01
-2.169098205453138251e-01,-4.282071395733147434e-01
1.560809945767208627e-02,-4.402339285389864076e-01
2.320903008397624256e-01,-4.602785768151058665e-01
4.565903615323005371e-01,-4.522607175046581274e-01
6.530279146382713673e-01,-4.362249988837625381e-01
8.294208194681227386e-01,-3.881178430210757702e-01
9.737422870561829313e-01,-3.079392499165978792e-01
1.081983387747228242e+00,-2.037070788807766042e-01
1.162161980851706078e+00,-7.943025956883587035e-02
1.218286996024840585e+00,7.691799698489602821e-02
1.266394151887527242e+00,2.493019721595235161e-01
1.294456659474094495e+00,4.297038066445987847e-01
1.314501307750214121e+00,6.101056411296740256e-01
1.318510237405437824e+00,7.905074756147493220e-01
1.318510237405437824e+00,9.588825211341529542e-01
1.306483448439766271e+00,1.107212918377437072e+00
1.282429870508422942e+00,1.227480808034153936e+00
1.254367362921855689e+00,1.323695119759527250e+00
1.218286996024840585e+00,1.387837994243109607e+00
1.218286996024840585e+00,1.387837994243109607e+00
1.150135191886034303e+00,1.451980868726691964e+00
1.150135191886034303e+00,1.451980868726691964e+00
1.150135191886034303e+00,1.451980868726691964e+00
1.102028036023347646e+00,1.351757627346094504e+00
1.106036965678571571e+00,1.239507596999825489e+00
1.126081613954690974e+00,1.063114692169974118e+00
1.142117332575586452e+00,7.985253349251970612e-01
1.166170910506930003e+00,4.938466811281810864e-01
1.186215558783049406e+00,1.330430121580305491e-01
1.206260207059168810e+00,-2.478053050882394470e-01
1.222295925680064510e+00,-6.406804113001811629e-01
1.242340573956183913e+00,-1.009501939580779384e+00
1.270403081542751167e+00,-1.322198452688243320e+00
1.266394151887527242e+00,-1.606832458209139780e+00
1.318510237405437824e+00,-1.783225363038991151e+00
1.410715619475587435e+00,-1.891466463730036462e+00
1.530983509132304299e+00,-1.931555760282275269e+00
1.675304976720364492e+00,-1.915520041661379791e+00
