-1.098743683283594404e-02,-3.014121185223874594e-02
-1.098743683283594404e-02,-3.014121185223874594e-02
-8.314817062686605253e-02,-4.216800081791043098e-02
-1.232374671791049980e-01,-5.419478978358211602e-02
-1.713446230417917382e-01,-7.824836771492547915e-02
-2.114339195940306837e-01,-1.143287346119405412e-01
-2.394964271805979650e-01,-1.544180311641794867e-01
-2.715678644223891158e-01,-2.145519759925379188e-01
-2.916125126985085747e-01,-2.706769911656724537e-01
-3.236839499402997533e-01,-3.468466546149264196e-01
-3.397196685611953426e-01,-4.149984587537326464e-01
-3.677821761477625961e-01,-5.031949111686583320e-01
-3.838178947686581854e-01,-5.633288559970167642e-01
-3.958446837343298497e-01,-6.354895897910468605e-01
-4.118804023552254390e-01,-6.916146049641813676e-01
-4.239071913208971032e-01,-7.397217608268681355e-01
-3.878268244238820550e-01,-7.397217608268681355e-01
-3.878268244238820550e-01,-7.397217608268681355e-01
-3.076482313194041640e-01,-6.956235346194052926e-01
