7.930000000000000000e+02,-1.032000000000000000e+03
8.000000000000000000e+02,-1.007000000000000000e+03
8.000000000000000000e+02,-1.007000000000000000e+03
7.970000000000000000e+02,-9.930000000000000000e+02
7.970000000000000000e+02,-9.930000000000000000e+02
7.970000000000000000e+02,-9.930000000000000000e+02
8.000000000000000000e+02,-9.720000000000000000e+02
8.000000000000000000e+02,-9.720000000000000000e+02
8.000000000000000000e+02,-9.720000000000000000e+02
7.880000000000000000e+02,-1.004000000000000000e+03
7.900000000000000000e+02,-1.032000000000000000e+03
7.850000000000000000e+02,-1.082000000000000000e+03
7.850000000000000000e+02,-1.144000000000000000e+03
7.850000000000000000e+02,-1.224000000000000000e+03
7.910000000000000000e+02,-1.316000000000000000e+03
8.050000000000000000e+02,-1.415000000000000000e+03
8.250000000000000000e+02,-1.516000000000000000e+03
8.530000000000000000e+02,-1.610000000000000000e+03
8.940000000000000000e+02,-1.689000000000000000e+03
9.420000000000000000e+02,-1.750000000000000000e+03
9.990000000000000000e+02,-1.786000000000000000e+03
1.063000000000000000e+03,-1.800000000000000000e+03
1.131000000000000000e+03,-1.786000000000000000e+03
1.198000000000000000e+03,-1.750000000000000000e+03
1.262000000000000000e+03,-1.697000000000000000e+03
1.319000000000000000e+03,-1.631000000000000000e+03
1.364000000000000000e+03,-1.552000000000000000e+03
1.400000000000000000e+03,-1.465000000000000000e+03
1.428000000000000000e+03,-1.373000000000000000e+03
1.446000000000000000e+03,-1.277000000000000000e+03
1.456000000000000000e+03,-1.183000000000000000e+03
1.461000000000000000e+03,-1.096000000000000000e+03
1.462000000000000000e+03,-1.016000000000000000e+03
1.462000000000000000e+03,-9.460000000000000000e+02
1.462000000000000000e+03,-8.910000000000000000e+02
1.461000000000000000e+03,-8.580000000000000000e+02
1.459000000000000000e+03,-8.440000000000000000e+02
1.453000000000000000e+03,-8.620000000000000000e+02
1.447000000000000000e+03,-9.120000000000000000e+02
1.440000000000000000e+03,-9.900000000000000000e+02
1.435000000000000000e+03,-1.088000000000000000e+03
1.434000000000000000e+03,-1.203000000000000000e+03
1.438000000000000000e+03,-1.320000000000000000e+03
1.450000000000000000e+03,-1.435000000000000000e+03
1.470000000000000000e+03,-1.539000000000000000e+03
1.498000000000000000e+03,-1.622000000000000000e+03
1.532000000000000000e+03,-1.679000000000000000e+03
1.577000000000000000e+03,-1.699000000000000000e+03
1.621000000000000000e+03,-1.703000000000000000e+03
1.655000000000000000e+03,-1.683000000000000000e+03
1.688000000000000000e+03,-1.653000000000000000e+03
1.706000000000000000e+03,-1.622000000000000000e+03
