2.120000000000000000e+02,-4.810000000000000000e+02
2.120000000000000000e+02,-4.810000000000000000e+02
2.210000000000000000e+02,-4.640000000000000000e+02
2.210000000000000000e+02,-4.640000000000000000e+02
2.210000000000000000e+02,-4.640000000000000000e+02
2.210000000000000000e+02,-4.640000000000000000e+02
2.210000000000000000e+02,-4.640000000000000000e+02
2.290000000000000000e+02,-4.740000000000000000e+02
2.280000000000000000e+02,-4.910000000000000000e+02
2.320000000000000000e+02,-5.050000000000000000e+02
2.330000000000000000e+02,-5.240000000000000000e+02
2.380000000000000000e+02,-5.400000000000000000e+02
2.410000000000000000e+02,-5.580000000000000000e+02
2.460000000000000000e+02,-5.750000000000000000e+02
2.510000000000000000e+02,-5.880000000000000000e+02
2.550000000000000000e+02,-6.000000000000000000e+02
2.650000000000000000e+02,-6.040000000000000000e+02
2.650000000000000000e+02,-6.040000000000000000e+02
2.740000000000000000e+02,-6.100000000000000000e+02
2.740000000000000000e+02,-6.100000000000000000e+02
2.830000000000000000e+02,-5.970000000000000000e+02
2.870000000000000000e+02,-5.870000000000000000e+02
