2.361927721869409857e-01,4.677084597761213547e-01
2.963267170152993901e-01,4.436548818447780262e-01
2.963267170152993901e-01,4.436548818447780262e-01
2.722731390839560617e-01,3.714941480507478744e-01
2.321838425317170884e-01,2.913155549462699834e-01
1.600231087376869921e-01,1.951012432208965308e-01
7.583558597798518985e-02,6.280656459850798845e-02
-4.443230367873165360e-02,-9.354169195522391012e-02
-1.606912636802245997e-01,-2.699345967850753092e-01
-3.290663091996282041e-01,-4.864167981671655983e-01
-4.373074098906733487e-01,-6.307382657552258465e-01
-5.976645960996291862e-01,-7.951043816194055536e-01
