8.320000000000000000e+02,-1.622000000000000000e+03
8.320000000000000000e+02,-1.622000000000000000e+03
8.320000000000000000e+02,-1.622000000000000000e+03
8.320000000000000000e+02,-1.622000000000000000e+03
8.320000000000000000e+02,-1.622000000000000000e+03
9.030000000000000000e+02,-1.579000000000000000e+03
9.030000000000000000e+02,-1.579000000000000000e+03
9.690000000000000000e+02,-1.563000000000000000e+03
9.690000000000000000e+02,-1.563000000000000000e+03
9.690000000000000000e+02,-1.563000000000000000e+03
1.042000000000000000e+03,-1.542000000000000000e+03
1.042000000000000000e+03,-1.542000000000000000e+03
