6.520000000000000000e+02,-4.370000000000000000e+02
6.520000000000000000e+02,-4.370000000000000000e+02
6.480000000000000000e+02,-4.490000000000000000e+02
6.370000000000000000e+02,-4.680000000000000000e+02
6.240000000000000000e+02,-4.900000000000000000e+02
6.150000000000000000e+02,-5.130000000000000000e+02
6.040000000000000000e+02,-5.490000000000000000e+02
6.040000000000000000e+02,-5.740000000000000000e+02
6.020000000000000000e+02,-6.020000000000000000e+02
6.110000000000000000e+02,-6.240000000000000000e+02
