6.420000000000000000e+02,-1.133000000000000000e+03
6.420000000000000000e+02,-1.133000000000000000e+03
6.420000000000000000e+02,-1.133000000000000000e+03
6.420000000000000000e+02,-1.120000000000000000e+03
6.420000000000000000e+02,-1.120000000000000000e+03
6.420000000000000000e+02,-1.120000000000000000e+03
6.420000000000000000e+02,-1.120000000000000000e+03
6.420000000000000000e+02,-1.120000000000000000e+03
6.420000000000000000e+02,-1.120000000000000000e+03
6.420000000000000000e+02,-1.120000000000000000e+03
6.420000000000000000e+02,-1.120000000000000000e+03
6.590000000000000000e+02,-1.118000000000000000e+03
6.590000000000000000e+02,-1.118000000000000000e+03
6.800000000000000000e+02,-1.133000000000000000e+03
6.950000000000000000e+02,-1.144000000000000000e+03
7.120000000000000000e+02,-1.163000000000000000e+03
7.270000000000000000e+02,-1.185000000000000000e+03
7.420000000000000000e+02,-1.218000000000000000e+03
7.580000000000000000e+02,-1.252000000000000000e+03
7.690000000000000000e+02,-1.296000000000000000e+03
7.840000000000000000e+02,-1.340000000000000000e+03
7.940000000000000000e+02,-1.390000000000000000e+03
8.100000000000000000e+02,-1.438000000000000000e+03
8.200000000000000000e+02,-1.488000000000000000e+03
8.350000000000000000e+02,-1.536000000000000000e+03
8.490000000000000000e+02,-1.578000000000000000e+03
8.620000000000000000e+02,-1.614000000000000000e+03
8.760000000000000000e+02,-1.644000000000000000e+03
8.860000000000000000e+02,-1.668000000000000000e+03
8.970000000000000000e+02,-1.688000000000000000e+03
8.970000000000000000e+02,-1.688000000000000000e+03
9.110000000000000000e+02,-1.709000000000000000e+03
9.110000000000000000e+02,-1.709000000000000000e+03
9.110000000000000000e+02,-1.709000000000000000e+03
9.110000000000000000e+02,-1.709000000000000000e+03
9.110000000000000000e+02,-1.709000000000000000e+03
9.110000000000000000e+02,-1.709000000000000000e+03
9.230000000000000000e+02,-1.689000000000000000e+03
9.300000000000000000e+02,-1.674000000000000000e+03
9.390000000000000000e+02,-1.655000000000000000e+03
9.540000000000000000e+02,-1.629000000000000000e+03
9.710000000000000000e+02,-1.598000000000000000e+03
9.920000000000000000e+02,-1.563000000000000000e+03
1.012000000000000000e+03,-1.524000000000000000e+03
1.037000000000000000e+03,-1.475000000000000000e+03
1.063000000000000000e+03,-1.421000000000000000e+03
1.090000000000000000e+03,-1.365000000000000000e+03
1.119000000000000000e+03,-1.304000000000000000e+03
1.143000000000000000e+03,-1.251000000000000000e+03
1.162000000000000000e+03,-1.203000000000000000e+03
1.186000000000000000e+03,-1.148000000000000000e+03
1.197000000000000000e+03,-1.112000000000000000e+03
1.211000000000000000e+03,-1.073000000000000000e+03
