7.950682651360256870e-01,1.830563960135343615e+00
8.552022099643841191e-01,2.006956864965194764e+00
9.033093658270707760e-01,2.183349769795046136e+00
9.033093658270707760e-01,2.339698026348778104e+00
8.511932803091601940e-01,2.447939127039823415e+00
8.191218430673690154e-01,2.588251664972659682e+00
7.068718127211000013e-01,2.624332031869674786e+00
5.825949934091592120e-01,2.648385609801018337e+00
3.901663699584122513e-01,2.540144509109973026e+00
1.776930982315458318e-01,2.363751604280121654e+00
-9.090518866845512247e-02,2.067090809793553419e+00
-3.514856162580082821e-01,1.674215703581611647e+00
-6.000392548818898053e-01,1.181117355989072637e+00
-8.004857376430845051e-01,6.278850635681750836e-01
-9.448072052311446978e-01,5.059919321593422253e-02
-9.568339941968164730e-01,-5.306956067915304942e-01
-8.485928935057712730e-01,-9.997403764527262870e-01
-6.721999886759199017e-01,-1.376579764043772469e+00
-3.835570534997994607e-01,-1.593061965425862647e+00
-9.090518866845512247e-02,-1.685267347496012258e+00
2.418359727151281613e-01,-1.629142332322877751e+00
5.184521189255768547e-01,-1.496847653700489111e+00
7.790325465151300977e-01,-1.268338663352727158e+00
8.752468582405035225e-01,-9.997403764527262870e-01
8.792557878957274475e-01,-7.592045971392925585e-01
7.910593354808017619e-01,-5.908295516198889263e-01
5.946217823748308762e-01,-4.946152398945155015e-01
3.300324251300538192e-01,-4.986241695497393711e-01
2.936270098826172098e-02,-5.988474109303367765e-01
-2.753159528087543162e-01,-7.912760343810837371e-01
-5.519320990192030374e-01,-1.051856461970636980e+00
-7.764321597117411766e-01,-1.364552975078100694e+00
-9.448072052311446978e-01,-1.721347714393027362e+00
-1.024985798335622533e+00,-2.022017438534819522e+00
-9.969232907490553908e-01,-2.326696092331835608e+00
-9.207536272998013693e-01,-2.591285449576612443e+00
-7.924678783326367659e-01,-2.783714073027359515e+00
