7.320000000000000000e+02,-4.860000000000000000e+02
7.190000000000000000e+02,-4.920000000000000000e+02
7.190000000000000000e+02,-4.920000000000000000e+02
7.070000000000000000e+02,-4.930000000000000000e+02
6.980000000000000000e+02,-4.960000000000000000e+02
6.980000000000000000e+02,-4.960000000000000000e+02
6.980000000000000000e+02,-4.960000000000000000e+02
6.980000000000000000e+02,-4.960000000000000000e+02
6.980000000000000000e+02,-4.960000000000000000e+02
6.980000000000000000e+02,-4.960000000000000000e+02
6.980000000000000000e+02,-4.960000000000000000e+02
6.980000000000000000e+02,-4.960000000000000000e+02
7.110000000000000000e+02,-4.970000000000000000e+02
7.110000000000000000e+02,-4.970000000000000000e+02
7.240000000000000000e+02,-4.980000000000000000e+02
7.330000000000000000e+02,-4.970000000000000000e+02
7.330000000000000000e+02,-4.970000000000000000e+02
