-5.143599923711372757e-01,5.412055034552257921e-02
-5.464314296129284543e-01,9.821877655298542897e-02
-5.464314296129284543e-01,9.821877655298542897e-02
-5.865207261651673720e-01,1.062366358634332097e-01
-5.865207261651673720e-01,1.062366358634332097e-01
-5.865207261651673720e-01,1.062366358634332097e-01
-5.865207261651673720e-01,1.062366358634332097e-01
-5.865207261651673720e-01,1.062366358634332097e-01
-5.865207261651673720e-01,1.062366358634332097e-01
-6.105743040965108115e-01,7.015626896641816157e-02
-6.105743040965108115e-01,7.015626896641816157e-02
-6.105743040965108115e-01,7.015626896641816157e-02
-6.105743040965108115e-01,7.015626896641816157e-02
-6.105743040965108115e-01,2.204911310373142141e-02
-6.105743040965108115e-01,2.204911310373142141e-02
-6.105743040965108115e-01,2.204911310373142141e-02
-6.105743040965108115e-01,2.204911310373142141e-02
-6.105743040965108115e-01,2.204911310373142141e-02
-5.704850075442717827e-01,5.011162069029868882e-02
-5.704850075442717827e-01,5.011162069029868882e-02
-5.704850075442717827e-01,5.011162069029868882e-02
-5.223778516815851258e-01,5.812948000074647653e-02
-5.223778516815851258e-01,5.812948000074647653e-02
-4.662528365084505633e-01,3.407590206940310645e-02
-4.301724696114355151e-01,4.209376137985089417e-02
-3.900831730591965418e-01,1.403125379328363197e-02
-3.339581578860620348e-01,2.004464827611947362e-03
-2.738242130577036026e-01,-1.403125379328363197e-02
-2.056724089188973759e-01,-1.804018344850752756e-02
-1.214848861591956014e-01,-2.605804275895531527e-02
-3.729736339949379920e-02,-3.407590206940310645e-02
5.089908901543188646e-02,-3.407590206940310645e-02
1.471134007408053668e-01,-5.412055034552257921e-02
2.313009235005071551e-01,-6.213840965597037386e-02
3.154884462602089434e-01,-6.614733931119426424e-02
3.956670393646868344e-01,-7.416519862164205890e-02
4.758456324691647255e-01,-8.619198758731373700e-02
5.359795772975232131e-01,-7.416519862164205890e-02
5.921045924706577201e-01,-7.416519862164205890e-02
6.442206779885683021e-01,-6.213840965597037386e-02
6.883189041960311449e-01,-6.213840965597037386e-02
7.243992710930462486e-01,-5.412055034552257921e-02
7.243992710930462486e-01,-5.412055034552257921e-02
7.684974973005090915e-01,-4.209376137985089417e-02
7.684974973005090915e-01,-4.209376137985089417e-02
7.684974973005090915e-01,-4.209376137985089417e-02
7.684974973005090915e-01,-4.209376137985089417e-02
7.684974973005090915e-01,-4.209376137985089417e-02
7.684974973005090915e-01,-4.209376137985089417e-02
7.684974973005090915e-01,-4.209376137985089417e-02
7.885421455766286059e-01,-8.218305793208983967e-02
7.885421455766286059e-01,-8.218305793208983967e-02
7.885421455766286059e-01,-8.218305793208983967e-02
7.885421455766286059e-01,-8.218305793208983967e-02
7.885421455766286059e-01,-8.218305793208983967e-02
7.885421455766286059e-01,-8.218305793208983967e-02
