3.403370280987445540e-01,1.677473315339146120e+00
3.403370280987445540e-01,1.677473315339146120e+00
4.124977618927746503e-01,1.781705486374967284e+00
4.565959881002374932e-01,1.841839431203325717e+00
5.167299329285959253e-01,1.954089461549594731e+00
5.768638777569543574e-01,2.074357351206311595e+00
6.289799632748649394e-01,2.202643100173476309e+00
6.851049784479995575e-01,2.330928849140641024e+00
6.891139081032233715e-01,2.427143160866014338e+00
7.492478529315818037e-01,2.579482487764522158e+00
7.332121343106862144e-01,2.643625362248104516e+00
