1.298893208292541956e+00,1.851624384506536547e+00
1.322946786223885285e+00,1.959865485197581636e+00
1.322946786223885285e+00,1.959865485197581636e+00
1.274839630361198628e+00,2.064097656233403022e+00
1.218714615188064121e+00,2.064097656233403022e+00
1.146553881394033914e+00,2.015990500370716365e+00
1.086419936565675481e+00,1.955856555542357711e+00
9.982234841507497958e-01,1.847615454851312622e+00
9.100270317358241101e-01,1.715320776228923982e+00
8.218305793208984245e-01,1.579017167951311640e+00
7.897591420791072458e-01,1.454740348639370850e+00
7.416519862164205890e-01,1.298392092085638883e+00
7.496698455268683281e-01,1.194159921049817719e+00
