-6.680521494692330808e-01,6.681549425373156659e-01
-6.840878680901286701e-01,7.403156763313457622e-01
-6.480075011931136775e-01,8.605835659880626265e-01
-6.079182046408747597e-01,9.688246666791078265e-01
-5.317485411916207383e-01,1.081074697025376841e+00
-4.034627922244560794e-01,1.209360445992541555e+00
-2.631502542916197562e-01,1.313592617028362719e+00
-7.473056049609667906e-02,1.425842647374631733e+00
1.056712739889785896e-01,1.498003381168661940e+00
3.061177567501733310e-01,1.562146255652244298e+00
4.865195912352486274e-01,1.570164114962691926e+00
6.589035664098761291e-01,1.562146255652244298e+00
7.871893153770407325e-01,1.502012310823885866e+00
8.834036271024141573e-01,1.417824788064184105e+00
9.315107829651009252e-01,1.301565828062691166e+00
9.355197126203248503e-01,1.161253290129854676e+00
8.914214864128620075e-01,1.008913963231346633e+00
8.032250339979363218e-01,8.485567770223909623e-01
6.789482146859955325e-01,6.881995908134351803e-01
5.306178174427114147e-01,5.318513342597032123e-01
3.622427719233078380e-01,3.875298666716430196e-01
1.898587967486803918e-01,2.592441177044783607e-01
2.549268088450068817e-02,1.550119466686571135e-01
-1.268466460140073304e-01,6.681549425373142781e-02
-2.551323949811719616e-01,-1.336309885074783580e-03
-3.433288473960976472e-01,-4.944346574776152525e-02
-3.914360032587843596e-01,-8.151490298955267610e-02
-3.914360032587843596e-01,-8.151490298955267610e-02
-3.272931287752020579e-01,-8.552383264477657343e-02
-2.150430984289330161e-01,-6.547918436865710068e-02
-4.666805290952941859e-02,-4.543453609253762793e-02
1.497695001964414185e-01,-2.939881747164204903e-02
3.702606312337556327e-01,-2.538988781641815171e-02
5.947606919262937719e-01,-3.340774712686594289e-02
8.032250339979363218e-01,-5.746132505820931297e-02
9.836268684830116182e-01,-1.095774105761199435e-01
1.107903687794952408e+00,-1.937649333358217318e-01
1.184073351244206318e+00,-2.899792450611952122e-01
1.192091210554654168e+00,-4.102471347179120764e-01
1.156010843657639064e+00,-5.345239540298527547e-01
1.067814391242713379e+00,-6.668186326522413943e-01
9.475465015859965145e-01,-7.910954519641820726e-01
7.791714560665928824e-01,-9.153722712761228619e-01
5.987696215815176970e-01,-1.023613371967168062e+00
4.023320684755468113e-01,-1.123836613347765301e+00
2.058945153695759533e-01,-1.191988417486571583e+00
2.549268088450068817e-02,-1.252122362314930015e+00
-1.348645053244550973e-01,-1.288202729211945119e+00
-2.671591839468436258e-01,-1.308247377488064522e+00
-3.633734956722171061e-01,-1.316265236798512372e+00
-4.114806515349038740e-01,-1.304238447832840597e+00
-4.114806515349038740e-01,-1.304238447832840597e+00
-4.074717218796799489e-01,-1.264149151280601791e+00
-3.553556363617693115e-01,-1.252122362314930015e+00
-2.952216915334108793e-01,-1.244104503004482165e+00
-2.150430984289330161e-01,-1.232077714038810612e+00
-1.188287867035595219e-01,-1.232077714038810612e+00
