6.990000000000000000e+02,-1.112000000000000000e+03
6.990000000000000000e+02,-1.112000000000000000e+03
7.020000000000000000e+02,-1.132000000000000000e+03
7.020000000000000000e+02,-1.132000000000000000e+03
7.310000000000000000e+02,-1.160000000000000000e+03
7.480000000000000000e+02,-1.182000000000000000e+03
7.720000000000000000e+02,-1.204000000000000000e+03
7.930000000000000000e+02,-1.234000000000000000e+03
8.220000000000000000e+02,-1.260000000000000000e+03
8.490000000000000000e+02,-1.290000000000000000e+03
8.770000000000000000e+02,-1.314000000000000000e+03
9.030000000000000000e+02,-1.343000000000000000e+03
9.300000000000000000e+02,-1.364000000000000000e+03
9.510000000000000000e+02,-1.390000000000000000e+03
9.710000000000000000e+02,-1.406000000000000000e+03
9.860000000000000000e+02,-1.421000000000000000e+03
9.980000000000000000e+02,-1.435000000000000000e+03
9.980000000000000000e+02,-1.435000000000000000e+03
1.013000000000000000e+03,-1.453000000000000000e+03
1.013000000000000000e+03,-1.453000000000000000e+03
1.013000000000000000e+03,-1.453000000000000000e+03
1.013000000000000000e+03,-1.453000000000000000e+03
1.028000000000000000e+03,-1.457000000000000000e+03
1.028000000000000000e+03,-1.457000000000000000e+03
1.046000000000000000e+03,-1.442000000000000000e+03
