6.930000000000000000e+02,-1.186000000000000000e+03
6.930000000000000000e+02,-1.186000000000000000e+03
6.930000000000000000e+02,-1.186000000000000000e+03
6.780000000000000000e+02,-1.189000000000000000e+03
6.780000000000000000e+02,-1.189000000000000000e+03
6.780000000000000000e+02,-1.189000000000000000e+03
6.980000000000000000e+02,-1.203000000000000000e+03
7.160000000000000000e+02,-1.204000000000000000e+03
7.360000000000000000e+02,-1.210000000000000000e+03
7.670000000000000000e+02,-1.213000000000000000e+03
8.000000000000000000e+02,-1.216000000000000000e+03
8.430000000000000000e+02,-1.210000000000000000e+03
8.860000000000000000e+02,-1.207000000000000000e+03
9.320000000000000000e+02,-1.206000000000000000e+03
9.800000000000000000e+02,-1.198000000000000000e+03
1.030000000000000000e+03,-1.195000000000000000e+03
1.063000000000000000e+03,-1.198000000000000000e+03
1.103000000000000000e+03,-1.189000000000000000e+03
1.122000000000000000e+03,-1.195000000000000000e+03
