7.611239302560786346e-02,4.548989750206198224e-01
-4.816442628633287037e-02,3.185953667430073688e-01
-1.363608787012585699e-01,1.542292508788276895e-01
-2.526198387027515091e-01,-6.225295050326264124e-02
-3.568520097385727841e-01,-3.027887298166963559e-01
-4.290127435326028804e-01,-5.353066498196822343e-01
-5.011734773266329768e-01,-7.758424291331159628e-01
-5.532895628445436698e-01,-9.883157008599823268e-01
-6.013967187072303267e-01,-1.180744324310729398e+00
-6.454949449146931695e-01,-1.345110440174908994e+00
-6.815753118117082732e-01,-1.449342611210730380e+00
-7.216646083639471909e-01,-1.513485485694312516e+00
-7.777896235370816980e-01,-1.521503345004760366e+00
-8.299057090549923910e-01,-1.501458696728640962e+00
-8.940485835385747482e-01,-1.473396189142073709e+00
-9.421557394012614051e-01,-1.405244385003267427e+00
-1.010307543540067687e+00,-1.357137229140580770e+00
-1.018325402850515538e+00,-1.280967565691326637e+00
-1.018325402850515538e+00,-1.280967565691326637e+00
-9.782361062982765088e-01,-1.196780042931624877e+00
-9.020664428490224873e-01,-1.180744324310729398e+00
-7.657628345714100337e-01,-1.156690746379385848e+00
-6.134235076729021019e-01,-1.136646098103266445e+00
-4.370306028430506751e-01,-1.120610379482370966e+00
-2.486109090475276118e-01,-1.100565731206251341e+00
-6.820907456245234313e-02,-1.084530012585355863e+00
1.162016895778468228e-01,-1.056467504998788609e+00
2.525052978554592209e-01,-1.048449645688340759e+00
3.647553282017282905e-01,-1.012369278791325655e+00
4.609696399271017708e-01,-9.843067712047585127e-01
5.211035847554602585e-01,-9.522353339629673341e-01
5.571839516524752511e-01,-8.880924594793849769e-01
