4.070000000000000000e+02,-5.750000000000000000e+02
3.960000000000000000e+02,-5.790000000000000000e+02
3.960000000000000000e+02,-5.790000000000000000e+02
3.830000000000000000e+02,-5.830000000000000000e+02
3.730000000000000000e+02,-5.880000000000000000e+02
3.630000000000000000e+02,-5.960000000000000000e+02
3.490000000000000000e+02,-6.080000000000000000e+02
3.400000000000000000e+02,-6.200000000000000000e+02
3.300000000000000000e+02,-6.390000000000000000e+02
3.240000000000000000e+02,-6.570000000000000000e+02
3.150000000000000000e+02,-6.820000000000000000e+02
3.120000000000000000e+02,-7.050000000000000000e+02
3.080000000000000000e+02,-7.320000000000000000e+02
3.090000000000000000e+02,-7.580000000000000000e+02
3.120000000000000000e+02,-7.860000000000000000e+02
3.180000000000000000e+02,-8.140000000000000000e+02
3.260000000000000000e+02,-8.390000000000000000e+02
3.360000000000000000e+02,-8.640000000000000000e+02
3.480000000000000000e+02,-8.880000000000000000e+02
3.610000000000000000e+02,-9.100000000000000000e+02
3.760000000000000000e+02,-9.300000000000000000e+02
3.920000000000000000e+02,-9.480000000000000000e+02
4.050000000000000000e+02,-9.660000000000000000e+02
4.190000000000000000e+02,-9.850000000000000000e+02
4.310000000000000000e+02,-1.005000000000000000e+03
4.420000000000000000e+02,-1.024000000000000000e+03
4.500000000000000000e+02,-1.044000000000000000e+03
4.560000000000000000e+02,-1.064000000000000000e+03
4.580000000000000000e+02,-1.087000000000000000e+03
4.550000000000000000e+02,-1.109000000000000000e+03
4.490000000000000000e+02,-1.133000000000000000e+03
4.420000000000000000e+02,-1.154000000000000000e+03
4.300000000000000000e+02,-1.175000000000000000e+03
4.200000000000000000e+02,-1.192000000000000000e+03
4.070000000000000000e+02,-1.210000000000000000e+03
3.960000000000000000e+02,-1.223000000000000000e+03
3.850000000000000000e+02,-1.235000000000000000e+03
3.760000000000000000e+02,-1.240000000000000000e+03
3.760000000000000000e+02,-1.240000000000000000e+03
3.590000000000000000e+02,-1.241000000000000000e+03
3.550000000000000000e+02,-1.232000000000000000e+03
3.510000000000000000e+02,-1.219000000000000000e+03
3.430000000000000000e+02,-1.206000000000000000e+03
3.370000000000000000e+02,-1.187000000000000000e+03
3.260000000000000000e+02,-1.168000000000000000e+03
