-1.022448873353031251e+00,-2.039743408577917361e+00
-9.382613505933293796e-01,-2.063796986509260911e+00
-7.819130940395974116e-01,-2.043752338233141508e+00
-5.975023298992983012e-01,-2.051770197543589358e+00
-4.010647767933274155e-01,-2.051770197543589358e+00
-1.645379271351176398e-01,-2.039743408577917361e+00
7.198892252309216366e-02,-2.039743408577917361e+00
2.964889832156302751e-01,-2.027716619612245808e+00
5.169801142529445448e-01,-1.995645182370454629e+00
7.374712452902587589e-01,-1.943529096852544047e+00
8.858016425335428767e-01,-1.935511237542096197e+00
1.050167758397722473e+00,-1.875377292713737765e+00
1.130346351502200530e+00,-1.851323714782394436e+00
