6.156570541951176742e-03,1.185450044120313517e+00
-2.591486669983998278e-02,1.241575059293448025e+00
-7.803095221775060986e-02,1.269637566880015278e+00
-1.341559673908851447e-01,1.325762582053149785e+00
-1.662274046326762955e-01,1.385896526881508217e+00
-2.383881384267064196e-01,1.429994753088970949e+00
-2.544238570476020089e-01,1.506164416538225082e+00
-3.346024501520798999e-01,1.518191205503896635e+00
-3.506381687729754892e-01,1.590351939297926842e+00
-4.067631839461099963e-01,1.602378728263598617e+00
-4.067631839461099963e-01,1.602378728263598617e+00
-4.588792694640206338e-01,1.626432306194941946e+00
-4.588792694640206338e-01,1.626432306194941946e+00
-4.949596363610356820e-01,1.530217994469568410e+00
-5.069864253267073462e-01,1.442021542054642724e+00
-5.150042846371551963e-01,1.301709004121806457e+00
-5.270310736028268606e-01,1.109280380671059385e+00
-5.390578625684985248e-01,8.847803199785213568e-01
-5.510846515341701890e-01,6.241998923889681139e-01
-5.510846515341701890e-01,3.515926758337433178e-01
-5.591025108446180392e-01,7.497652962329455495e-02
-5.510846515341701890e-01,-1.976306869319303106e-01
-5.390578625684985248e-01,-4.501932552110357033e-01
-5.270310736028268606e-01,-6.666754565931259924e-01
-4.909507067058118124e-01,-8.430683614229773637e-01
-4.588792694640206338e-01,-9.753630400453658922e-01
-4.227989025670055856e-01,-1.071577351770739428e+00
-3.867185356699905374e-01,-1.127702366943873935e+00
-3.346024501520798999e-01,-1.127702366943873935e+00
-3.346024501520798999e-01,-1.127702366943873935e+00
-2.504149273923780838e-01,-9.994166179767093316e-01
-2.183434901505869330e-01,-8.871665876304402065e-01
-1.942899122192435768e-01,-7.268094014214844245e-01
-1.822631232535718848e-01,-5.343807779707374639e-01
-1.822631232535718848e-01,-2.978539283125276604e-01
-2.023077715296913714e-01,-4.529136003342229544e-02
-2.263613494610347276e-01,2.152890675561308642e-01
-2.544238570476020089e-01,4.678516358352362570e-01
-2.864952942893931320e-01,7.083874151486699855e-01
-3.105488722207365160e-01,9.208606868755363495e-01
-3.265845908416321053e-01,1.097253591705387832e+00
-3.145578018759604411e-01,1.241575059293448025e+00
-2.864952942893931320e-01,1.345807230329269188e+00
-2.263613494610347276e-01,1.385896526881508217e+00
-1.341559673908851447e-01,1.393914386191956067e+00
-5.870218423720508297e-03,1.369860808260612517e+00
1.504780381300113989e-01,1.325762582053149785e+00
3.308798726150866676e-01,1.257610777914343503e+00
5.313263553762813673e-01,1.161396466188969967e+00
7.237549788270283280e-01,1.037119646877029400e+00
9.242014615882231388e-01,8.847803199785213568e-01
1.092576507107626771e+00,7.164052744591177246e-01
1.256942622971806367e+00,5.279855806635946891e-01
1.369192653318075381e+00,3.275390979023999338e-01
1.461398035388224992e+00,1.351104744516529732e-01
1.509505191250911871e+00,-5.731814899909398048e-02
1.529549839527031274e+00,-2.457378427946170507e-01
1.521531980216583424e+00,-4.101039586587967301e-01
1.485451613319568320e+00,-5.544254262468569783e-01
1.429326598146433813e+00,-6.867201048692455068e-01
1.345139075386732053e+00,-8.069879945259623710e-01
1.244915834006134814e+00,-9.112201655617836460e-01
1.112621155383746174e+00,-1.011443406942380996e+00
9.602818284852381314e-01,-1.103648789012530607e+00
7.959157126210584243e-01,-1.179818452461784517e+00
6.155138781359832389e-01,-1.259997045566262353e+00
4.270941843404601479e-01,-1.332157779360292560e+00
2.386744905449370846e-01,-1.380264935222979217e+00
5.827265605986180902e-02,-1.416345302119994320e+00
-1.020845301490939799e-01,-1.448416739361785499e+00
-2.504149273923780838e-01,-1.464452457982681199e+00
-3.706828170490949481e-01,-1.472470317293128828e+00
-4.588792694640206338e-01,-1.464452457982681199e+00
-5.390578625684985248e-01,-1.448416739361785499e+00
-5.991918073968569569e-01,-1.424363161430442171e+00
-5.991918073968569569e-01,-1.424363161430442171e+00
-6.553168225699914640e-01,-1.368238146257307664e+00
-6.553168225699914640e-01,-1.368238146257307664e+00
-6.472989632595437248e-01,-1.316122060739397082e+00
-5.831560887759613676e-01,-1.268014904876710203e+00
-5.150042846371551963e-01,-1.268014904876710203e+00
-4.227989025670055856e-01,-1.235943467634919024e+00
-3.145578018759604411e-01,-1.191845241427456292e+00
-2.023077715296913714e-01,-1.151755944875217264e+00
