7.130000000000000000e+02,-1.475000000000000000e+03
6.770000000000000000e+02,-1.491000000000000000e+03
6.600000000000000000e+02,-1.501000000000000000e+03
6.380000000000000000e+02,-1.521000000000000000e+03
6.140000000000000000e+02,-1.545000000000000000e+03
6.050000000000000000e+02,-1.566000000000000000e+03
5.910000000000000000e+02,-1.601000000000000000e+03
5.920000000000000000e+02,-1.629000000000000000e+03
5.980000000000000000e+02,-1.671000000000000000e+03
6.200000000000000000e+02,-1.709000000000000000e+03
6.470000000000000000e+02,-1.751000000000000000e+03
6.900000000000000000e+02,-1.784000000000000000e+03
7.420000000000000000e+02,-1.815000000000000000e+03
8.030000000000000000e+02,-1.834000000000000000e+03
8.670000000000000000e+02,-1.845000000000000000e+03
9.320000000000000000e+02,-1.840000000000000000e+03
9.900000000000000000e+02,-1.821000000000000000e+03
1.042000000000000000e+03,-1.789000000000000000e+03
1.082000000000000000e+03,-1.747000000000000000e+03
1.106000000000000000e+03,-1.699000000000000000e+03
1.114000000000000000e+03,-1.646000000000000000e+03
1.099000000000000000e+03,-1.593000000000000000e+03
1.066000000000000000e+03,-1.539000000000000000e+03
1.018000000000000000e+03,-1.494000000000000000e+03
9.590000000000000000e+02,-1.457000000000000000e+03
8.920000000000000000e+02,-1.436000000000000000e+03
8.230000000000000000e+02,-1.432000000000000000e+03
7.550000000000000000e+02,-1.441000000000000000e+03
6.960000000000000000e+02,-1.460000000000000000e+03
6.530000000000000000e+02,-1.491000000000000000e+03
6.270000000000000000e+02,-1.527000000000000000e+03
6.140000000000000000e+02,-1.569000000000000000e+03
6.180000000000000000e+02,-1.604000000000000000e+03
6.440000000000000000e+02,-1.634000000000000000e+03
6.770000000000000000e+02,-1.653000000000000000e+03
7.250000000000000000e+02,-1.656000000000000000e+03
