-5.232989509952256091e-01,1.185306868061198671e+00
-5.714061068579123770e-01,1.245440812889556881e+00
-6.716293482385097269e-01,1.221387234958213552e+00
-7.678436599638832627e-01,1.173280079095526895e+00
-8.319865344474655089e-01,1.089092556335825135e+00
-9.402276351385107089e-01,9.006728625403019883e-01
-9.963526503116452160e-01,7.202710280552268030e-01
-1.080540173071347088e+00,4.276191632238824369e-01
-1.104593751002690416e+00,1.510030170134336880e-01
-1.116620539968361969e+00,-1.857470740253734931e-01
-1.068513384105675312e+00,-4.944346574776133929e-01
-9.722990723803018875e-01,-7.991133112746293676e-01
-8.199597454817938447e-01,-1.039649090588063096e+00
-6.395579109967185483e-01,-1.228068784383586243e+00
-4.150578503041804646e-01,-1.336309885074631332e+00
-1.745220709907467638e-01,-1.376399181626870361e+00
9.006728625403029320e-02,-1.336309885074631332e+00
3.586655731540312475e-01,-1.228068784383586243e+00
6.072192117779127152e-01,-1.043658020243287021e+00
8.036567648838836009e-01,-8.231668892059728071e-01
9.640139510928393829e-01,-5.665953912716434893e-01
1.088290770404780172e+00,-2.939881747164186376e-01
1.156442574543586232e+00,-4.944346574776106729e-02
1.204549730406273111e+00,2.071280321865681950e-01
1.160451504198810158e+00,3.755030777059717995e-01
1.144415785577914679e+00,5.518959825358231708e-01
1.096308629715228022e+00,6.400924349507488564e-01
1.036174684886869590e+00,6.601370832268683708e-01
1.036174684886869590e+00,6.601370832268683708e-01
9.479782324719437936e-01,5.919852790880620885e-01
