-1.305407718982280751e-01,-1.116236350876403244e-01
-1.826568574161387126e-01,-1.477040019846553864e-01
-2.107193650027059662e-01,-1.837843688816704346e-01
-2.427908022444971448e-01,-2.679718916413722507e-01
-2.828800987967360903e-01,-3.641862033667457310e-01
-2.788711691415121652e-01,-4.724273040577908755e-01
-2.908979581071838849e-01,-6.247666309562989184e-01
-2.708533098310644260e-01,-7.650791688891351860e-01
-2.588265208653927063e-01,-9.294452847533148931e-01
-2.267550836236015555e-01,-1.069757822686151272e+00
-1.866657870713626100e-01,-1.218088219929435390e+00
-1.425675608638997671e-01,-1.326329320620480479e+00
-7.040682706986965689e-02,-1.430561491656301643e+00
-2.255022931063440945e-03,-1.498713295795107925e+00
1.019771481047578310e-01,-1.530784733036899103e+00
2.102182487958030033e-01,-1.546820451657794804e+00
3.184593494868481756e-01,-1.522766873726451253e+00
4.427361687987889094e-01,-1.446597210277197343e+00
5.589951288002817931e-01,-1.338356109586152254e+00
