-9.389061731410480727e-01,1.029552527011943885e+00
-9.990401179694065048e-01,1.101713260805973871e+00
-1.035120484866421497e+00,1.189909713220899556e+00
-1.035120484866421497e+00,1.189909713220899556e+00
-1.115299077970899555e+00,1.290132954601497017e+00
-1.115299077970899555e+00,1.290132954601497017e+00
-1.115299077970899555e+00,1.290132954601497017e+00
-1.115299077970899555e+00,1.290132954601497017e+00
-1.155388374523138362e+00,1.165856135289556228e+00
-1.155388374523138362e+00,1.041579315977615439e+00
-1.127325866936571108e+00,8.892399890791075068e-01
-1.103272289005227780e+00,7.008202952835844712e-01
-1.055165133142541123e+00,4.843380939014941267e-01
-1.011066906935078169e+00,2.478112442432843232e-01
-9.509329621067197369e-01,-7.423943805971525969e-04
-8.948079469335852298e-01,-2.533049626597025372e-01
-8.306650724500029837e-01,-5.058675309388078745e-01
-7.745400572768683656e-01,-7.383854509417938639e-01
-7.264329014141817087e-01,-9.548676523238841529e-01
-6.743168158962710157e-01,-1.143287346119407299e+00
-6.502632379649276873e-01,-1.291617743362691417e+00
-6.141828710679125836e-01,-1.411885633019408059e+00
-6.061650117574648444e-01,-1.500082085434333745e+00
-6.061650117574648444e-01,-1.500082085434333745e+00
-6.061650117574648444e-01,-1.500082085434333745e+00
-6.061650117574648444e-01,-1.500082085434333745e+00
-6.622900269305993515e-01,-1.351751688191049849e+00
-6.983703938276144552e-01,-1.219457009568661210e+00
-7.344507607246294478e-01,-1.067117682670153167e+00
-7.825579165873162157e-01,-8.867158481850779816e-01
-8.346740021052267977e-01,-6.862693654238831709e-01
-8.707543690022419014e-01,-4.778050233522406209e-01
-9.188615248649286693e-01,-2.573138923149264068e-01
-9.429151027962719978e-01,-4.884955024328389156e-02
-9.589508214171675871e-01,1.836683697597020215e-01
-9.589508214171675871e-01,4.001505711417923661e-01
-9.389061731410480727e-01,6.166327725238827107e-01
-9.068347358992568941e-01,8.371239035611969248e-01
-8.467007910708984619e-01,1.041579315977615439e+00
-7.745400572768683656e-01,1.229999009773138585e+00
-6.903525345171666050e-01,1.386347266326870553e+00
-6.021560821022409193e-01,1.522650874604482896e+00
-5.139596296873152337e-01,1.626883045640304282e+00
-4.017095993410461641e-01,1.711070568400006042e+00
-2.934684986500010195e-01,1.759177724262692699e+00
-1.651827496828363884e-01,1.791249161504483878e+00
-2.086128209477616097e-02,1.791249161504483878e+00
1.194512558380601552e-01,1.779222372538812103e+00
2.878263013574637319e-01,1.747150935297020924e+00
4.562013468768673086e-01,1.707061638744782117e+00
6.366031813619426050e-01,1.650936623571647610e+00
8.009692972261223121e-01,1.570758030467169553e+00
9.653354130903020192e-01,1.494588367017915642e+00
1.093621162057466734e+00,1.402382984947766031e+00
1.189835473782840047e+00,1.294141884256720942e+00
1.241951559300750629e+00,1.185900783565675853e+00
1.253978348266422405e+00,1.069641823564182692e+00
1.213889051714183376e+00,9.373471449417942747e-01
1.121683669644033987e+00,8.050524663194057462e-01
1.001415779987317123e+00,6.767667173522411428e-01
8.330407344679134907e-01,5.404631090746286892e-01
6.486299703276142692e-01,4.121773601074640303e-01
4.441745579111956443e-01,2.919094704507471660e-01
2.557548641156726088e-01,1.836683697597020215e-01
6.332624066492563430e-02,8.745405803432854119e-02
-9.302201588880626426e-02,2.331118355074621520e-02
-2.333345538216425874e-01,-2.479597231194052148e-02
-3.295488655470160677e-01,-5.285847989850778889e-02
-4.057185289962700891e-01,-6.488526886417947392e-02
-4.057185289962700891e-01,-6.488526886417947392e-02
-4.618435441694045962e-01,-6.087633920895557660e-02
-4.618435441694045962e-01,-6.087633920895557660e-02
-4.618435441694045962e-01,-6.087633920895557660e-02
-3.936917400305983694e-01,-2.880490196716441534e-02
-3.295488655470160677e-01,-2.479597231194052148e-02
-2.493702724425381767e-01,-1.677811300149273377e-02
-1.411291717514930044e-01,-1.276918334626883818e-02
-1.284342278432836978e-02,-1.276918334626883818e-02
1.475137634246274365e-01,-4.751324035821047863e-03
3.239066682544787801e-01,-4.751324035821047863e-03
5.363799399813452551e-01,-1.677811300149273377e-02
7.488532117082116191e-01,-2.880490196716441534e-02
9.773622020559736834e-01,-5.285847989850778889e-02
1.205871192403735748e+00,-8.492991714029894668e-02
1.430371253096273776e+00,-1.210102840373139949e-01
1.634826665512692401e+00,-1.731263695552246462e-01
1.815228499997767697e+00,-2.452871033492547426e-01
1.975585686206723590e+00,-3.334835557641804282e-01
2.083826786897768457e+00,-4.337067971447777781e-01
2.147969661381350814e+00,-5.619925461119424925e-01
2.159996450347022812e+00,-6.982961543895548351e-01
2.123916083450007708e+00,-8.586533405985106171e-01
2.035719631035081800e+00,-1.019010526807466510e+00
1.891398163447021608e+00,-1.191394501982093956e+00
1.694960610341050833e+00,-1.359769547501497478e+00
1.470460549648512805e+00,-1.516117804055229445e+00
1.229924770335079076e+00,-1.656430341988065713e+00
9.893889910216453476e-01,-1.764671442679111024e+00
7.408353523977638799e-01,-1.852867895094036710e+00
5.043085027395540765e-01,-1.904983980611947292e+00
2.838173717022398623e-01,-1.917010769577618845e+00
9.539767790671679903e-02,-1.904983980611947292e+00
-6.896843795746289418e-02,-1.868903613714932188e+00
-1.972541869246275392e-01,-1.824805387507469234e+00
-3.175220765813444035e-01,-1.792733950265678278e+00
-3.576113731335833212e-01,-1.720573216471648070e+00
-4.177453179619417534e-01,-1.680483919919409042e+00
-4.017095993410461641e-01,-1.584269608194035728e+00
