6.700000000000000000e+02,-4.160000000000000000e+02
6.930000000000000000e+02,-3.940000000000000000e+02
7.110000000000000000e+02,-3.710000000000000000e+02
7.240000000000000000e+02,-3.560000000000000000e+02
7.330000000000000000e+02,-3.400000000000000000e+02
7.330000000000000000e+02,-3.400000000000000000e+02
7.200000000000000000e+02,-3.360000000000000000e+02
6.930000000000000000e+02,-3.520000000000000000e+02
6.640000000000000000e+02,-3.680000000000000000e+02
6.220000000000000000e+02,-4.040000000000000000e+02
5.770000000000000000e+02,-4.420000000000000000e+02
5.280000000000000000e+02,-4.940000000000000000e+02
4.810000000000000000e+02,-5.510000000000000000e+02
4.360000000000000000e+02,-6.170000000000000000e+02
4.050000000000000000e+02,-6.860000000000000000e+02
3.820000000000000000e+02,-7.560000000000000000e+02
3.730000000000000000e+02,-8.250000000000000000e+02
3.810000000000000000e+02,-8.860000000000000000e+02
3.990000000000000000e+02,-9.390000000000000000e+02
4.270000000000000000e+02,-9.840000000000000000e+02
4.630000000000000000e+02,-1.017000000000000000e+03
5.040000000000000000e+02,-1.038000000000000000e+03
5.400000000000000000e+02,-1.050000000000000000e+03
5.740000000000000000e+02,-1.051000000000000000e+03
6.020000000000000000e+02,-1.044000000000000000e+03
6.220000000000000000e+02,-1.031000000000000000e+03
6.330000000000000000e+02,-1.014000000000000000e+03
6.370000000000000000e+02,-9.950000000000000000e+02
6.320000000000000000e+02,-9.770000000000000000e+02
6.200000000000000000e+02,-9.610000000000000000e+02
6.070000000000000000e+02,-9.430000000000000000e+02
5.880000000000000000e+02,-9.310000000000000000e+02
5.680000000000000000e+02,-9.230000000000000000e+02
5.500000000000000000e+02,-9.200000000000000000e+02
5.300000000000000000e+02,-9.210000000000000000e+02
5.190000000000000000e+02,-9.180000000000000000e+02
5.080000000000000000e+02,-9.270000000000000000e+02
5.080000000000000000e+02,-9.270000000000000000e+02
4.950000000000000000e+02,-9.420000000000000000e+02
4.920000000000000000e+02,-9.510000000000000000e+02
