5.948734327106437736e-02,8.447202744491124626e-01
5.948734327106437736e-02,8.447202744491124626e-01
2.118266701695723786e-01,9.730060234162770660e-01
2.839874039636025027e-01,1.037148897899859312e+00
4.042552936203193670e-01,1.165434646867024027e+00
5.325410425874840259e-01,1.285702536523740891e+00
6.648357212098725544e-01,1.401961496525233830e+00
7.931214701770371578e-01,1.522229386181950694e+00
8.813179225919628434e-01,1.626461557217771858e+00
1.009603671559127447e+00,1.746729446874488723e+00
1.053701897766590401e+00,1.806863391702847155e+00
1.141898350181516086e+00,1.903077703428220691e+00
