1.116000000000000000e+03,-7.220000000000000000e+02
1.116000000000000000e+03,-7.220000000000000000e+02
1.116000000000000000e+03,-7.220000000000000000e+02
1.116000000000000000e+03,-7.220000000000000000e+02
1.116000000000000000e+03,-7.220000000000000000e+02
1.116000000000000000e+03,-7.220000000000000000e+02
1.070000000000000000e+03,-6.600000000000000000e+02
1.070000000000000000e+03,-6.600000000000000000e+02
1.070000000000000000e+03,-6.600000000000000000e+02
1.070000000000000000e+03,-6.600000000000000000e+02
1.070000000000000000e+03,-6.600000000000000000e+02
1.070000000000000000e+03,-6.600000000000000000e+02
1.070000000000000000e+03,-6.600000000000000000e+02
1.070000000000000000e+03,-6.600000000000000000e+02
1.070000000000000000e+03,-6.600000000000000000e+02
1.070000000000000000e+03,-6.600000000000000000e+02
1.007000000000000000e+03,-6.180000000000000000e+02
1.007000000000000000e+03,-6.180000000000000000e+02
1.007000000000000000e+03,-6.180000000000000000e+02
1.007000000000000000e+03,-6.180000000000000000e+02
1.007000000000000000e+03,-6.180000000000000000e+02
1.007000000000000000e+03,-6.180000000000000000e+02
1.007000000000000000e+03,-6.180000000000000000e+02
9.450000000000000000e+02,-6.500000000000000000e+02
9.450000000000000000e+02,-6.500000000000000000e+02
9.450000000000000000e+02,-6.500000000000000000e+02
9.450000000000000000e+02,-6.500000000000000000e+02
9.450000000000000000e+02,-6.500000000000000000e+02
8.980000000000000000e+02,-7.160000000000000000e+02
8.980000000000000000e+02,-7.160000000000000000e+02
8.980000000000000000e+02,-7.160000000000000000e+02
8.980000000000000000e+02,-7.160000000000000000e+02
8.550000000000000000e+02,-7.970000000000000000e+02
8.550000000000000000e+02,-7.970000000000000000e+02
8.550000000000000000e+02,-7.970000000000000000e+02
8.250000000000000000e+02,-8.760000000000000000e+02
8.250000000000000000e+02,-8.760000000000000000e+02
8.250000000000000000e+02,-8.760000000000000000e+02
8.070000000000000000e+02,-9.590000000000000000e+02
8.070000000000000000e+02,-9.590000000000000000e+02
8.070000000000000000e+02,-9.590000000000000000e+02
7.970000000000000000e+02,-1.041000000000000000e+03
7.970000000000000000e+02,-1.041000000000000000e+03
7.970000000000000000e+02,-1.041000000000000000e+03
7.900000000000000000e+02,-1.124000000000000000e+03
7.900000000000000000e+02,-1.124000000000000000e+03
7.900000000000000000e+02,-1.124000000000000000e+03
7.930000000000000000e+02,-1.210000000000000000e+03
7.930000000000000000e+02,-1.210000000000000000e+03
7.970000000000000000e+02,-1.272000000000000000e+03
7.970000000000000000e+02,-1.272000000000000000e+03
8.020000000000000000e+02,-1.334000000000000000e+03
8.020000000000000000e+02,-1.334000000000000000e+03
8.080000000000000000e+02,-1.396000000000000000e+03
8.080000000000000000e+02,-1.396000000000000000e+03
8.080000000000000000e+02,-1.396000000000000000e+03
8.200000000000000000e+02,-1.480000000000000000e+03
8.200000000000000000e+02,-1.480000000000000000e+03
8.200000000000000000e+02,-1.480000000000000000e+03
8.400000000000000000e+02,-1.560000000000000000e+03
8.400000000000000000e+02,-1.560000000000000000e+03
8.400000000000000000e+02,-1.560000000000000000e+03
8.620000000000000000e+02,-1.631000000000000000e+03
8.620000000000000000e+02,-1.631000000000000000e+03
8.620000000000000000e+02,-1.631000000000000000e+03
8.620000000000000000e+02,-1.631000000000000000e+03
9.140000000000000000e+02,-1.700000000000000000e+03
9.140000000000000000e+02,-1.700000000000000000e+03
9.140000000000000000e+02,-1.700000000000000000e+03
9.140000000000000000e+02,-1.700000000000000000e+03
9.830000000000000000e+02,-1.741000000000000000e+03
9.830000000000000000e+02,-1.741000000000000000e+03
9.830000000000000000e+02,-1.741000000000000000e+03
9.830000000000000000e+02,-1.741000000000000000e+03
1.043000000000000000e+03,-1.765000000000000000e+03
1.043000000000000000e+03,-1.765000000000000000e+03
1.043000000000000000e+03,-1.765000000000000000e+03
1.043000000000000000e+03,-1.765000000000000000e+03
1.043000000000000000e+03,-1.765000000000000000e+03
1.111000000000000000e+03,-1.748000000000000000e+03
1.111000000000000000e+03,-1.748000000000000000e+03
1.111000000000000000e+03,-1.748000000000000000e+03
1.111000000000000000e+03,-1.748000000000000000e+03
1.152000000000000000e+03,-1.686000000000000000e+03
1.152000000000000000e+03,-1.686000000000000000e+03
1.152000000000000000e+03,-1.686000000000000000e+03
1.177000000000000000e+03,-1.616000000000000000e+03
1.177000000000000000e+03,-1.616000000000000000e+03
1.177000000000000000e+03,-1.616000000000000000e+03
1.201000000000000000e+03,-1.537000000000000000e+03
1.201000000000000000e+03,-1.537000000000000000e+03
1.201000000000000000e+03,-1.537000000000000000e+03
1.215000000000000000e+03,-1.462000000000000000e+03
1.215000000000000000e+03,-1.462000000000000000e+03
1.215000000000000000e+03,-1.462000000000000000e+03
1.224000000000000000e+03,-1.400000000000000000e+03
1.224000000000000000e+03,-1.400000000000000000e+03
1.224000000000000000e+03,-1.400000000000000000e+03
1.227000000000000000e+03,-1.338000000000000000e+03
1.227000000000000000e+03,-1.338000000000000000e+03
1.227000000000000000e+03,-1.338000000000000000e+03
1.227000000000000000e+03,-1.271000000000000000e+03
1.227000000000000000e+03,-1.271000000000000000e+03
1.227000000000000000e+03,-1.271000000000000000e+03
1.229000000000000000e+03,-1.204000000000000000e+03
1.229000000000000000e+03,-1.204000000000000000e+03
1.229000000000000000e+03,-1.204000000000000000e+03
1.229000000000000000e+03,-1.204000000000000000e+03
1.229000000000000000e+03,-1.129000000000000000e+03
1.229000000000000000e+03,-1.129000000000000000e+03
1.229000000000000000e+03,-1.129000000000000000e+03
1.229000000000000000e+03,-1.129000000000000000e+03
1.230000000000000000e+03,-1.058000000000000000e+03
1.230000000000000000e+03,-1.058000000000000000e+03
1.230000000000000000e+03,-1.058000000000000000e+03
1.230000000000000000e+03,-1.058000000000000000e+03
1.230000000000000000e+03,-1.058000000000000000e+03
1.224000000000000000e+03,-9.900000000000000000e+02
1.224000000000000000e+03,-9.900000000000000000e+02
1.224000000000000000e+03,-9.900000000000000000e+02
1.224000000000000000e+03,-9.900000000000000000e+02
1.224000000000000000e+03,-9.900000000000000000e+02
1.218000000000000000e+03,-9.270000000000000000e+02
1.218000000000000000e+03,-9.270000000000000000e+02
1.218000000000000000e+03,-9.270000000000000000e+02
1.218000000000000000e+03,-9.270000000000000000e+02
1.218000000000000000e+03,-9.270000000000000000e+02
1.203000000000000000e+03,-8.620000000000000000e+02
1.203000000000000000e+03,-8.620000000000000000e+02
1.203000000000000000e+03,-8.620000000000000000e+02
1.203000000000000000e+03,-8.620000000000000000e+02
1.203000000000000000e+03,-8.620000000000000000e+02
1.203000000000000000e+03,-8.620000000000000000e+02
1.203000000000000000e+03,-8.620000000000000000e+02
1.179000000000000000e+03,-8.000000000000000000e+02
1.179000000000000000e+03,-8.000000000000000000e+02
1.179000000000000000e+03,-8.000000000000000000e+02
1.179000000000000000e+03,-8.000000000000000000e+02
1.179000000000000000e+03,-8.000000000000000000e+02
1.179000000000000000e+03,-8.000000000000000000e+02
1.179000000000000000e+03,-8.000000000000000000e+02
1.179000000000000000e+03,-8.000000000000000000e+02
1.149000000000000000e+03,-7.380000000000000000e+02
1.149000000000000000e+03,-7.380000000000000000e+02
1.149000000000000000e+03,-7.380000000000000000e+02
1.149000000000000000e+03,-7.380000000000000000e+02
1.149000000000000000e+03,-7.380000000000000000e+02
1.149000000000000000e+03,-7.380000000000000000e+02
1.149000000000000000e+03,-7.380000000000000000e+02
1.149000000000000000e+03,-7.380000000000000000e+02
1.149000000000000000e+03,-7.380000000000000000e+02
1.094000000000000000e+03,-6.750000000000000000e+02
1.094000000000000000e+03,-6.750000000000000000e+02
1.094000000000000000e+03,-6.750000000000000000e+02
1.094000000000000000e+03,-6.750000000000000000e+02
1.094000000000000000e+03,-6.750000000000000000e+02
1.094000000000000000e+03,-6.750000000000000000e+02
1.094000000000000000e+03,-6.750000000000000000e+02
1.034000000000000000e+03,-6.660000000000000000e+02
1.034000000000000000e+03,-6.660000000000000000e+02
1.034000000000000000e+03,-6.660000000000000000e+02
