6.650000000000000000e+02,-1.845000000000000000e+03
6.650000000000000000e+02,-1.845000000000000000e+03
6.650000000000000000e+02,-1.845000000000000000e+03
6.650000000000000000e+02,-1.845000000000000000e+03
6.650000000000000000e+02,-1.845000000000000000e+03
6.650000000000000000e+02,-1.845000000000000000e+03
6.650000000000000000e+02,-1.845000000000000000e+03
6.650000000000000000e+02,-1.845000000000000000e+03
6.650000000000000000e+02,-1.845000000000000000e+03
6.650000000000000000e+02,-1.845000000000000000e+03
6.650000000000000000e+02,-1.845000000000000000e+03
6.950000000000000000e+02,-1.781000000000000000e+03
6.950000000000000000e+02,-1.781000000000000000e+03
7.250000000000000000e+02,-1.676000000000000000e+03
7.430000000000000000e+02,-1.613000000000000000e+03
7.660000000000000000e+02,-1.546000000000000000e+03
7.850000000000000000e+02,-1.478000000000000000e+03
8.030000000000000000e+02,-1.417000000000000000e+03
8.030000000000000000e+02,-1.417000000000000000e+03
8.350000000000000000e+02,-1.320000000000000000e+03
8.350000000000000000e+02,-1.320000000000000000e+03
8.350000000000000000e+02,-1.320000000000000000e+03
8.350000000000000000e+02,-1.320000000000000000e+03
8.350000000000000000e+02,-1.320000000000000000e+03
8.350000000000000000e+02,-1.320000000000000000e+03
8.740000000000000000e+02,-1.405000000000000000e+03
8.740000000000000000e+02,-1.405000000000000000e+03
8.890000000000000000e+02,-1.510000000000000000e+03
8.890000000000000000e+02,-1.510000000000000000e+03
9.090000000000000000e+02,-1.604000000000000000e+03
9.090000000000000000e+02,-1.604000000000000000e+03
9.090000000000000000e+02,-1.604000000000000000e+03
9.090000000000000000e+02,-1.604000000000000000e+03
9.840000000000000000e+02,-1.626000000000000000e+03
9.840000000000000000e+02,-1.626000000000000000e+03
9.840000000000000000e+02,-1.626000000000000000e+03
1.054000000000000000e+03,-1.540000000000000000e+03
1.054000000000000000e+03,-1.540000000000000000e+03
1.090000000000000000e+03,-1.480000000000000000e+03
1.090000000000000000e+03,-1.480000000000000000e+03
1.090000000000000000e+03,-1.480000000000000000e+03
1.090000000000000000e+03,-1.480000000000000000e+03
1.090000000000000000e+03,-1.480000000000000000e+03
1.090000000000000000e+03,-1.480000000000000000e+03
1.090000000000000000e+03,-1.480000000000000000e+03
1.150000000000000000e+03,-1.534000000000000000e+03
1.150000000000000000e+03,-1.534000000000000000e+03
1.161000000000000000e+03,-1.629000000000000000e+03
1.161000000000000000e+03,-1.629000000000000000e+03
1.164000000000000000e+03,-1.738000000000000000e+03
1.164000000000000000e+03,-1.738000000000000000e+03
1.165000000000000000e+03,-1.842000000000000000e+03
1.165000000000000000e+03,-1.842000000000000000e+03
1.162000000000000000e+03,-1.922000000000000000e+03
1.162000000000000000e+03,-1.922000000000000000e+03
1.162000000000000000e+03,-1.922000000000000000e+03
1.162000000000000000e+03,-1.922000000000000000e+03
1.162000000000000000e+03,-1.922000000000000000e+03
