1.179000000000000000e+03,-1.040000000000000000e+03
1.179000000000000000e+03,-1.040000000000000000e+03
1.179000000000000000e+03,-1.040000000000000000e+03
1.179000000000000000e+03,-1.040000000000000000e+03
1.179000000000000000e+03,-1.040000000000000000e+03
1.182000000000000000e+03,-1.026000000000000000e+03
1.182000000000000000e+03,-1.026000000000000000e+03
1.182000000000000000e+03,-1.026000000000000000e+03
1.182000000000000000e+03,-1.026000000000000000e+03
1.182000000000000000e+03,-1.026000000000000000e+03
1.173000000000000000e+03,-1.046000000000000000e+03
1.173000000000000000e+03,-1.046000000000000000e+03
