3.620000000000000000e+02,-9.070000000000000000e+02
3.780000000000000000e+02,-9.070000000000000000e+02
4.090000000000000000e+02,-9.010000000000000000e+02
4.370000000000000000e+02,-9.040000000000000000e+02
4.760000000000000000e+02,-9.030000000000000000e+02
5.170000000000000000e+02,-9.090000000000000000e+02
5.650000000000000000e+02,-9.130000000000000000e+02
6.150000000000000000e+02,-9.180000000000000000e+02
6.690000000000000000e+02,-9.220000000000000000e+02
7.240000000000000000e+02,-9.250000000000000000e+02
7.760000000000000000e+02,-9.280000000000000000e+02
8.260000000000000000e+02,-9.310000000000000000e+02
8.680000000000000000e+02,-9.340000000000000000e+02
9.060000000000000000e+02,-9.370000000000000000e+02
9.360000000000000000e+02,-9.420000000000000000e+02
9.590000000000000000e+02,-9.460000000000000000e+02
9.740000000000000000e+02,-9.520000000000000000e+02
9.740000000000000000e+02,-9.520000000000000000e+02
9.740000000000000000e+02,-9.520000000000000000e+02
9.930000000000000000e+02,-9.630000000000000000e+02
9.930000000000000000e+02,-9.630000000000000000e+02
9.930000000000000000e+02,-9.630000000000000000e+02
