7.850000000000000000e+02,-9.890000000000000000e+02
7.960000000000000000e+02,-1.005000000000000000e+03
7.940000000000000000e+02,-1.031000000000000000e+03
8.020000000000000000e+02,-1.061000000000000000e+03
8.050000000000000000e+02,-1.108000000000000000e+03
8.100000000000000000e+02,-1.165000000000000000e+03
8.160000000000000000e+02,-1.237000000000000000e+03
8.230000000000000000e+02,-1.320000000000000000e+03
8.310000000000000000e+02,-1.414000000000000000e+03
8.410000000000000000e+02,-1.512000000000000000e+03
8.530000000000000000e+02,-1.608000000000000000e+03
8.650000000000000000e+02,-1.696000000000000000e+03
8.770000000000000000e+02,-1.771000000000000000e+03
8.860000000000000000e+02,-1.831000000000000000e+03
9.060000000000000000e+02,-1.873000000000000000e+03
9.000000000000000000e+02,-1.911000000000000000e+03
9.000000000000000000e+02,-1.911000000000000000e+03
8.980000000000000000e+02,-1.931000000000000000e+03
