3.899595210081424068e-01,8.105326866561763932e-01
4.460845361812769694e-01,8.987291390711020789e-01
4.701381141126202978e-01,9.388184356233409966e-01
5.062184810096354015e-01,9.748988025203561003e-01
5.062184810096354015e-01,9.748988025203561003e-01
5.022095513544114764e-01,9.388184356233409966e-01
4.821649030782920176e-01,8.826934204502064896e-01
4.340577472156052496e-01,7.824701790696091397e-01
3.939684506633663319e-01,6.782380080337878647e-01
3.338345058350078998e-01,5.339165404457275610e-01
2.897362796275450569e-01,3.936040025128912934e-01
2.336112644544105221e-01,2.332468163039354836e-01
2.015398272126193713e-01,9.694320802632307166e-02
1.694683899708281927e-01,-3.936040025128935416e-02
1.574416010051565284e-01,-1.476015009423345126e-01
1.534326713499326311e-01,-2.357979533572601982e-01
1.574416010051565284e-01,-2.919229685303947330e-01
1.614505306603804258e-01,-3.280033354274097812e-01
1.614505306603804258e-01,-3.280033354274097812e-01
1.614505306603804258e-01,-3.280033354274097812e-01
1.614505306603804258e-01,-2.798961795647230688e-01
1.414058823842609391e-01,-2.277800940468124313e-01
8.127193755590252089e-02,-1.676461492184539992e-01
-2.915585203799279154e-03,-1.115211340453194644e-01
-1.271924045157400152e-01,-7.944969680352829966e-02
-2.835406610694718998e-01,-7.544076714830441621e-02
-4.679514252097710658e-01,-9.147648576919999164e-02
-6.724068376261896907e-01,-1.516104305975584099e-01
-8.648354610769366513e-01,-2.438158126677079929e-01
-1.073299803148579201e+00,-3.881372802557682133e-01
-1.233656989357535094e+00,-5.605212554303956596e-01
-1.369960597635147437e+00,-7.569588085363665453e-01
-1.438112401773953719e+00,-9.493874319871135059e-01
-1.454148120394849197e+00,-1.149833914748308317e+00
-1.394014175566490765e+00,-1.326226819578159688e+00
-1.281764145220221751e+00,-1.490592935442339284e+00
-1.117398029356042155e+00,-1.618878684409503999e+00
-9.089336872843994941e-01,-1.711084066479653609e+00
-6.764157672814136157e-01,-1.767209081652788116e+00
-4.358799879679799427e-01,-1.779235870618459670e+00
-2.153888569306657008e-01,-1.767209081652788116e+00
1.712906307232019490e-02,-1.703066207169205759e+00
2.055487568678432686e-01,-1.638923332685623402e+00
3.498702244559034891e-01,-1.534691161649802238e+00
4.781559734230680925e-01,-1.398387553372189673e+00
5.583345665275459835e-01,-1.250057156128905556e+00
