-1.206558505910934609e-01,1.935407781292929341e+00
-1.206558505910934609e-01,1.935407781292929341e+00
-6.853976507318282341e-02,1.883291695775018759e+00
-6.052190576273503569e-02,1.767032735773525820e+00
-5.651297610751113837e-02,1.602666619909346002e+00
-3.879609343766088738e-04,1.410237996458599152e+00
3.620968720847285958e-03,1.133621850248150320e+00
3.970133561786234194e-02,8.369610557615820845e-01
3.569240596263844462e-02,4.681395274809837526e-01
3.569240596263844462e-02,7.526442126904206442e-02
1.163882803129507627e-02,-3.416642628742430077e-01
-1.241474990004829380e-02,-7.465661580518564433e-01
-3.646832783139166562e-02,-1.119396615987678700e+00
-6.052190576273503569e-02,-1.460155636681709668e+00
-4.849511679706335066e-02,-1.712718204960815171e+00
-2.444153886571997711e-02,-1.929200406342905350e+00
-2.043260921049608325e-02,-2.061495084965293767e+00
-2.043260921049608325e-02,-2.061495084965293767e+00
-2.043260921049608325e-02,-2.061495084965293767e+00
