7.970000000000000000e+02,-1.153000000000000000e+03
8.170000000000000000e+02,-1.141000000000000000e+03
8.170000000000000000e+02,-1.141000000000000000e+03
8.170000000000000000e+02,-1.141000000000000000e+03
7.960000000000000000e+02,-1.147000000000000000e+03
7.720000000000000000e+02,-1.163000000000000000e+03
7.510000000000000000e+02,-1.185000000000000000e+03
7.180000000000000000e+02,-1.218000000000000000e+03
6.900000000000000000e+02,-1.248000000000000000e+03
6.530000000000000000e+02,-1.293000000000000000e+03
6.210000000000000000e+02,-1.334000000000000000e+03
5.820000000000000000e+02,-1.388000000000000000e+03
5.520000000000000000e+02,-1.441000000000000000e+03
5.200000000000000000e+02,-1.506000000000000000e+03
4.990000000000000000e+02,-1.561000000000000000e+03
4.840000000000000000e+02,-1.622000000000000000e+03
4.790000000000000000e+02,-1.679000000000000000e+03
4.840000000000000000e+02,-1.736000000000000000e+03
5.040000000000000000e+02,-1.789000000000000000e+03
5.320000000000000000e+02,-1.836000000000000000e+03
5.700000000000000000e+02,-1.873000000000000000e+03
6.180000000000000000e+02,-1.902000000000000000e+03
6.740000000000000000e+02,-1.923000000000000000e+03
7.340000000000000000e+02,-1.935000000000000000e+03
7.940000000000000000e+02,-1.938000000000000000e+03
8.560000000000000000e+02,-1.929000000000000000e+03
9.120000000000000000e+02,-1.917000000000000000e+03
9.660000000000000000e+02,-1.893000000000000000e+03
1.007000000000000000e+03,-1.876000000000000000e+03
1.049000000000000000e+03,-1.848000000000000000e+03
1.075000000000000000e+03,-1.828000000000000000e+03
1.085000000000000000e+03,-1.810000000000000000e+03
1.090000000000000000e+03,-1.792000000000000000e+03
1.075000000000000000e+03,-1.783000000000000000e+03
