-2.289001054360761678e-01,-1.760506791275764649e-01
-2.208822461256284009e-01,-2.361846239559348970e-01
-1.607483012972699687e-01,-2.923096391290694318e-01
-1.046232861241354339e-01,-3.925328805096667817e-01
-4.448934129577701568e-02,-5.128007701663837015e-01
6.776068905049204005e-02,-6.130240115469810513e-01
1.519482118101938284e-01,-7.693722681007129083e-01
2.882518200878062542e-01,-8.896401577574297725e-01
3.844661318131797345e-01,-1.054006273621609369e+00
4.967161621594488041e-01,-1.154229515002206830e+00
5.768947552639267506e-01,-1.270488475003699769e+00
6.691001373340762504e-01,-1.350667068108177604e+00
7.292340821624346825e-01,-1.414809942591759961e+00
7.292340821624346825e-01,-1.414809942591759961e+00
8.134216049221364431e-01,-1.494988535696237797e+00
8.134216049221364431e-01,-1.494988535696237797e+00
8.134216049221364431e-01,-1.494988535696237797e+00
8.134216049221364431e-01,-1.494988535696237797e+00
9.096359166475099789e-01,-1.486970676385790169e+00
9.096359166475099789e-01,-1.486970676385790169e+00
9.096359166475099789e-01,-1.486970676385790169e+00
9.096359166475099789e-01,-1.486970676385790169e+00
9.697698614758684110e-01,-1.446881379833551140e+00
