3.410000000000000000e+02,-7.430000000000000000e+02
3.300000000000000000e+02,-7.510000000000000000e+02
3.300000000000000000e+02,-7.510000000000000000e+02
3.160000000000000000e+02,-7.630000000000000000e+02
3.160000000000000000e+02,-7.630000000000000000e+02
3.050000000000000000e+02,-7.760000000000000000e+02
2.990000000000000000e+02,-7.870000000000000000e+02
2.990000000000000000e+02,-7.870000000000000000e+02
3.080000000000000000e+02,-7.960000000000000000e+02
3.210000000000000000e+02,-7.970000000000000000e+02
3.370000000000000000e+02,-8.000000000000000000e+02
3.620000000000000000e+02,-7.960000000000000000e+02
3.880000000000000000e+02,-7.940000000000000000e+02
4.210000000000000000e+02,-7.890000000000000000e+02
4.550000000000000000e+02,-7.860000000000000000e+02
4.940000000000000000e+02,-7.800000000000000000e+02
5.270000000000000000e+02,-7.790000000000000000e+02
5.600000000000000000e+02,-7.780000000000000000e+02
5.910000000000000000e+02,-7.800000000000000000e+02
6.180000000000000000e+02,-7.820000000000000000e+02
6.410000000000000000e+02,-7.860000000000000000e+02
6.600000000000000000e+02,-7.910000000000000000e+02
6.740000000000000000e+02,-7.970000000000000000e+02
6.830000000000000000e+02,-8.030000000000000000e+02
6.830000000000000000e+02,-8.030000000000000000e+02
6.870000000000000000e+02,-8.170000000000000000e+02
6.790000000000000000e+02,-8.270000000000000000e+02
6.680000000000000000e+02,-8.380000000000000000e+02
6.500000000000000000e+02,-8.500000000000000000e+02
6.270000000000000000e+02,-8.660000000000000000e+02
6.000000000000000000e+02,-8.860000000000000000e+02
5.680000000000000000e+02,-9.070000000000000000e+02
5.350000000000000000e+02,-9.310000000000000000e+02
5.010000000000000000e+02,-9.570000000000000000e+02
4.690000000000000000e+02,-9.860000000000000000e+02
4.370000000000000000e+02,-1.013000000000000000e+03
4.100000000000000000e+02,-1.041000000000000000e+03
3.850000000000000000e+02,-1.067000000000000000e+03
3.620000000000000000e+02,-1.091000000000000000e+03
3.470000000000000000e+02,-1.112000000000000000e+03
3.350000000000000000e+02,-1.130000000000000000e+03
3.260000000000000000e+02,-1.146000000000000000e+03
3.260000000000000000e+02,-1.159000000000000000e+03
3.300000000000000000e+02,-1.170000000000000000e+03
3.370000000000000000e+02,-1.179000000000000000e+03
3.510000000000000000e+02,-1.186000000000000000e+03
3.700000000000000000e+02,-1.191000000000000000e+03
3.970000000000000000e+02,-1.195000000000000000e+03
4.280000000000000000e+02,-1.198000000000000000e+03
4.620000000000000000e+02,-1.198000000000000000e+03
4.970000000000000000e+02,-1.199000000000000000e+03
5.370000000000000000e+02,-1.197000000000000000e+03
5.760000000000000000e+02,-1.197000000000000000e+03
6.150000000000000000e+02,-1.197000000000000000e+03
6.530000000000000000e+02,-1.196000000000000000e+03
6.840000000000000000e+02,-1.197000000000000000e+03
7.130000000000000000e+02,-1.199000000000000000e+03
7.340000000000000000e+02,-1.201000000000000000e+03
7.540000000000000000e+02,-1.201000000000000000e+03
7.600000000000000000e+02,-1.210000000000000000e+03
7.600000000000000000e+02,-1.210000000000000000e+03
7.600000000000000000e+02,-1.210000000000000000e+03
7.510000000000000000e+02,-1.214000000000000000e+03
