-1.070790920953281627e-01,1.910400231788650594e+00
-1.070790920953281627e-01,1.910400231788650594e+00
-9.104337347443257344e-02,1.970534176617009026e+00
-9.104337347443257344e-02,1.970534176617009026e+00
-9.104337347443257344e-02,1.970534176617009026e+00
-3.491835830129805252e-02,2.018641332479695905e+00
-3.491835830129805252e-02,2.018641332479695905e+00
-3.491835830129805252e-02,2.018641332479695905e+00
-2.289156933562636401e-02,1.946480598685665697e+00
-2.289156933562636401e-02,1.946480598685665697e+00
-1.086478036995467897e-02,1.834230568339396683e+00
1.162008595717004987e-03,1.754051975234918848e+00
1.162008595717004987e-03,1.633784085578201983e+00
5.170938250940899927e-03,1.513516195921485119e+00
1.318879756138868937e-02,1.361176869022977076e+00
2.922451618228427001e-02,1.216855401434916883e+00
4.125130514795595504e-02,1.052489285570737065e+00
5.327809411362764008e-02,8.961410290170052084e-01
6.530488307929932512e-02,7.317749131528256124e-01
8.534953135541879787e-02,5.874534455647653086e-01
1.013852499763143733e-01,4.591676965976007052e-01
1.214298982524338461e-01,3.469176662513316356e-01
1.454834761837772161e-01,2.547122841811820804e-01
1.454834761837772161e-01,1.785426207319280589e-01
1.454834761837772161e-01,1.785426207319280589e-01
1.695370541151206001e-01,7.831937935133069517e-02
1.695370541151206001e-01,7.831937935133069517e-02
1.695370541151206001e-01,7.831937935133069517e-02
1.695370541151206001e-01,7.831937935133069517e-02
1.695370541151206001e-01,7.831937935133069517e-02
1.695370541151206001e-01,7.831937935133069517e-02
