5.640000000000000000e+02,-8.860000000000000000e+02
5.640000000000000000e+02,-8.860000000000000000e+02
5.640000000000000000e+02,-8.860000000000000000e+02
5.640000000000000000e+02,-8.860000000000000000e+02
5.680000000000000000e+02,-8.970000000000000000e+02
5.630000000000000000e+02,-9.220000000000000000e+02
5.660000000000000000e+02,-9.470000000000000000e+02
5.650000000000000000e+02,-9.830000000000000000e+02
5.680000000000000000e+02,-1.016000000000000000e+03
5.710000000000000000e+02,-1.054000000000000000e+03
5.740000000000000000e+02,-1.089000000000000000e+03
5.810000000000000000e+02,-1.119000000000000000e+03
5.810000000000000000e+02,-1.150000000000000000e+03
5.850000000000000000e+02,-1.174000000000000000e+03
5.890000000000000000e+02,-1.188000000000000000e+03
5.890000000000000000e+02,-1.188000000000000000e+03
5.890000000000000000e+02,-1.198000000000000000e+03
