-4.072367662954912704e-01,-2.720785664907996448e-01
-4.032278366402673453e-01,-2.159535513176651378e-01
-4.032278366402673453e-01,-2.159535513176651378e-01
-3.150313842253416596e-01,-1.638374657997545003e-01
-2.388617207760876660e-01,-1.317660285579633495e-01
-1.626920573268336445e-01,-1.237481692475155548e-01
-4.242416767011680800e-02,-9.568566166094828740e-02
6.180800336570446002e-02,-9.568566166094828740e-02
1.900937523328690981e-01,-8.365887269527660930e-02
3.223884309552576544e-01,-7.964994304005271197e-02
4.506741799224222578e-01,-9.167673200572440395e-02
5.468884916477957381e-01,-9.568566166094828740e-02
6.471117330283930880e-01,-7.964994304005271197e-02
7.112546075119754452e-01,-6.762315407438103387e-02
