8.580000000000000000e+02,-9.920000000000000000e+02
8.640000000000000000e+02,-9.620000000000000000e+02
8.650000000000000000e+02,-9.430000000000000000e+02
8.650000000000000000e+02,-9.430000000000000000e+02
8.680000000000000000e+02,-9.240000000000000000e+02
8.680000000000000000e+02,-9.240000000000000000e+02
8.680000000000000000e+02,-9.240000000000000000e+02
8.680000000000000000e+02,-9.240000000000000000e+02
8.620000000000000000e+02,-9.390000000000000000e+02
8.620000000000000000e+02,-9.390000000000000000e+02
8.620000000000000000e+02,-9.390000000000000000e+02
8.620000000000000000e+02,-9.390000000000000000e+02
8.620000000000000000e+02,-9.390000000000000000e+02
8.620000000000000000e+02,-9.190000000000000000e+02
8.620000000000000000e+02,-9.190000000000000000e+02
8.460000000000000000e+02,-9.040000000000000000e+02
8.460000000000000000e+02,-9.040000000000000000e+02
8.230000000000000000e+02,-9.000000000000000000e+02
8.110000000000000000e+02,-9.130000000000000000e+02
7.960000000000000000e+02,-9.330000000000000000e+02
7.940000000000000000e+02,-9.460000000000000000e+02
7.880000000000000000e+02,-9.690000000000000000e+02
