8.403765623053452982e-01,-1.573523622991524817e+00
8.403765623053452982e-01,-1.573523622991524817e+00
7.922694064426585303e-01,-1.312943195401971685e+00
7.922694064426585303e-01,-1.312943195401971685e+00
7.922694064426585303e-01,-1.312943195401971685e+00
7.922694064426585303e-01,-1.312943195401971685e+00
7.922694064426585303e-01,-1.312943195401971685e+00
7.922694064426585303e-01,-1.312943195401971685e+00
7.922694064426585303e-01,-1.312943195401971685e+00
1.056858763687435587e+00,-1.120514571951224836e+00
1.056858763687435587e+00,-1.120514571951224836e+00
1.056858763687435587e+00,-1.120514571951224836e+00
1.365546347139675598e+00,-1.216728883676598150e+00
1.365546347139675598e+00,-1.216728883676598150e+00
1.365546347139675598e+00,-1.216728883676598150e+00
1.630135704384452655e+00,-1.437220014713912475e+00
1.630135704384452655e+00,-1.437220014713912475e+00
1.630135704384452655e+00,-1.437220014713912475e+00
1.630135704384452655e+00,-1.437220014713912475e+00
1.630135704384452655e+00,-1.725862949890032860e+00
1.630135704384452655e+00,-1.725862949890032860e+00
1.630135704384452655e+00,-1.725862949890032860e+00
1.630135704384452655e+00,-1.725862949890032860e+00
1.309421331966540869e+00,-1.822077261615406396e+00
1.309421331966540869e+00,-1.822077261615406396e+00
1.309421331966540869e+00,-1.822077261615406396e+00
1.309421331966540869e+00,-1.822077261615406396e+00
1.028796256100868334e+00,-1.677755794027346203e+00
1.028796256100868334e+00,-1.677755794027346203e+00
1.028796256100868334e+00,-1.677755794027346203e+00
1.028796256100868334e+00,-1.677755794027346203e+00
1.020778396790420484e+00,-1.413166436782569146e+00
1.020778396790420484e+00,-1.413166436782569146e+00
1.020778396790420484e+00,-1.413166436782569146e+00
1.020778396790420484e+00,-1.413166436782569146e+00
1.281358824379973615e+00,-1.308934265746747760e+00
1.281358824379973615e+00,-1.308934265746747760e+00
1.281358824379973615e+00,-1.308934265746747760e+00
1.281358824379973615e+00,-1.308934265746747760e+00
1.281358824379973615e+00,-1.308934265746747760e+00
