6.908531204423691285e-01,1.264760035799492810e+00
6.908531204423691285e-01,1.264760035799492810e+00
6.908531204423691285e-01,1.264760035799492810e+00
6.908531204423691285e-01,1.264760035799492810e+00
6.908531204423691285e-01,1.264760035799492810e+00
3.581119590587859003e-01,9.360278040711332848e-01
3.581119590587859003e-01,9.360278040711332848e-01
1.095583204349044187e-01,5.471616275144155495e-01
-2.674528784270801055e-02,2.785633406144145674e-01
-1.670578257755443441e-01,1.798291302486139387e-02
-3.073703637083806672e-01,-2.866957407721545947e-01
-4.436739719859930653e-01,-6.194369021557378785e-01
-5.599329319874860600e-01,-9.241155559527539642e-01
-6.561472437128594848e-01,-1.244829928370665417e+00
-7.242990478516657671e-01,-1.525455004236338175e+00
-7.242990478516657671e-01,-1.525455004236338175e+00
-8.365490781979347812e-01,-1.942383688379623274e+00
