9.134802681715120665e-01,3.320306679100337277e+00
9.134802681715120665e-01,3.320306679100337277e+00
9.736142129998704986e-01,3.332333468066008830e+00
9.736142129998704986e-01,3.332333468066008830e+00
9.736142129998704986e-01,3.332333468066008830e+00
9.736142129998704986e-01,3.332333468066008830e+00
9.255070571371837307e-01,3.276208452892874323e+00
9.255070571371837307e-01,3.276208452892874323e+00
8.373106047222580450e-01,3.171976281857053159e+00
7.811855895491235380e-01,3.111842337028694505e+00
7.210516447207651058e-01,3.015628025303321191e+00
6.488909109267350095e-01,2.907386924612275880e+00
6.168194736849438309e-01,2.815181542542126270e+00
5.687123178222570630e-01,2.718967230816752956e+00
5.326319509252419593e-01,2.610726130125707645e+00
5.206051619595702951e-01,2.534556466676453734e+00
5.206051619595702951e-01,2.446360014261528271e+00
