4.270000000000000000e+02,-7.420000000000000000e+02
4.410000000000000000e+02,-7.260000000000000000e+02
4.510000000000000000e+02,-7.170000000000000000e+02
4.510000000000000000e+02,-7.170000000000000000e+02
4.690000000000000000e+02,-7.120000000000000000e+02
4.660000000000000000e+02,-7.290000000000000000e+02
4.700000000000000000e+02,-7.470000000000000000e+02
4.610000000000000000e+02,-7.800000000000000000e+02
4.560000000000000000e+02,-8.160000000000000000e+02
4.470000000000000000e+02,-8.610000000000000000e+02
4.400000000000000000e+02,-9.060000000000000000e+02
4.320000000000000000e+02,-9.540000000000000000e+02
4.280000000000000000e+02,-9.960000000000000000e+02
4.230000000000000000e+02,-1.038000000000000000e+03
4.200000000000000000e+02,-1.074000000000000000e+03
4.250000000000000000e+02,-1.100000000000000000e+03
4.250000000000000000e+02,-1.124000000000000000e+03
4.300000000000000000e+02,-1.134000000000000000e+03
4.400000000000000000e+02,-1.138000000000000000e+03
4.510000000000000000e+02,-1.134000000000000000e+03
4.650000000000000000e+02,-1.120000000000000000e+03
