6.200000000000000000e+02,-1.356000000000000000e+03
6.050000000000000000e+02,-1.365000000000000000e+03
6.030000000000000000e+02,-1.381000000000000000e+03
6.010000000000000000e+02,-1.403000000000000000e+03
5.940000000000000000e+02,-1.439000000000000000e+03
5.950000000000000000e+02,-1.475000000000000000e+03
5.910000000000000000e+02,-1.527000000000000000e+03
5.970000000000000000e+02,-1.570000000000000000e+03
6.000000000000000000e+02,-1.625000000000000000e+03
6.140000000000000000e+02,-1.671000000000000000e+03
6.300000000000000000e+02,-1.717000000000000000e+03
6.560000000000000000e+02,-1.751000000000000000e+03
6.860000000000000000e+02,-1.774000000000000000e+03
7.250000000000000000e+02,-1.780000000000000000e+03
7.670000000000000000e+02,-1.778000000000000000e+03
8.130000000000000000e+02,-1.765000000000000000e+03
8.590000000000000000e+02,-1.741000000000000000e+03
9.040000000000000000e+02,-1.706000000000000000e+03
9.440000000000000000e+02,-1.665000000000000000e+03
9.780000000000000000e+02,-1.622000000000000000e+03
1.005000000000000000e+03,-1.579000000000000000e+03
1.019000000000000000e+03,-1.545000000000000000e+03
1.033000000000000000e+03,-1.504000000000000000e+03
1.037000000000000000e+03,-1.477000000000000000e+03
1.031000000000000000e+03,-1.457000000000000000e+03
1.022000000000000000e+03,-1.439000000000000000e+03
1.007000000000000000e+03,-1.427000000000000000e+03
