9.440000000000000000e+02,-1.344000000000000000e+03
9.510000000000000000e+02,-1.326000000000000000e+03
9.510000000000000000e+02,-1.326000000000000000e+03
9.510000000000000000e+02,-1.326000000000000000e+03
9.480000000000000000e+02,-1.313000000000000000e+03
9.480000000000000000e+02,-1.313000000000000000e+03
9.360000000000000000e+02,-1.326000000000000000e+03
9.230000000000000000e+02,-1.352000000000000000e+03
9.140000000000000000e+02,-1.376000000000000000e+03
8.950000000000000000e+02,-1.414000000000000000e+03
8.820000000000000000e+02,-1.457000000000000000e+03
8.650000000000000000e+02,-1.513000000000000000e+03
8.520000000000000000e+02,-1.575000000000000000e+03
8.370000000000000000e+02,-1.638000000000000000e+03
8.250000000000000000e+02,-1.703000000000000000e+03
8.140000000000000000e+02,-1.765000000000000000e+03
8.100000000000000000e+02,-1.819000000000000000e+03
8.100000000000000000e+02,-1.867000000000000000e+03
8.070000000000000000e+02,-1.907000000000000000e+03
8.110000000000000000e+02,-1.934000000000000000e+03
8.080000000000000000e+02,-1.955000000000000000e+03
8.080000000000000000e+02,-1.955000000000000000e+03
8.220000000000000000e+02,-1.959000000000000000e+03
8.220000000000000000e+02,-1.959000000000000000e+03
8.230000000000000000e+02,-1.935000000000000000e+03
8.170000000000000000e+02,-1.916000000000000000e+03
