8.940000000000000000e+02,-1.332000000000000000e+03
8.980000000000000000e+02,-1.313000000000000000e+03
8.980000000000000000e+02,-1.313000000000000000e+03
9.240000000000000000e+02,-1.283000000000000000e+03
9.530000000000000000e+02,-1.255000000000000000e+03
9.860000000000000000e+02,-1.239000000000000000e+03
1.033000000000000000e+03,-1.216000000000000000e+03
1.078000000000000000e+03,-1.204000000000000000e+03
1.126000000000000000e+03,-1.192000000000000000e+03
1.173000000000000000e+03,-1.194000000000000000e+03
1.215000000000000000e+03,-1.200000000000000000e+03
1.245000000000000000e+03,-1.218000000000000000e+03
1.272000000000000000e+03,-1.246000000000000000e+03
1.283000000000000000e+03,-1.287000000000000000e+03
1.286000000000000000e+03,-1.331000000000000000e+03
1.280000000000000000e+03,-1.381000000000000000e+03
1.271000000000000000e+03,-1.429000000000000000e+03
1.254000000000000000e+03,-1.475000000000000000e+03
1.236000000000000000e+03,-1.521000000000000000e+03
1.220000000000000000e+03,-1.560000000000000000e+03
1.194000000000000000e+03,-1.596000000000000000e+03
1.177000000000000000e+03,-1.619000000000000000e+03
1.161000000000000000e+03,-1.638000000000000000e+03
1.143000000000000000e+03,-1.661000000000000000e+03
1.132000000000000000e+03,-1.677000000000000000e+03
1.116000000000000000e+03,-1.700000000000000000e+03
