-8.581723981519499000e-01,-1.206295648321337843e+00
-8.581723981519499000e-01,-1.206295648321337843e+00
-7.499312974609048110e-01,-1.162197422113875112e+00
-6.817794933220985287e-01,-1.170215281424322962e+00
-5.855651815967251039e-01,-1.158188492458651186e+00
-4.452526436638887808e-01,-1.150170633148203336e+00
-2.768775981444852041e-01,-1.146161703492979411e+00
-6.039539676239486649e-02,-1.114090266251188455e+00
1.480689453092476626e-01,-1.110081336595964530e+00
3.765779356570096992e-01,-1.078009899354173351e+00
6.010779963495478384e-01,-1.061974180733277651e+00
7.975155494555186131e-01,-1.037920602801934322e+00
9.498548763540266560e-01,-1.017875954525814919e+00
1.126247781183878027e+00,-9.537330800422325616e-01
1.186381726012236459e+00,-9.176527131452174579e-01
1.246515670840594892e+00,-8.374741200407396224e-01
