1.019000000000000000e+03,-1.418000000000000000e+03
1.019000000000000000e+03,-1.418000000000000000e+03
1.019000000000000000e+03,-1.418000000000000000e+03
1.019000000000000000e+03,-1.418000000000000000e+03
1.033000000000000000e+03,-1.421000000000000000e+03
1.049000000000000000e+03,-1.430000000000000000e+03
1.067000000000000000e+03,-1.439000000000000000e+03
1.090000000000000000e+03,-1.445000000000000000e+03
1.114000000000000000e+03,-1.456000000000000000e+03
1.141000000000000000e+03,-1.466000000000000000e+03
1.170000000000000000e+03,-1.471000000000000000e+03
1.203000000000000000e+03,-1.472000000000000000e+03
1.233000000000000000e+03,-1.472000000000000000e+03
1.286000000000000000e+03,-1.456000000000000000e+03
1.328000000000000000e+03,-1.448000000000000000e+03
1.385000000000000000e+03,-1.421000000000000000e+03
