-7.817412827686595067e-01,-1.046330640013437424e-01
-7.817412827686595067e-01,-1.046330640013437424e-01
-7.376430565611966639e-01,-1.286866419326871125e-01
-6.534555338014949033e-01,-1.166598529670154344e-01
-5.612501517313452926e-01,-8.057948607000037233e-02
-3.728304579358222015e-01,-1.643661158641806022e-02
-1.483303972432841178e-01,3.167054427626867646e-02
8.017859310447790488e-02,8.779555944940320433e-02
3.167054427626876945e-01,1.519384339329855338e-01
5.652590813865692176e-01,2.200902380717917328e-01
7.737234234582117676e-01,2.722063235897023703e-01
9.581341875985108780e-01,3.323402684180608024e-01
