7.850000000000000000e+02,-1.548000000000000000e+03
7.510000000000000000e+02,-1.545000000000000000e+03
7.370000000000000000e+02,-1.540000000000000000e+03
7.370000000000000000e+02,-1.540000000000000000e+03
7.130000000000000000e+02,-1.539000000000000000e+03
7.130000000000000000e+02,-1.539000000000000000e+03
7.130000000000000000e+02,-1.539000000000000000e+03
7.210000000000000000e+02,-1.519000000000000000e+03
7.210000000000000000e+02,-1.519000000000000000e+03
7.540000000000000000e+02,-1.510000000000000000e+03
7.750000000000000000e+02,-1.510000000000000000e+03
8.100000000000000000e+02,-1.506000000000000000e+03
8.430000000000000000e+02,-1.510000000000000000e+03
8.830000000000000000e+02,-1.510000000000000000e+03
9.230000000000000000e+02,-1.521000000000000000e+03
9.660000000000000000e+02,-1.530000000000000000e+03
1.007000000000000000e+03,-1.542000000000000000e+03
1.048000000000000000e+03,-1.551000000000000000e+03
1.087000000000000000e+03,-1.558000000000000000e+03
1.120000000000000000e+03,-1.564000000000000000e+03
1.156000000000000000e+03,-1.561000000000000000e+03
1.182000000000000000e+03,-1.566000000000000000e+03
1.201000000000000000e+03,-1.560000000000000000e+03
1.223000000000000000e+03,-1.548000000000000000e+03
1.223000000000000000e+03,-1.548000000000000000e+03
