1.715249188199368391e-01,7.874683251332911457e-03
8.332846640501115343e-02,3.192826118267628327e-02
1.517666226620494052e-02,8.805327635581081114e-02
-8.905550876961632056e-02,1.121068542871541812e-01
-1.732430315293181089e-01,1.562050804946170102e-01
-2.854930618755871508e-01,1.682318694602887021e-01
-4.017520218770801455e-01,1.802586584259603941e-01
-5.300377708442447489e-01,1.722407991155125995e-01
-6.663413791218572024e-01,1.441782915289453459e-01
-7.986360577442457309e-01,9.607113566625860579e-02
-9.469664549875298487e-01,7.874683251332911457e-03
-1.059216485333798863e+00,-8.032176916359277941e-02
-1.179484374990515727e+00,-1.965807291650857325e-01
-1.259662968094993563e+00,-3.288754077874742610e-01
-1.331823701889023770e+00,-4.731968753755344537e-01
-1.363895139130814949e+00,-6.175183429635946464e-01
-1.355877279820367098e+00,-7.618398105516549501e-01
-1.327814772233799845e+00,-9.101702077949390679e-01
-1.247636179129322009e+00,-1.042464886417327596e+00
-1.139395078438276698e+00,-1.162732776074044461e+00
-9.830468218845448414e-01,-1.270973876765089550e+00
-7.986360577442457309e-01,-1.343134610559119757e+00
-5.781449267069315168e-01,-1.387232836766582489e+00
-3.295912880830500491e-01,-1.403268555387478189e+00
-7.702871980394464246e-02,-1.391241766421806414e+00
1.835517077856085311e-01,-1.343134610559119757e+00
4.200785574438183345e-01,-1.266964947109865625e+00
6.325518291706847540e-01,-1.166741705729268386e+00
7.969179450348644611e-01,-1.046473816072551521e+00
9.171858346915813254e-01,-9.141791374501628820e-01
9.773197795199397575e-01,-7.818844588277743535e-01
9.813287091751635716e-01,-6.495897802053858250e-01
9.292126236572529896e-01,-5.092772422725495574e-01
8.129536636557600504e-01,-3.850004229606087680e-01
6.445786181363564182e-01,-2.687414629591158288e-01
4.441321353751617185e-01,-1.605003622680706843e-01
2.276499339930713739e-01,-7.631283950836888208e-02
-1.288584532036232341e-02,-1.617889468001045689e-02
-2.694573432546916170e-01,1.589254256178070090e-02
-4.618859667054385776e-01,5.197290945879575602e-02
-6.743592384323049416e-01,1.589254256178070090e-02
-7.826003391233501416e-01,1.990147221700459476e-02
