1.156000000000000000e+03,-1.364000000000000000e+03
1.138000000000000000e+03,-1.367000000000000000e+03
1.138000000000000000e+03,-1.367000000000000000e+03
1.106000000000000000e+03,-1.361000000000000000e+03
1.084000000000000000e+03,-1.361000000000000000e+03
1.064000000000000000e+03,-1.359000000000000000e+03
1.040000000000000000e+03,-1.364000000000000000e+03
1.018000000000000000e+03,-1.367000000000000000e+03
9.870000000000000000e+02,-1.381000000000000000e+03
9.600000000000000000e+02,-1.393000000000000000e+03
9.270000000000000000e+02,-1.418000000000000000e+03
8.940000000000000000e+02,-1.442000000000000000e+03
8.580000000000000000e+02,-1.480000000000000000e+03
8.260000000000000000e+02,-1.515000000000000000e+03
7.900000000000000000e+02,-1.558000000000000000e+03
7.630000000000000000e+02,-1.601000000000000000e+03
7.360000000000000000e+02,-1.646000000000000000e+03
7.160000000000000000e+02,-1.689000000000000000e+03
7.010000000000000000e+02,-1.733000000000000000e+03
6.960000000000000000e+02,-1.771000000000000000e+03
6.990000000000000000e+02,-1.804000000000000000e+03
7.120000000000000000e+02,-1.831000000000000000e+03
7.310000000000000000e+02,-1.854000000000000000e+03
7.580000000000000000e+02,-1.869000000000000000e+03
7.910000000000000000e+02,-1.881000000000000000e+03
8.310000000000000000e+02,-1.884000000000000000e+03
8.730000000000000000e+02,-1.884000000000000000e+03
9.170000000000000000e+02,-1.881000000000000000e+03
9.590000000000000000e+02,-1.872000000000000000e+03
1.001000000000000000e+03,-1.864000000000000000e+03
1.040000000000000000e+03,-1.852000000000000000e+03
1.076000000000000000e+03,-1.837000000000000000e+03
1.106000000000000000e+03,-1.821000000000000000e+03
1.132000000000000000e+03,-1.807000000000000000e+03
1.153000000000000000e+03,-1.792000000000000000e+03
1.170000000000000000e+03,-1.775000000000000000e+03
1.170000000000000000e+03,-1.775000000000000000e+03
1.185000000000000000e+03,-1.748000000000000000e+03
1.185000000000000000e+03,-1.748000000000000000e+03
1.179000000000000000e+03,-1.726000000000000000e+03
1.179000000000000000e+03,-1.726000000000000000e+03
1.147000000000000000e+03,-1.703000000000000000e+03
1.123000000000000000e+03,-1.694000000000000000e+03
1.093000000000000000e+03,-1.689000000000000000e+03
1.058000000000000000e+03,-1.686000000000000000e+03
1.021000000000000000e+03,-1.686000000000000000e+03
9.840000000000000000e+02,-1.691000000000000000e+03
9.480000000000000000e+02,-1.697000000000000000e+03
9.210000000000000000e+02,-1.703000000000000000e+03
8.970000000000000000e+02,-1.711000000000000000e+03
8.970000000000000000e+02,-1.711000000000000000e+03
8.970000000000000000e+02,-1.711000000000000000e+03
8.970000000000000000e+02,-1.711000000000000000e+03
9.230000000000000000e+02,-1.708000000000000000e+03
9.470000000000000000e+02,-1.699000000000000000e+03
