8.410400339188461860e-01,1.153458149133586019e+00
8.410400339188461860e-01,1.153458149133586019e+00
8.250043152979505967e-01,1.249672460858959555e+00
8.250043152979505967e-01,1.249672460858959555e+00
8.250043152979505967e-01,1.313815335342541912e+00
8.250043152979505967e-01,1.313815335342541912e+00
8.250043152979505967e-01,1.313815335342541912e+00
8.250043152979505967e-01,1.313815335342541912e+00
7.929328780561594181e-01,1.213592093961944451e+00
7.768971594352638288e-01,1.153458149133586019e+00
7.568525111591443144e-01,1.069270626373884259e+00
7.368078628830249110e-01,9.570205960276151336e-01
7.087453552964576575e-01,8.046812691291072017e-01
6.846917773651142181e-01,6.483330125753752338e-01
6.526203401233230394e-01,4.559043891246282731e-01
6.285667621919797110e-01,2.674846953291052376e-01
6.045131842606363826e-01,5.501142360223879729e-02
5.804596063292929431e-01,-1.494439888141798345e-01
5.564060283979496147e-01,-3.619172605410462817e-01
5.403703097770540253e-01,-5.623637433022410370e-01
5.283435208113823611e-01,-7.307387888216445582e-01
5.163167318457106969e-01,-8.991138343410481903e-01
5.082988725352628467e-01,-1.027399583308212794e+00
4.962720835695911825e-01,-1.135640683999257883e+00
4.922631539143672574e-01,-1.219828206758959865e+00
4.922631539143672574e-01,-1.219828206758959865e+00
5.082988725352628467e-01,-1.324060377794781029e+00
5.082988725352628467e-01,-1.324060377794781029e+00
