5.770000000000000000e+02,-7.430000000000000000e+02
5.770000000000000000e+02,-7.430000000000000000e+02
5.770000000000000000e+02,-7.430000000000000000e+02
5.770000000000000000e+02,-7.430000000000000000e+02
5.770000000000000000e+02,-7.430000000000000000e+02
5.770000000000000000e+02,-7.430000000000000000e+02
5.770000000000000000e+02,-7.430000000000000000e+02
5.770000000000000000e+02,-7.430000000000000000e+02
5.770000000000000000e+02,-7.430000000000000000e+02
6.110000000000000000e+02,-8.410000000000000000e+02
6.180000000000000000e+02,-9.060000000000000000e+02
6.210000000000000000e+02,-9.960000000000000000e+02
6.290000000000000000e+02,-1.102000000000000000e+03
6.420000000000000000e+02,-1.218000000000000000e+03
6.570000000000000000e+02,-1.338000000000000000e+03
6.720000000000000000e+02,-1.451000000000000000e+03
6.860000000000000000e+02,-1.555000000000000000e+03
7.060000000000000000e+02,-1.635000000000000000e+03
7.220000000000000000e+02,-1.702000000000000000e+03
7.220000000000000000e+02,-1.702000000000000000e+03
7.220000000000000000e+02,-1.702000000000000000e+03
7.820000000000000000e+02,-1.697000000000000000e+03
7.820000000000000000e+02,-1.697000000000000000e+03
