3.710000000000000000e+02,-8.210000000000000000e+02
3.650000000000000000e+02,-8.510000000000000000e+02
3.630000000000000000e+02,-8.850000000000000000e+02
3.520000000000000000e+02,-9.310000000000000000e+02
3.450000000000000000e+02,-9.860000000000000000e+02
3.430000000000000000e+02,-1.041000000000000000e+03
3.390000000000000000e+02,-1.108000000000000000e+03
3.430000000000000000e+02,-1.162000000000000000e+03
3.440000000000000000e+02,-1.222000000000000000e+03
3.540000000000000000e+02,-1.264000000000000000e+03
3.650000000000000000e+02,-1.298000000000000000e+03
3.850000000000000000e+02,-1.309000000000000000e+03
4.070000000000000000e+02,-1.306000000000000000e+03
4.350000000000000000e+02,-1.285000000000000000e+03
4.640000000000000000e+02,-1.254000000000000000e+03
4.990000000000000000e+02,-1.210000000000000000e+03
5.350000000000000000e+02,-1.160000000000000000e+03
5.670000000000000000e+02,-1.105000000000000000e+03
5.980000000000000000e+02,-1.045000000000000000e+03
6.240000000000000000e+02,-9.900000000000000000e+02
6.480000000000000000e+02,-9.340000000000000000e+02
6.620000000000000000e+02,-8.890000000000000000e+02
6.700000000000000000e+02,-8.480000000000000000e+02
6.750000000000000000e+02,-8.150000000000000000e+02
6.720000000000000000e+02,-7.880000000000000000e+02
6.670000000000000000e+02,-7.700000000000000000e+02
