-6.009842266685645473e-01,-6.995835978090709784e-01
-6.009842266685645473e-01,-6.995835978090709784e-01
-6.009842266685645473e-01,-6.995835978090709784e-01
-4.807163370118477386e-01,-6.835478791881755001e-01
-4.005377439073698476e-01,-6.875568088433993141e-01
-2.963055728715485726e-01,-6.835478791881755001e-01
-1.880644721805034003e-01,-6.955746681538471643e-01
-6.779658252378656380e-02,-6.995835978090709784e-01
5.648023678815417697e-02,-6.995835978090709784e-01
1.607124078239754450e-01,-7.116103867747427536e-01
3.130517347224834324e-01,-6.635032309120559857e-01
3.731856795508418645e-01,-6.875568088433993141e-01
4.934535692075587288e-01,-6.354407233254887322e-01
