-2.408091154262900768e-01,1.379254025472257172e+00
-2.408091154262900768e-01,1.379254025472257172e+00
-2.568448340471856661e-01,1.439387970300615605e+00
-2.568448340471856661e-01,1.439387970300615605e+00
-2.568448340471856661e-01,1.439387970300615605e+00
-1.646394519770360831e-01,1.455423688921511083e+00
-1.646394519770360831e-01,1.455423688921511083e+00
-1.646394519770360831e-01,1.455423688921511083e+00
-1.646394519770360831e-01,1.455423688921511083e+00
-1.646394519770360831e-01,1.455423688921511083e+00
-1.646394519770360831e-01,1.455423688921511083e+00
-1.646394519770360831e-01,1.455423688921511083e+00
-1.646394519770360831e-01,1.455423688921511083e+00
-2.408091154262900768e-01,1.455423688921511083e+00
-2.408091154262900768e-01,1.455423688921511083e+00
-2.408091154262900768e-01,1.455423688921511083e+00
-2.408091154262900768e-01,1.455423688921511083e+00
-2.408091154262900768e-01,1.455423688921511083e+00
-1.646394519770360831e-01,1.403307603403600501e+00
-1.646394519770360831e-01,1.403307603403600501e+00
-8.446085887255817826e-02,1.315111150988674815e+00
-4.437156232031922581e-02,1.242950417194644608e+00
2.378024181848698709e-02,1.178807542711062473e+00
8.391418664684541229e-02,1.074575371675241087e+00
1.640927797513233033e-01,9.623253413289720726e-01
2.482803025110250916e-01,8.099860144304640297e-01
3.485035438916224693e-01,6.456198985662843226e-01
4.326910666513242854e-01,4.411644861498656978e-01
5.289053783766977102e-01,2.166644254573276140e-01
6.090839714811756567e-01,-3.589814282177777177e-02
6.892625645856534922e-01,-3.205321483426742946e-01
7.373697204483402601e-01,-6.292197317949141944e-01
7.614232983796836995e-01,-9.539430338680496835e-01
7.173250721722208567e-01,-1.310737773182976351e+00
6.291286197572951711e-01,-1.699603949739694198e+00
5.248964487214738961e-01,-2.084461196641187897e+00
3.685481921677419281e-01,-2.485354162163577740e+00
2.121999356140100434e-01,-2.858184620099399886e+00
1.576238250803919938e-02,-3.239032937345669882e+00
-1.646394519770360831e-01,-3.575783028384476925e+00
-4.051752312904697839e-01,-3.940595627009851221e+00
-6.056217140516645392e-01,-4.273336788393434560e+00
-7.579610409501724710e-01,-4.517881497362091991e+00
-9.303450161248000283e-01,-4.766435135985974014e+00
