7.609827155128425780e-01,1.020739390433513805e+00
7.609827155128425780e-01,1.020739390433513805e+00
7.690005748232903171e-01,1.132989420779782819e+00
7.690005748232903171e-01,1.132989420779782819e+00
7.489559265471708027e-01,1.229203732505156355e+00
7.489559265471708027e-01,1.229203732505156355e+00
6.527416148217973779e-01,1.277310888367843011e+00
5.765719513725433565e-01,1.273301958712619086e+00
4.803576396471698762e-01,1.253257310436499683e+00
3.560808203352291423e-01,1.225194802849932429e+00
2.358129306785123058e-01,1.157042998711126147e+00
9.950932240089988001e-02,1.084882264917096162e+00
-4.080321553193645007e-02,9.766411642260509618e-01
-1.811157534647727663e-01,8.603822042245579116e-01
-3.174193617423852198e-01,7.280875256021693831e-01
-4.457051107095498232e-01,5.917839173245570406e-01
-5.659730003662666320e-01,4.193999421499295388e-01
-6.702051714020879070e-01,2.470159669753020371e-01
-7.584016238170135926e-01,5.057841386933119299e-02
-8.225444983005959498e-01,-1.298234206157440895e-01
-8.586248651976110535e-01,-3.262609737217149197e-01
-8.385802169214915391e-01,-4.986449488963424215e-01
-7.984909203692526214e-01,-6.549932054500743339e-01
-7.062855382991030107e-01,-7.872878840724628624e-01
-5.779997893319384072e-01,-8.955289847635079514e-01
-4.096247438125347751e-01,-9.636807889023142337e-01
-2.091782610513400475e-01,-1.003770085454553262e+00
3.135751826209366017e-02,-1.011787944765000891e+00
2.598665086098556620e-01,-9.997611557993292264e-01
5.084201472337371852e-01,-9.636807889023142337e-01
7.369291375814991385e-01,-9.316093516605230551e-01
9.694470575844850169e-01,-8.955289847635079514e-01
1.177911399656127678e+00,-8.594486178664929588e-01
1.350295374830755124e+00,-8.233682509694778551e-01
1.506643631384487092e+00,-7.872878840724628624e-01
1.638938310006875509e+00,-7.632343061411194229e-01
1.699072254835233942e+00,-7.752610951067911982e-01
1.699072254835233942e+00,-7.752610951067911982e-01
1.699072254835233942e+00,-7.752610951067911982e-01
