4.720000000000000000e+02,-4.290000000000000000e+02
4.720000000000000000e+02,-4.290000000000000000e+02
4.720000000000000000e+02,-4.290000000000000000e+02
4.720000000000000000e+02,-4.290000000000000000e+02
4.980000000000000000e+02,-3.880000000000000000e+02
4.980000000000000000e+02,-3.880000000000000000e+02
4.980000000000000000e+02,-3.880000000000000000e+02
4.980000000000000000e+02,-3.880000000000000000e+02
4.980000000000000000e+02,-3.880000000000000000e+02
4.980000000000000000e+02,-3.880000000000000000e+02
4.980000000000000000e+02,-3.880000000000000000e+02
4.980000000000000000e+02,-3.880000000000000000e+02
4.980000000000000000e+02,-3.880000000000000000e+02
4.980000000000000000e+02,-3.880000000000000000e+02
4.510000000000000000e+02,-3.640000000000000000e+02
4.510000000000000000e+02,-3.640000000000000000e+02
4.510000000000000000e+02,-3.640000000000000000e+02
4.510000000000000000e+02,-3.640000000000000000e+02
4.110000000000000000e+02,-3.990000000000000000e+02
4.110000000000000000e+02,-3.990000000000000000e+02
4.110000000000000000e+02,-3.990000000000000000e+02
3.830000000000000000e+02,-4.430000000000000000e+02
3.830000000000000000e+02,-4.430000000000000000e+02
3.650000000000000000e+02,-4.920000000000000000e+02
3.650000000000000000e+02,-4.920000000000000000e+02
3.500000000000000000e+02,-5.550000000000000000e+02
3.500000000000000000e+02,-5.550000000000000000e+02
3.370000000000000000e+02,-6.330000000000000000e+02
3.290000000000000000e+02,-6.800000000000000000e+02
3.240000000000000000e+02,-7.310000000000000000e+02
3.190000000000000000e+02,-7.860000000000000000e+02
3.150000000000000000e+02,-8.410000000000000000e+02
3.130000000000000000e+02,-9.010000000000000000e+02
3.140000000000000000e+02,-9.600000000000000000e+02
3.150000000000000000e+02,-1.018000000000000000e+03
3.190000000000000000e+02,-1.077000000000000000e+03
3.270000000000000000e+02,-1.129000000000000000e+03
3.360000000000000000e+02,-1.174000000000000000e+03
3.360000000000000000e+02,-1.174000000000000000e+03
3.640000000000000000e+02,-1.240000000000000000e+03
3.640000000000000000e+02,-1.240000000000000000e+03
3.640000000000000000e+02,-1.240000000000000000e+03
4.250000000000000000e+02,-1.256000000000000000e+03
4.250000000000000000e+02,-1.256000000000000000e+03
4.710000000000000000e+02,-1.210000000000000000e+03
4.710000000000000000e+02,-1.210000000000000000e+03
5.210000000000000000e+02,-1.127000000000000000e+03
5.440000000000000000e+02,-1.076000000000000000e+03
5.640000000000000000e+02,-1.017000000000000000e+03
5.840000000000000000e+02,-9.540000000000000000e+02
6.000000000000000000e+02,-8.910000000000000000e+02
6.130000000000000000e+02,-8.240000000000000000e+02
6.220000000000000000e+02,-7.550000000000000000e+02
6.240000000000000000e+02,-6.870000000000000000e+02
6.200000000000000000e+02,-6.220000000000000000e+02
6.120000000000000000e+02,-5.610000000000000000e+02
5.990000000000000000e+02,-5.090000000000000000e+02
5.800000000000000000e+02,-4.620000000000000000e+02
5.800000000000000000e+02,-4.620000000000000000e+02
5.280000000000000000e+02,-4.000000000000000000e+02
5.280000000000000000e+02,-4.000000000000000000e+02
4.660000000000000000e+02,-3.850000000000000000e+02
4.660000000000000000e+02,-3.850000000000000000e+02
4.020000000000000000e+02,-4.120000000000000000e+02
4.020000000000000000e+02,-4.120000000000000000e+02
3.540000000000000000e+02,-4.620000000000000000e+02
3.540000000000000000e+02,-4.620000000000000000e+02
3.230000000000000000e+02,-5.330000000000000000e+02
