9.680918515808412117e-01,2.887851875187251061e+00
9.961543591674085762e-01,2.939967960705161865e+00
9.961543591674085762e-01,2.939967960705161865e+00
9.961543591674085762e-01,2.939967960705161865e+00
9.961543591674085762e-01,2.939967960705161865e+00
9.360204143390501441e-01,2.939967960705161865e+00
9.360204143390501441e-01,2.939967960705161865e+00
8.237703839927810190e-01,2.787628633806653600e+00
7.275560722674075942e-01,2.667360744149936735e+00
6.153060419211384691e-01,2.507003557940981064e+00
4.910292226091977907e-01,2.322592793800681843e+00
3.948149108838243104e-01,2.138182029660382621e+00
3.346809660554658783e-01,1.981833773106650876e+00
2.905827398480030355e-01,1.865574813105157936e+00
2.905827398480030355e-01,1.865574813105157936e+00
