1.046000000000000000e+03,-1.329000000000000000e+03
1.043000000000000000e+03,-1.313000000000000000e+03
1.028000000000000000e+03,-1.310000000000000000e+03
1.018000000000000000e+03,-1.296000000000000000e+03
1.002000000000000000e+03,-1.290000000000000000e+03
9.860000000000000000e+02,-1.284000000000000000e+03
9.680000000000000000e+02,-1.277000000000000000e+03
9.410000000000000000e+02,-1.275000000000000000e+03
9.200000000000000000e+02,-1.274000000000000000e+03
8.880000000000000000e+02,-1.277000000000000000e+03
8.590000000000000000e+02,-1.280000000000000000e+03
8.260000000000000000e+02,-1.295000000000000000e+03
7.930000000000000000e+02,-1.307000000000000000e+03
7.570000000000000000e+02,-1.329000000000000000e+03
7.270000000000000000e+02,-1.355000000000000000e+03
6.950000000000000000e+02,-1.390000000000000000e+03
6.680000000000000000e+02,-1.427000000000000000e+03
6.420000000000000000e+02,-1.475000000000000000e+03
6.240000000000000000e+02,-1.524000000000000000e+03
6.110000000000000000e+02,-1.576000000000000000e+03
6.060000000000000000e+02,-1.634000000000000000e+03
6.090000000000000000e+02,-1.689000000000000000e+03
6.210000000000000000e+02,-1.742000000000000000e+03
6.410000000000000000e+02,-1.789000000000000000e+03
6.710000000000000000e+02,-1.828000000000000000e+03
7.070000000000000000e+02,-1.858000000000000000e+03
7.490000000000000000e+02,-1.879000000000000000e+03
7.990000000000000000e+02,-1.890000000000000000e+03
8.530000000000000000e+02,-1.888000000000000000e+03
9.080000000000000000e+02,-1.879000000000000000e+03
9.660000000000000000e+02,-1.860000000000000000e+03
1.022000000000000000e+03,-1.836000000000000000e+03
1.072000000000000000e+03,-1.806000000000000000e+03
1.117000000000000000e+03,-1.771000000000000000e+03
1.158000000000000000e+03,-1.733000000000000000e+03
1.186000000000000000e+03,-1.692000000000000000e+03
1.207000000000000000e+03,-1.652000000000000000e+03
1.218000000000000000e+03,-1.611000000000000000e+03
1.217000000000000000e+03,-1.572000000000000000e+03
1.206000000000000000e+03,-1.533000000000000000e+03
1.185000000000000000e+03,-1.495000000000000000e+03
1.155000000000000000e+03,-1.462000000000000000e+03
1.119000000000000000e+03,-1.430000000000000000e+03
1.078000000000000000e+03,-1.403000000000000000e+03
1.033000000000000000e+03,-1.381000000000000000e+03
9.960000000000000000e+02,-1.358000000000000000e+03
9.560000000000000000e+02,-1.346000000000000000e+03
9.210000000000000000e+02,-1.334000000000000000e+03
9.010000000000000000e+02,-1.317000000000000000e+03
8.850000000000000000e+02,-1.307000000000000000e+03
8.830000000000000000e+02,-1.290000000000000000e+03
