5.880000000000000000e+02,-6.560000000000000000e+02
5.990000000000000000e+02,-6.380000000000000000e+02
5.990000000000000000e+02,-6.380000000000000000e+02
6.030000000000000000e+02,-6.280000000000000000e+02
6.030000000000000000e+02,-6.280000000000000000e+02
6.030000000000000000e+02,-6.280000000000000000e+02
6.030000000000000000e+02,-6.400000000000000000e+02
5.990000000000000000e+02,-6.600000000000000000e+02
5.980000000000000000e+02,-6.810000000000000000e+02
5.940000000000000000e+02,-7.120000000000000000e+02
5.930000000000000000e+02,-7.470000000000000000e+02
5.870000000000000000e+02,-7.890000000000000000e+02
5.840000000000000000e+02,-8.340000000000000000e+02
5.770000000000000000e+02,-8.800000000000000000e+02
5.720000000000000000e+02,-9.260000000000000000e+02
5.640000000000000000e+02,-9.720000000000000000e+02
5.570000000000000000e+02,-1.014000000000000000e+03
5.490000000000000000e+02,-1.059000000000000000e+03
5.430000000000000000e+02,-1.101000000000000000e+03
5.380000000000000000e+02,-1.137000000000000000e+03
5.330000000000000000e+02,-1.169000000000000000e+03
5.320000000000000000e+02,-1.196000000000000000e+03
5.300000000000000000e+02,-1.219000000000000000e+03
5.350000000000000000e+02,-1.233000000000000000e+03
5.320000000000000000e+02,-1.249000000000000000e+03
5.320000000000000000e+02,-1.249000000000000000e+03
5.320000000000000000e+02,-1.249000000000000000e+03
5.410000000000000000e+02,-1.240000000000000000e+03
