-7.379637709336147600e-01,1.227213546057138283e+00
-8.181423640380925955e-01,1.251267123988481611e+00
-8.181423640380925955e-01,1.251267123988481611e+00
-8.702584495560032884e-01,1.275320701919824939e+00
-8.702584495560032884e-01,1.275320701919824939e+00
-8.702584495560032884e-01,1.275320701919824939e+00
-7.980977157619731921e-01,1.287347490885496715e+00
-6.617941074843607385e-01,1.315409998472063968e+00
-4.974279916201810314e-01,1.303383209506392193e+00
-2.568922123067473584e-01,1.323427857782511818e+00
3.688215282805819457e-03,1.311401068816840043e+00
3.123757987350457288e-01,1.315409998472063968e+00
6.170544525320617035e-01,1.303383209506392193e+00
8.856527394320626856e-01,1.287347490885496715e+00
1.142224237366392003e+00,1.279329631575048865e+00
1.302581423575347674e+00,1.239240335022810058e+00
1.414831453921616911e+00,1.207168897781018879e+00
1.466947539439527493e+00,1.203159968125794954e+00
1.466947539439527493e+00,1.203159968125794954e+00
1.374742157369377882e+00,1.183115319849675329e+00
