7.810000000000000000e+02,-1.212000000000000000e+03
7.810000000000000000e+02,-1.212000000000000000e+03
7.810000000000000000e+02,-1.212000000000000000e+03
7.790000000000000000e+02,-1.194000000000000000e+03
7.790000000000000000e+02,-1.194000000000000000e+03
7.790000000000000000e+02,-1.194000000000000000e+03
7.790000000000000000e+02,-1.194000000000000000e+03
7.790000000000000000e+02,-1.194000000000000000e+03
7.790000000000000000e+02,-1.194000000000000000e+03
7.790000000000000000e+02,-1.194000000000000000e+03
7.790000000000000000e+02,-1.194000000000000000e+03
7.790000000000000000e+02,-1.194000000000000000e+03
7.790000000000000000e+02,-1.194000000000000000e+03
7.630000000000000000e+02,-1.191000000000000000e+03
7.630000000000000000e+02,-1.191000000000000000e+03
7.630000000000000000e+02,-1.191000000000000000e+03
7.630000000000000000e+02,-1.191000000000000000e+03
7.490000000000000000e+02,-1.213000000000000000e+03
7.490000000000000000e+02,-1.213000000000000000e+03
7.360000000000000000e+02,-1.245000000000000000e+03
7.300000000000000000e+02,-1.266000000000000000e+03
7.210000000000000000e+02,-1.293000000000000000e+03
7.150000000000000000e+02,-1.323000000000000000e+03
7.060000000000000000e+02,-1.358000000000000000e+03
7.010000000000000000e+02,-1.396000000000000000e+03
6.960000000000000000e+02,-1.435000000000000000e+03
6.950000000000000000e+02,-1.472000000000000000e+03
6.950000000000000000e+02,-1.513000000000000000e+03
6.990000000000000000e+02,-1.551000000000000000e+03
7.060000000000000000e+02,-1.590000000000000000e+03
7.180000000000000000e+02,-1.625000000000000000e+03
7.300000000000000000e+02,-1.661000000000000000e+03
7.460000000000000000e+02,-1.694000000000000000e+03
7.630000000000000000e+02,-1.723000000000000000e+03
7.840000000000000000e+02,-1.750000000000000000e+03
8.080000000000000000e+02,-1.774000000000000000e+03
8.350000000000000000e+02,-1.795000000000000000e+03
8.640000000000000000e+02,-1.813000000000000000e+03
8.950000000000000000e+02,-1.828000000000000000e+03
9.270000000000000000e+02,-1.836000000000000000e+03
9.620000000000000000e+02,-1.842000000000000000e+03
9.980000000000000000e+02,-1.843000000000000000e+03
1.036000000000000000e+03,-1.840000000000000000e+03
1.072000000000000000e+03,-1.834000000000000000e+03
1.110000000000000000e+03,-1.821000000000000000e+03
1.146000000000000000e+03,-1.804000000000000000e+03
1.180000000000000000e+03,-1.783000000000000000e+03
1.214000000000000000e+03,-1.757000000000000000e+03
1.241000000000000000e+03,-1.726000000000000000e+03
1.263000000000000000e+03,-1.688000000000000000e+03
1.280000000000000000e+03,-1.646000000000000000e+03
1.289000000000000000e+03,-1.598000000000000000e+03
1.292000000000000000e+03,-1.548000000000000000e+03
1.287000000000000000e+03,-1.498000000000000000e+03
1.277000000000000000e+03,-1.447000000000000000e+03
1.263000000000000000e+03,-1.397000000000000000e+03
1.250000000000000000e+03,-1.355000000000000000e+03
1.235000000000000000e+03,-1.317000000000000000e+03
1.221000000000000000e+03,-1.287000000000000000e+03
1.211000000000000000e+03,-1.264000000000000000e+03
1.203000000000000000e+03,-1.248000000000000000e+03
1.197000000000000000e+03,-1.233000000000000000e+03
1.197000000000000000e+03,-1.233000000000000000e+03
1.197000000000000000e+03,-1.233000000000000000e+03
1.197000000000000000e+03,-1.233000000000000000e+03
1.197000000000000000e+03,-1.233000000000000000e+03
1.197000000000000000e+03,-1.233000000000000000e+03
1.197000000000000000e+03,-1.233000000000000000e+03
1.209000000000000000e+03,-1.255000000000000000e+03
1.212000000000000000e+03,-1.272000000000000000e+03
1.212000000000000000e+03,-1.272000000000000000e+03
