6.870000000000000000e+02,-1.263000000000000000e+03
6.980000000000000000e+02,-1.278000000000000000e+03
6.980000000000000000e+02,-1.278000000000000000e+03
6.980000000000000000e+02,-1.278000000000000000e+03
6.980000000000000000e+02,-1.278000000000000000e+03
7.020000000000000000e+02,-1.257000000000000000e+03
7.020000000000000000e+02,-1.257000000000000000e+03
6.890000000000000000e+02,-1.221000000000000000e+03
6.780000000000000000e+02,-1.200000000000000000e+03
6.800000000000000000e+02,-1.167000000000000000e+03
6.860000000000000000e+02,-1.135000000000000000e+03
7.070000000000000000e+02,-1.099000000000000000e+03
7.340000000000000000e+02,-1.069000000000000000e+03
7.690000000000000000e+02,-1.035000000000000000e+03
8.110000000000000000e+02,-1.011000000000000000e+03
8.580000000000000000e+02,-9.900000000000000000e+02
9.060000000000000000e+02,-9.780000000000000000e+02
9.530000000000000000e+02,-9.740000000000000000e+02
9.920000000000000000e+02,-9.800000000000000000e+02
1.021000000000000000e+03,-9.980000000000000000e+02
1.043000000000000000e+03,-1.022000000000000000e+03
1.058000000000000000e+03,-1.055000000000000000e+03
1.063000000000000000e+03,-1.097000000000000000e+03
1.057000000000000000e+03,-1.145000000000000000e+03
1.040000000000000000e+03,-1.197000000000000000e+03
1.013000000000000000e+03,-1.252000000000000000e+03
9.770000000000000000e+02,-1.313000000000000000e+03
9.350000000000000000e+02,-1.374000000000000000e+03
8.920000000000000000e+02,-1.436000000000000000e+03
8.530000000000000000e+02,-1.497000000000000000e+03
8.190000000000000000e+02,-1.552000000000000000e+03
7.930000000000000000e+02,-1.607000000000000000e+03
7.760000000000000000e+02,-1.655000000000000000e+03
7.720000000000000000e+02,-1.697000000000000000e+03
7.810000000000000000e+02,-1.732000000000000000e+03
8.000000000000000000e+02,-1.760000000000000000e+03
8.260000000000000000e+02,-1.780000000000000000e+03
8.580000000000000000e+02,-1.793000000000000000e+03
8.920000000000000000e+02,-1.801000000000000000e+03
9.320000000000000000e+02,-1.800000000000000000e+03
9.710000000000000000e+02,-1.795000000000000000e+03
1.004000000000000000e+03,-1.781000000000000000e+03
1.028000000000000000e+03,-1.759000000000000000e+03
1.039000000000000000e+03,-1.729000000000000000e+03
1.033000000000000000e+03,-1.689000000000000000e+03
1.012000000000000000e+03,-1.644000000000000000e+03
9.690000000000000000e+02,-1.590000000000000000e+03
9.170000000000000000e+02,-1.533000000000000000e+03
8.550000000000000000e+02,-1.471000000000000000e+03
7.910000000000000000e+02,-1.409000000000000000e+03
7.300000000000000000e+02,-1.352000000000000000e+03
6.770000000000000000e+02,-1.299000000000000000e+03
6.390000000000000000e+02,-1.254000000000000000e+03
6.110000000000000000e+02,-1.219000000000000000e+03
6.050000000000000000e+02,-1.182000000000000000e+03
6.140000000000000000e+02,-1.159000000000000000e+03
6.350000000000000000e+02,-1.141000000000000000e+03
6.710000000000000000e+02,-1.126000000000000000e+03
