-9.403167224641824085e-01,1.386347266326870553e+00
-9.483345817746301476e-01,1.238016869083586435e+00
-9.122542148776151549e-01,1.097704331150749946e+00
-8.922095666014956405e-01,8.972578483895553569e-01
-8.400934810835850586e-01,6.928024359731366211e-01
-7.959952548761222157e-01,4.402398676940312838e-01
-7.238345210820921194e-01,1.716415807940303295e-01
-6.556827169432858371e-01,-1.049745654164184194e-01
-5.674862645283601514e-01,-3.775817819716432711e-01
-4.832987417686583909e-01,-6.221264909403008136e-01
-3.790665707328371159e-01,-8.466265516328389529e-01
-2.748343996970158409e-01,-1.023019456462690435e+00
-1.425397210746273124e-01,-1.151305205429854928e+00
-6.236112797014897041e-03,-1.211439150258213360e+00
1.420942844462692034e-01,-1.203421290947765732e+00
2.864157520343294516e-01,-1.151305205429854928e+00
4.347461492776135694e-01,-1.035046245428361988e+00
5.750586872104498370e-01,-8.786979888746301315e-01
6.953265768671667013e-01,-6.662247171477636565e-01
7.915408885925402371e-01,-4.176710785238822443e-01
8.516748334208986693e-01,-1.410549323134334676e-01
8.717194816970180726e-01,1.556058621731347402e-01
8.637016223865703335e-01,4.442487973492552089e-01
8.596926927313464084e-01,7.409095918358233890e-01
7.755051699716446478e-01,9.654096525283615282e-01
7.554605216955251334e-01,1.229999009773138585e+00
6.592462099701517086e-01,1.370311547705974853e+00
