-6.708876211787044852e-01,5.859793919641306248e-01
-6.708876211787044852e-01,5.859793919641306248e-01
-6.708876211787044852e-01,5.859793919641306248e-01
-6.708876211787044852e-01,5.859793919641306248e-01
-6.708876211787044852e-01,5.859793919641306248e-01
-6.708876211787044852e-01,5.859793919641306248e-01
-7.109769177309435140e-01,5.498990250671155211e-01
-7.270126363518391033e-01,5.138186581701005284e-01
-7.430483549727346926e-01,4.617025726521898910e-01
-7.550751439384063568e-01,4.256222057551748428e-01
-7.590840735936302819e-01,3.694971905820402802e-01
-7.550751439384063568e-01,3.334168236850252320e-01
-7.510662142831824317e-01,2.933275271327863143e-01
-7.510662142831824317e-01,2.933275271327863143e-01
-7.189947770413912531e-01,2.251757229939800875e-01
-7.189947770413912531e-01,2.251757229939800875e-01
-6.588608322130328210e-01,1.770685671312933473e-01
-6.187715356607939032e-01,1.490060595447260661e-01
-6.187715356607939032e-01,1.490060595447260661e-01
-5.426018722115398818e-01,1.049078333372632371e-01
-5.025125756593009640e-01,8.085425540591986704e-02
-4.503964901413903266e-01,7.684532575069596971e-02
-4.062982639339274837e-01,6.882746644024817506e-02
-3.501732487607929212e-01,9.288104437159154514e-02
-3.020660928981062088e-01,1.169346223029349152e-01
-2.499500073801955713e-01,1.730596374760694500e-01
-2.018428515175088311e-01,2.251757229939800875e-01
-1.537356956548220910e-01,2.853096678223385196e-01
-1.096374694473592482e-01,3.574704016163686160e-01
-6.954817289512030265e-02,4.376489947208465070e-01
-2.945887634288135368e-02,5.138186581701005284e-01
2.612560898909805415e-03,5.739526029984589606e-01
3.468399814070096537e-02,6.300776181715934676e-01
6.675543538249212316e-02,6.701669147238323854e-01
6.675543538249212316e-02,6.701669147238323854e-01
1.148625912451788633e-01,7.182740705865191533e-01
1.148625912451788633e-01,7.182740705865191533e-01
1.148625912451788633e-01,7.182740705865191533e-01
1.589608174526417061e-01,7.062472816208474891e-01
1.589608174526417061e-01,7.062472816208474891e-01
1.790054657287611928e-01,6.461133367924890569e-01
1.910322546944328570e-01,6.100329698954739532e-01
1.990501140048806517e-01,5.699436733432350355e-01
2.110769029705523436e-01,5.138186581701005284e-01
2.271126215914479329e-01,4.376489947208465070e-01
2.511661995227912891e-01,3.654882609268164106e-01
2.672019181436868784e-01,2.772918085118907250e-01
2.912554960750302624e-01,1.770685671312933473e-01
3.072912146959257962e-01,5.680067747457649002e-02
3.233269333168213855e-01,-5.945828252691646304e-02
3.433715815929408999e-01,-1.797261721836333204e-01
3.513894409033886390e-01,-2.999940618403501569e-01
3.674251595242842283e-01,-4.282798108075148158e-01
3.674251595242842283e-01,-5.485477004642316246e-01
3.674251595242842283e-01,-6.768334494313962280e-01
3.553983705586125641e-01,-7.890834797776653531e-01
3.393626519377169748e-01,-8.933156508134866280e-01
3.233269333168213855e-01,-9.935388921940839779e-01
2.992733553854780015e-01,-1.077726414953785739e+00
2.672019181436868784e-01,-1.149887148747815946e+00
2.311215512466718025e-01,-1.189976445300054753e+00
2.311215512466718025e-01,-1.189976445300054753e+00
1.669786767630895008e-01,-1.210021093576174378e+00
1.669786767630895008e-01,-1.210021093576174378e+00
1.028358022795071852e-01,-1.149887148747815946e+00
7.878222434816381514e-02,-1.097771063229905142e+00
5.071971676159654774e-02,-1.037637118401546710e+00
3.869292779592486270e-02,-9.775031735731883886e-01
2.666613883025317419e-02,-9.093513694343822173e-01
2.666613883025317419e-02,-8.452084949507998601e-01
3.067506848547707152e-02,-7.730477611567697638e-01
6.274650572726822584e-02,-6.888602383970680032e-01
9.080901331383549324e-02,-5.926459266716944674e-01
1.308983098660744526e-01,-5.004405446015448566e-01
1.790054657287611928e-01,-4.002173032209475068e-01
2.351304809018956998e-01,-2.919762025299023622e-01
2.872465664198063373e-01,-2.077886797702005739e-01
3.473805112481647694e-01,-1.236011570104987856e-01
4.035055264212992765e-01,-5.144042321646866839e-02
4.556216119392099140e-01,8.693521611889753337e-03
5.157555567675683461e-01,4.477388850890480498e-02
5.718805719407028532e-01,9.288104437159154514e-02
6.280055871138373602e-01,1.209435519581588125e-01
6.761127429765241281e-01,1.449971298895021687e-01
7.482734767705542245e-01,1.890953560969650116e-01
8.043984919436888426e-01,2.091400043730844982e-01
8.444877884959277603e-01,2.251757229939800875e-01
9.246663816004055958e-01,2.612560898909951357e-01
9.607467484974206995e-01,2.652650195462190053e-01
