-5.721177321220124457e-01,1.179494725067078864e+00
-5.721177321220124457e-01,1.179494725067078864e+00
-5.721177321220124457e-01,1.179494725067078864e+00
-5.721177321220124457e-01,1.179494725067078864e+00
-5.921623803981318490e-01,1.235619740240213371e+00
-5.921623803981318490e-01,1.235619740240213371e+00
-5.921623803981318490e-01,1.235619740240213371e+00
-5.921623803981318490e-01,1.235619740240213371e+00
-5.921623803981318490e-01,1.235619740240213371e+00
-5.921623803981318490e-01,1.235619740240213371e+00
-5.921623803981318490e-01,1.235619740240213371e+00
-5.921623803981318490e-01,1.235619740240213371e+00
-5.921623803981318490e-01,1.235619740240213371e+00
-5.921623803981318490e-01,1.235619740240213371e+00
-5.921623803981318490e-01,1.235619740240213371e+00
-5.921623803981318490e-01,1.235619740240213371e+00
-5.961713100533557741e-01,1.151432217480511611e+00
-5.961713100533557741e-01,1.151432217480511611e+00
-6.041891693638035132e-01,1.035173257479018671e+00
-6.041891693638035132e-01,9.590035940297646500e-01
-6.162159583294752885e-01,8.547714229939433750e-01
-6.202248879846991025e-01,7.264856740267787716e-01
-6.402695362608186169e-01,5.821642064387185789e-01
-6.522963252264902811e-01,4.137891609193149467e-01
-6.723409735026097955e-01,2.253694671237918834e-01
-6.883766921235053848e-01,2.091405470737324468e-02
-7.004034810891770491e-01,-2.156127949508365449e-01
-7.124302700548487133e-01,-4.601575039194941708e-01
-7.244570590205203775e-01,-7.207379315090473026e-01
-7.324749183309682277e-01,-9.773094294433766205e-01
-7.244570590205203775e-01,-1.233880927377705827e+00
-7.124302700548487133e-01,-1.478425636346363481e+00
-6.883766921235053848e-01,-1.698916767383677584e+00
-6.522963252264902811e-01,-1.907381109455320134e+00
-6.162159583294752885e-01,-2.079765084629947580e+00
-5.681088024667885206e-01,-2.216068692907560145e+00
-5.119837872936540135e-01,-2.328318723253829159e+00
-4.478409128100716563e-01,-2.408497316358307216e+00
-3.756801790160415599e-01,-2.456604472220993873e+00
-2.955015859115636689e-01,-2.472640190841889574e+00
-2.032962038414140582e-01,-2.472640190841889574e+00
-1.191086810817122699e-01,-2.436559823944874470e+00
-1.086758039066711319e-02,-2.372416949461292113e+00
8.935566098993026618e-02,-2.276202637735918355e+00
1.935878320257515273e-01,-2.147916888768754085e+00
2.978200030615728022e-01,-1.983550772904574266e+00
3.940343147869462825e-01,-1.775086430832931716e+00
4.782218375466480431e-01,-1.542568510829945838e+00
5.503825713406781395e-01,-1.294014872206064259e+00
6.065075865138127575e-01,-1.049470163237406606e+00
6.465968830660516753e-01,-8.049254542687490632e-01
6.666415313421710787e-01,-5.844343232314348491e-01
6.906951092735145181e-01,-3.639431921941206904e-01
6.906951092735145181e-01,-1.915592170194931887e-01
6.906951092735145181e-01,-3.921989012098518051e-02
6.826772499630666680e-01,9.307478850140335491e-02
6.706504609973950037e-01,2.013158891924485272e-01
6.666415313421710787e-01,2.975302009178220075e-01
6.586236720317233395e-01,3.897355829879715627e-01
6.586236720317233395e-01,4.699141760924494537e-01
6.546147423764994144e-01,5.420749098864795501e-01
6.546147423764994144e-01,6.022088547148379822e-01
6.586236720317233395e-01,6.543249402327486752e-01
6.586236720317233395e-01,6.543249402327486752e-01
6.586236720317233395e-01,7.104499554058831823e-01
6.586236720317233395e-01,7.104499554058831823e-01
6.586236720317233395e-01,7.104499554058831823e-01
6.586236720317233395e-01,7.104499554058831823e-01
6.586236720317233395e-01,7.104499554058831823e-01
6.586236720317233395e-01,7.104499554058831823e-01
6.586236720317233395e-01,7.104499554058831823e-01
6.586236720317233395e-01,7.104499554058831823e-01
6.586236720317233395e-01,7.104499554058831823e-01
6.586236720317233395e-01,7.104499554058831823e-01
6.586236720317233395e-01,7.104499554058831823e-01
6.586236720317233395e-01,7.104499554058831823e-01
6.586236720317233395e-01,7.104499554058831823e-01
6.586236720317233395e-01,7.104499554058831823e-01
6.586236720317233395e-01,7.104499554058831823e-01
6.586236720317233395e-01,7.104499554058831823e-01
6.586236720317233395e-01,7.104499554058831823e-01
6.586236720317233395e-01,7.104499554058831823e-01
6.666415313421710787e-01,6.302713623014052358e-01
