8.288228984869864258e-01,1.912119599158475625e+00
8.288228984869864258e-01,1.912119599158475625e+00
8.007603909004191722e-01,2.016351770194297011e+00
8.007603909004191722e-01,2.016351770194297011e+00
7.406264460720607401e-01,2.064458926056983668e+00
7.406264460720607401e-01,2.064458926056983668e+00
6.684657122780306437e-01,2.100539292953998771e+00
6.684657122780306437e-01,2.100539292953998771e+00
5.602246115869854437e-01,2.108557152264446621e+00
4.960817371034031420e-01,2.108557152264446621e+00
4.118942143437013259e-01,2.064458926056983668e+00
3.236977619287756402e-01,2.048423207436087967e+00
2.034298722720588037e-01,1.984280332952505832e+00
8.717091227056586455e-02,1.936173177089818953e+00
-4.512376635182267087e-02,1.851985654330117193e+00
-1.774184449742111924e-01,1.775815990880863282e+00
-3.297577718727192075e-01,1.667574890189818193e+00
-4.820970987712271949e-01,1.563342719153996807e+00
-6.424542849801829769e-01,1.431048040531608390e+00
-7.907846822234670947e-01,1.290735502598771900e+00
-9.391150794667512125e-01,1.138396175700264079e+00
-1.059382969123468188e+00,9.780389894913081861e-01
-1.183659788435408755e+00,8.096639439719045539e-01
-1.283883029816006216e+00,6.372799687972771077e-01
-1.368070552575707977e+00,4.648959936226496059e-01
-1.424195567748842484e+00,2.885030887927982346e-01
-1.460275934645857587e+00,1.201280432733946579e-01
-1.472302723611529363e+00,-4.824700224600892567e-02
-1.464284864301081512e+00,-2.206309774206364205e-01
-1.440231286369738184e+00,-3.809881636295922025e-01
-1.404150919472723080e+00,-5.333274905281002454e-01
-1.352034833954812498e+00,-6.896757470818321023e-01
-1.283883029816006216e+00,-8.339972146698922950e-01
-1.199695507056304455e+00,-9.703008229475047486e-01
-1.095463336020483069e+00,-1.082550853293773763e+00
-9.751954463637663162e-01,-1.178765165019147299e+00
-8.388918380861538626e-01,-1.262952687778849059e+00
-6.865525111876458197e-01,-1.323086632607207491e+00
-5.221863953234661127e-01,-1.371193788469894148e+00
-3.498024201488386664e-01,-1.391238436746013774e+00
-1.854363042846589871e-01,-1.403265225711685327e+00
-1.706125876525540347e-02,-1.399256296056461624e+00
1.432959274437003994e-01,-1.387229507090789848e+00
2.996441839974323118e-01,-1.359166999504222595e+00
4.479745812407164296e-01,-1.307050913986312013e+00
6.083317674496722116e-01,-1.238899109847505731e+00
7.526532350377324043e-01,-1.154711587087803970e+00
8.969747026257925970e-01,-1.042461556741534956e+00
1.041296170213852790e+00,-9.141758077743702415e-01
1.181608708146689279e+00,-7.698543401863100488e-01
1.301876597803405922e+00,-6.135060836325780809e-01
1.406108768839227308e+00,-4.411221084579506346e-01
1.470251643322809665e+00,-2.927917112146665168e-01
1.502323080564600843e+00,-1.404523843161585017e-01
1.494305221254152993e+00,-8.157705693769978436e-03
1.466242713667585740e+00,1.081012543077229798e-01
1.398090909528779457e+00,2.043155660330964463e-01
1.313903386769077697e+00,2.764762998271265704e-01
1.205662286078032608e+00,3.245834556898132828e-01
1.089403326076539669e+00,3.566548929316044614e-01
9.571086474541510292e-01,3.726906115525000507e-01
8.288228984869864258e-01,3.686816818972761256e-01
7.045460791750456364e-01,3.446281039659327972e-01
5.762603302078810330e-01,3.005298777584699543e-01
4.559924405511642242e-01,2.403959329301114944e-01
3.277066915839995653e-01,1.562084101704097061e-01
2.194655908929543930e-01,5.999409844503623274e-02
9.919770123623754265e-02,-4.824700224600892567e-02
-9.043399454807614021e-03,-1.845506105236213445e-01
-1.052577111801810961e-01,-3.408988670773532292e-01
-1.974630932503306791e-01,-4.892292643206373470e-01
-2.696238270443607754e-01,-6.616132394952648488e-01
-3.297577718727192075e-01,-8.179614960489967057e-01
-3.778649277354059199e-01,-9.703008229475047486e-01
-4.019185056667493039e-01,-1.106604431225117091e+00
-4.139452946324210236e-01,-1.246916969157953581e+00
-4.139452946324210236e-01,-1.359166999504222595e+00
-4.139452946324210236e-01,-1.451372381574372206e+00
-4.019185056667493039e-01,-1.531550974678850041e+00
-3.979095760115254343e-01,-1.583667060196760623e+00
-3.979095760115254343e-01,-1.583667060196760623e+00
-3.979095760115254343e-01,-1.583667060196760623e+00
-3.979095760115254343e-01,-1.583667060196760623e+00
-3.377756311831670022e-01,-1.531550974678850041e+00
-3.257488422174953380e-01,-1.439345592608700430e+00
-2.856595456652563647e-01,-1.295024125020640238e+00
