4.489374818592133387e-01,7.864392472083749919e-01
4.609642708248850584e-01,8.505821216919573491e-01
4.609642708248850584e-01,8.505821216919573491e-01
4.609642708248850584e-01,8.505821216919573491e-01
4.609642708248850584e-01,8.505821216919573491e-01
4.609642708248850584e-01,8.505821216919573491e-01
4.609642708248850584e-01,8.505821216919573491e-01
4.609642708248850584e-01,8.505821216919573491e-01
3.888035370308549066e-01,8.866624885889723418e-01
3.888035370308549066e-01,8.866624885889723418e-01
3.888035370308549066e-01,8.866624885889723418e-01
3.126338735816009406e-01,9.026982072098679311e-01
3.126338735816009406e-01,9.026982072098679311e-01
2.444820694427947139e-01,9.026982072098679311e-01
2.444820694427947139e-01,9.026982072098679311e-01
1.522766873726451309e-01,8.866624885889723418e-01
1.001606018547344934e-01,8.545910513471812742e-01
3.200879771592828743e-02,8.064838954844945063e-01
-4.416086573332572013e-02,7.623856692770316634e-01
-1.283483884930275154e-01,6.902249354830015671e-01
-2.205537705631770984e-01,6.060374127232996955e-01
-3.167680822885505787e-01,5.098231009979262707e-01
-4.210002533243718537e-01,4.176177189277766599e-01
-5.172145650497452785e-01,2.973498292710598512e-01
-6.014020878094471501e-01,1.891087285800146789e-01
-6.815806809139249856e-01,9.289441685464118470e-02
-7.336967664318356785e-01,4.697964439715501643e-03
-7.697771333288506712e-01,-9.953420659610576204e-02
-7.818039222945223354e-01,-1.716949403901358862e-01
-7.697771333288506712e-01,-2.398467445289420852e-01
-7.056342588452684250e-01,-2.759271114259571611e-01
-6.014020878094471501e-01,-2.759271114259571611e-01
-4.691074091870585661e-01,-2.398467445289420852e-01
-3.047412933228789145e-01,-1.797127997005836531e-01
-1.283483884930275154e-01,-9.953420659610576204e-02
4.403558668159997247e-02,4.697964439715501643e-03
2.204284915114513577e-01,1.009122761650889794e-01
3.727678184099593728e-01,1.770819396143429869e-01
4.930357080666761815e-01,2.332069547874775217e-01
5.651964418607062779e-01,2.372158844427014190e-01
5.651964418607062779e-01,2.372158844427014190e-01
6.253303866890647100e-01,1.410015727173279387e-01
6.333482459995125602e-01,5.681404995762613652e-02
6.253303866890647100e-01,-3.539133211252344646e-02
6.133035977233930458e-01,-1.356145734931208102e-01
6.133035977233930458e-01,-2.037663776319270370e-01
6.133035977233930458e-01,-2.037663776319270370e-01
6.614107535860798137e-01,-2.999806893573004896e-01
7.175357687592143208e-01,-2.919628300468526949e-01
7.175357687592143208e-01,-2.919628300468526949e-01
