8.030000000000000000e+02,-1.209000000000000000e+03
8.030000000000000000e+02,-1.209000000000000000e+03
8.030000000000000000e+02,-1.209000000000000000e+03
7.810000000000000000e+02,-1.195000000000000000e+03
7.640000000000000000e+02,-1.198000000000000000e+03
7.430000000000000000e+02,-1.203000000000000000e+03
7.240000000000000000e+02,-1.209000000000000000e+03
6.930000000000000000e+02,-1.225000000000000000e+03
6.690000000000000000e+02,-1.239000000000000000e+03
6.410000000000000000e+02,-1.258000000000000000e+03
6.210000000000000000e+02,-1.277000000000000000e+03
6.050000000000000000e+02,-1.304000000000000000e+03
5.950000000000000000e+02,-1.320000000000000000e+03
5.950000000000000000e+02,-1.340000000000000000e+03
5.950000000000000000e+02,-1.340000000000000000e+03
6.200000000000000000e+02,-1.361000000000000000e+03
6.410000000000000000e+02,-1.364000000000000000e+03
6.710000000000000000e+02,-1.361000000000000000e+03
6.990000000000000000e+02,-1.355000000000000000e+03
7.280000000000000000e+02,-1.343000000000000000e+03
7.550000000000000000e+02,-1.331000000000000000e+03
7.750000000000000000e+02,-1.317000000000000000e+03
7.930000000000000000e+02,-1.307000000000000000e+03
7.930000000000000000e+02,-1.307000000000000000e+03
8.100000000000000000e+02,-1.295000000000000000e+03
8.100000000000000000e+02,-1.295000000000000000e+03
8.110000000000000000e+02,-1.310000000000000000e+03
8.110000000000000000e+02,-1.325000000000000000e+03
8.160000000000000000e+02,-1.341000000000000000e+03
8.200000000000000000e+02,-1.364000000000000000e+03
8.290000000000000000e+02,-1.381000000000000000e+03
8.410000000000000000e+02,-1.397000000000000000e+03
8.610000000000000000e+02,-1.409000000000000000e+03
8.830000000000000000e+02,-1.415000000000000000e+03
9.040000000000000000e+02,-1.415000000000000000e+03
9.330000000000000000e+02,-1.406000000000000000e+03
9.600000000000000000e+02,-1.388000000000000000e+03
9.770000000000000000e+02,-1.381000000000000000e+03
1.001000000000000000e+03,-1.361000000000000000e+03
1.012000000000000000e+03,-1.347000000000000000e+03
