8.770000000000000000e+02,-1.203000000000000000e+03
8.910000000000000000e+02,-1.198000000000000000e+03
8.910000000000000000e+02,-1.198000000000000000e+03
8.910000000000000000e+02,-1.198000000000000000e+03
9.040000000000000000e+02,-1.191000000000000000e+03
9.040000000000000000e+02,-1.191000000000000000e+03
9.120000000000000000e+02,-1.177000000000000000e+03
9.120000000000000000e+02,-1.177000000000000000e+03
9.060000000000000000e+02,-1.163000000000000000e+03
8.910000000000000000e+02,-1.162000000000000000e+03
8.770000000000000000e+02,-1.154000000000000000e+03
8.500000000000000000e+02,-1.159000000000000000e+03
8.230000000000000000e+02,-1.163000000000000000e+03
7.820000000000000000e+02,-1.180000000000000000e+03
7.430000000000000000e+02,-1.203000000000000000e+03
6.990000000000000000e+02,-1.233000000000000000e+03
6.600000000000000000e+02,-1.264000000000000000e+03
6.240000000000000000e+02,-1.301000000000000000e+03
5.970000000000000000e+02,-1.338000000000000000e+03
5.760000000000000000e+02,-1.376000000000000000e+03
5.650000000000000000e+02,-1.409000000000000000e+03
5.670000000000000000e+02,-1.441000000000000000e+03
5.740000000000000000e+02,-1.462000000000000000e+03
5.920000000000000000e+02,-1.485000000000000000e+03
6.170000000000000000e+02,-1.501000000000000000e+03
6.420000000000000000e+02,-1.516000000000000000e+03
6.740000000000000000e+02,-1.525000000000000000e+03
7.040000000000000000e+02,-1.530000000000000000e+03
7.390000000000000000e+02,-1.530000000000000000e+03
7.700000000000000000e+02,-1.524000000000000000e+03
8.020000000000000000e+02,-1.510000000000000000e+03
8.280000000000000000e+02,-1.492000000000000000e+03
8.530000000000000000e+02,-1.466000000000000000e+03
8.730000000000000000e+02,-1.433000000000000000e+03
8.910000000000000000e+02,-1.397000000000000000e+03
9.040000000000000000e+02,-1.358000000000000000e+03
9.150000000000000000e+02,-1.319000000000000000e+03
9.230000000000000000e+02,-1.280000000000000000e+03
9.270000000000000000e+02,-1.246000000000000000e+03
9.270000000000000000e+02,-1.219000000000000000e+03
9.260000000000000000e+02,-1.198000000000000000e+03
9.260000000000000000e+02,-1.198000000000000000e+03
9.260000000000000000e+02,-1.198000000000000000e+03
9.040000000000000000e+02,-1.213000000000000000e+03
8.950000000000000000e+02,-1.243000000000000000e+03
8.850000000000000000e+02,-1.290000000000000000e+03
8.740000000000000000e+02,-1.347000000000000000e+03
8.620000000000000000e+02,-1.415000000000000000e+03
8.530000000000000000e+02,-1.488000000000000000e+03
8.440000000000000000e+02,-1.564000000000000000e+03
8.370000000000000000e+02,-1.640000000000000000e+03
8.290000000000000000e+02,-1.708000000000000000e+03
8.230000000000000000e+02,-1.768000000000000000e+03
8.190000000000000000e+02,-1.819000000000000000e+03
8.160000000000000000e+02,-1.857000000000000000e+03
8.130000000000000000e+02,-1.884000000000000000e+03
8.080000000000000000e+02,-1.903000000000000000e+03
8.080000000000000000e+02,-1.903000000000000000e+03
8.080000000000000000e+02,-1.903000000000000000e+03
8.080000000000000000e+02,-1.903000000000000000e+03
7.930000000000000000e+02,-1.900000000000000000e+03
7.970000000000000000e+02,-1.881000000000000000e+03
7.970000000000000000e+02,-1.881000000000000000e+03
7.960000000000000000e+02,-1.846000000000000000e+03
8.030000000000000000e+02,-1.821000000000000000e+03
8.110000000000000000e+02,-1.796000000000000000e+03
8.230000000000000000e+02,-1.763000000000000000e+03
