-3.479378017045484661e-01,-2.944232523534195956e-01
-3.359110127388768019e-01,-2.302803778698372938e-01
-3.278931534284290072e-01,-1.380749957996877109e-01
-2.998306458418617537e-01,-3.785175441909032629e-02
-3.118574348075334179e-01,3.430897937493978395e-02
-2.757770679105183698e-01,1.505679393764327301e-01
-2.878038568761900340e-01,2.066929545495672649e-01
-2.557324196343988554e-01,2.908804773092690810e-01
-2.557324196343988554e-01,2.908804773092690810e-01
-2.517234899791749858e-01,3.670501407585230469e-01
-2.517234899791749858e-01,3.670501407585230469e-01
-2.918127865314139591e-01,3.149340552406124094e-01
-3.278931534284290072e-01,2.227286731704628542e-01
-3.760003092911157196e-01,9.043399454807431181e-02
-4.361342541194741518e-01,-7.794105097132927873e-02
-4.922592692926086588e-01,-2.823964633877479313e-01
-5.483842844657431659e-01,-5.189233130459577348e-01
-5.884735810179821947e-01,-7.714858813250631275e-01
-6.085182292941015980e-01,-1.028057379259392334e+00
-5.964914403284299338e-01,-1.252557439951930585e+00
-5.644200030866387552e-01,-1.457012852368349209e+00
-4.842414099821609197e-01,-1.613361108922080955e+00
-3.719913796358918501e-01,-1.729620068923573895e+00
-2.396967010135032938e-01,-1.789754013751932327e+00
-7.933951480454751182e-02,-1.789754013751932327e+00
5.696409347306492094e-02,-1.769709365475812923e+00
2.373659279581401826e-01,-1.681512913060887238e+00
3.736695362357526085e-01,-1.613361108922080955e+00
4.979463555476933423e-01,-1.485075359954916463e+00
5.941606672730668226e-01,-1.328727103401184495e+00
6.623124714118731049e-01,-1.152334198571333124e+00
