-2.280869977524752623e-01,3.975170247600955942e-01
-2.280869977524752623e-01,3.975170247600955942e-01
-2.280869977524752623e-01,3.975170247600955942e-01
-2.280869977524752623e-01,3.975170247600955942e-01
-2.280869977524752623e-01,3.975170247600955942e-01
-2.280869977524752623e-01,3.975170247600955942e-01
-2.401137867181469543e-01,3.574277282078566209e-01
-2.401137867181469543e-01,3.574277282078566209e-01
-2.361048570629230570e-01,3.053116426899459834e-01
-2.361048570629230570e-01,3.053116426899459834e-01
-2.441227163733708516e-01,2.291419792406919897e-01
-2.561495053390425158e-01,1.770258937227813800e-01
-2.641673646494903105e-01,1.128830192391990506e-01
-2.802030832703858998e-01,4.072228544516894033e-02
-2.962388018912814891e-01,-3.143844834886116990e-02
-3.082655908569531533e-01,-1.196349007637868556e-01
-3.243013094778487426e-01,-1.917956345578169519e-01
-3.323191687882965373e-01,-2.719742276622948429e-01
-3.443459577539682015e-01,-3.521528207667727339e-01
-3.603816763748637908e-01,-4.243135545608028858e-01
-3.724084653405355105e-01,-4.924653586996090571e-01
-3.844352543062071748e-01,-5.606171628384153394e-01
-3.964620432718788390e-01,-6.207511076667737715e-01
-4.044799025823266336e-01,-6.688582635294604284e-01
-4.044799025823266336e-01,-7.129564897369232712e-01
-4.044799025823266336e-01,-7.129564897369232712e-01
-4.084888322375505587e-01,-7.650725752548339642e-01
-3.724084653405355105e-01,-7.410189973234905247e-01
-3.724084653405355105e-01,-7.410189973234905247e-01
