9.200000000000000000e+02,-1.179000000000000000e+03
9.200000000000000000e+02,-1.179000000000000000e+03
9.200000000000000000e+02,-1.179000000000000000e+03
9.110000000000000000e+02,-1.197000000000000000e+03
9.140000000000000000e+02,-1.213000000000000000e+03
9.240000000000000000e+02,-1.236000000000000000e+03
9.390000000000000000e+02,-1.261000000000000000e+03
9.540000000000000000e+02,-1.295000000000000000e+03
9.600000000000000000e+02,-1.328000000000000000e+03
9.810000000000000000e+02,-1.350000000000000000e+03
9.860000000000000000e+02,-1.385000000000000000e+03
1.004000000000000000e+03,-1.399000000000000000e+03
