5.559656535494590379e-01,7.451142436459317064e-01
4.958317087211006058e-01,7.852035401981706242e-01
3.915995376852793308e-01,7.932213995086184743e-01
3.034030852703536452e-01,8.092571181295140637e-01
2.312423514763235488e-01,8.052481884742901386e-01
1.310191100957261712e-01,7.691678215772750349e-01
1.310191100957261712e-01,7.691678215772750349e-01
1.075122043900932946e-02,6.729535098519016101e-01
-1.731128714755793621e-02,6.168284946787671030e-01
-4.938272438934909747e-02,5.446677608847368957e-01
-4.938272438934909747e-02,4.845338160563785190e-01
-4.136486507890130282e-02,4.243998712280200869e-01
-4.136486507890130282e-02,4.243998712280200869e-01
3.079586871512880394e-02,3.442212781235421959e-01
8.291195423303943102e-02,3.442212781235421959e-01
1.430458990613978632e-01,3.562480670892138601e-01
2.111977032002040622e-01,4.043552229519006280e-01
2.111977032002040622e-01,4.043552229519006280e-01
3.074120149255775702e-01,5.206141829533935672e-01
3.274566632016970291e-01,5.767391981265280743e-01
3.434923818225926184e-01,6.488999319205581706e-01
3.434923818225926184e-01,6.488999319205581706e-01
3.034030852703536452e-01,7.330874546802600422e-01
3.034030852703536452e-01,7.330874546802600422e-01
2.111977032002040622e-01,7.210606657145882670e-01
2.111977032002040622e-01,7.210606657145882670e-01
1.871441252688607060e-01,6.368731429548865064e-01
1.670994769927412193e-01,5.326409719190652314e-01
1.550726880270695551e-01,4.043552229519006280e-01
1.390369694061739658e-01,2.480069663981687156e-01
