7.590000000000000000e+02,-1.250000000000000000e+03
7.590000000000000000e+02,-1.250000000000000000e+03
7.590000000000000000e+02,-1.250000000000000000e+03
7.590000000000000000e+02,-1.250000000000000000e+03
7.590000000000000000e+02,-1.250000000000000000e+03
7.590000000000000000e+02,-1.250000000000000000e+03
7.690000000000000000e+02,-1.210000000000000000e+03
7.690000000000000000e+02,-1.210000000000000000e+03
7.690000000000000000e+02,-1.210000000000000000e+03
7.690000000000000000e+02,-1.210000000000000000e+03
7.690000000000000000e+02,-1.210000000000000000e+03
7.690000000000000000e+02,-1.210000000000000000e+03
7.690000000000000000e+02,-1.210000000000000000e+03
7.850000000000000000e+02,-1.251000000000000000e+03
7.850000000000000000e+02,-1.251000000000000000e+03
7.850000000000000000e+02,-1.251000000000000000e+03
