-1.259551339303141226e+00,1.499407639013994542e+00
-1.291622776544932405e+00,1.403193327288621006e+00
-1.299640635855380033e+00,1.250854000390113185e+00
-1.271578128268812780e+00,1.082478954870709442e+00
-1.231488831716573973e+00,8.579788941781714140e-01
-1.211444183440454347e+00,5.452823810707075891e-01
-1.127256660680752587e+00,2.365947976184676893e-01
-1.091176293783737705e+00,-1.642981679039217935e-01
-1.002979841368812020e+00,-5.451464851501918174e-01
-9.548726855061251406e-01,-9.540573099830290671e-01
-8.947387406777667085e-01,-1.310852049297955846e+00
-8.426226551598561265e-01,-1.655619999647210738e+00
-7.945154992971693586e-01,-1.944262934823331124e+00
-7.664529917106021051e-01,-2.188807643791988777e+00
-7.343815544688109265e-01,-2.369209478277063852e+00
-7.103279765374675980e-01,-2.489477367933780716e+00
-6.862743986061242696e-01,-2.549611312762139370e+00
-6.862743986061242696e-01,-2.549611312762139370e+00
-6.742476096404524943e-01,-2.493486297589004863e+00
-6.742476096404524943e-01,-2.385245196897959552e+00
-6.822654689509003445e-01,-2.216870151378556031e+00
-6.822654689509003445e-01,-1.988361161030794078e+00
-6.702386799852286803e-01,-1.695709296199449767e+00
-6.501940317091091659e-01,-1.354950275505418578e+00
-6.101047351568702481e-01,-9.660840989487007313e-01
-5.539797199837357411e-01,-5.451464851501918174e-01
-4.818189861897055892e-01,-1.081731527307872726e-01
-3.615510965329887250e-01,3.368180389990650392e-01
-2.172296289449285045e-01,7.657735121080218033e-01
-4.083672411507714012e-02,1.178693266596082978e+00
1.515918993356698274e-01,1.539496935566233571e+00
3.520383820968645550e-01,1.844175589363249657e+00
5.645116538237310300e-01,2.072684579711011388e+00
7.769849255505973940e-01,2.212997117643848100e+00
9.854492676222399439e-01,2.277139992127430013e+00
1.173868961417763090e+00,2.261104273506534756e+00
1.338235077281942687e+00,2.168898891436385146e+00
1.470529755904331326e+00,2.000523845916981625e+00
1.578770856595376415e+00,1.796068433500562778e+00
1.658949449699854251e+00,1.539496935566233571e+00
1.711065535217764833e+00,1.286934367287128067e+00
1.731110183493884458e+00,1.038380728663246710e+00
1.719083394528212683e+00,8.178895976259324962e-01
1.662958379355078176e+00,5.853716776229465069e-01
1.586788715905824265e+00,3.929430541721996017e-01
1.470529755904331326e+00,2.245680086527959973e-01
1.318190429005823283e+00,7.222868175428799609e-02
1.149815383486419540e+00,-3.601241893675716232e-02
9.613956896908966154e-01,-1.282178010069067453e-01
7.449134883088062153e-01,-1.883517458352651774e-01
5.324402165819398514e-01,-2.284410423875041229e-01
3.360026634759689657e-01,-2.284410423875041229e-01
1.515918993356698274e-01,-2.164142534218324310e-01
1.528829105805738775e-02,-1.683070975591456908e-01
-1.250242468747789215e-01,-1.282178010069067453e-01
-2.052028399792568403e-01,-2.799455962630937114e-02
-2.412832068762718885e-01,6.020189278861631799e-02
-2.292564179106001965e-01,1.764608527901092572e-01
-1.851581917031373536e-01,3.007376721020499910e-01
