-6.046409197643570765e-01,1.261751654133850042e+00
-6.046409197643570765e-01,1.261751654133850042e+00
-6.046409197643570765e-01,1.261751654133850042e+00
-6.046409197643570765e-01,1.261751654133850042e+00
-6.046409197643570765e-01,1.261751654133850042e+00
-6.407212866613720692e-01,1.177564131374148282e+00
-6.407212866613720692e-01,1.177564131374148282e+00
-6.367123570061482551e-01,1.081349819648774746e+00
-6.527480756270437334e-01,1.009189085854744761e+00
-6.286944976957004050e-01,9.530640706816101426e-01
-6.487391459718199194e-01,8.608586886114605319e-01
-6.246855680404764799e-01,8.007247437831020997e-01
-6.286944976957004050e-01,7.045104320577286749e-01
-6.006319901091331515e-01,6.403675575741463177e-01
-5.926141307986854123e-01,5.481621755039967070e-01
-5.645516232121180478e-01,4.800103713651905357e-01
-5.404980452807747193e-01,4.038407079159365143e-01
-5.164444673494313909e-01,3.437067630875780821e-01
-4.963998190733118765e-01,2.835728182592197055e-01
-4.963998190733118765e-01,2.835728182592197055e-01
-4.603194521762968283e-01,1.993852954995178894e-01
-4.603194521762968283e-01,1.993852954995178894e-01
-4.603194521762968283e-01,1.993852954995178894e-01
-4.322569445897295748e-01,1.432602803263833546e-01
-4.322569445897295748e-01,1.432602803263833546e-01
-4.322569445897295748e-01,1.432602803263833546e-01
-4.322569445897295748e-01,1.432602803263833546e-01
-4.322569445897295748e-01,1.432602803263833546e-01
-4.563105225210729587e-01,1.993852954995178894e-01
-4.563105225210729587e-01,1.993852954995178894e-01
-4.563105225210729587e-01,1.993852954995178894e-01
-3.881587183822667320e-01,2.715460292935479858e-01
-3.320337032091321694e-01,2.955996072248913697e-01
-2.558640397598782035e-01,3.116353258457869591e-01
-1.516318687240569285e-01,3.236621148114586233e-01
-5.140862734345954393e-02,3.316799741219064179e-01
8.489498093415287494e-02,3.236621148114586233e-01
2.211985892117653008e-01,3.116353258457869591e-01
3.615111271446016517e-01,2.835728182592197055e-01
4.897968761117662551e-01,2.394745920517568349e-01
6.341183436998264478e-01,1.873585065338461975e-01
7.664130223222149763e-01,1.111888430845922038e-01
8.826719823237079154e-01,2.700132032489040504e-02
1.002939871980424780e+00,-8.123978036615475684e-02
1.103163113361022241e+00,-1.934898107124238265e-01
1.195368495431171851e+00,-3.297934189900362245e-01
1.275547088535649687e+00,-4.620880976124247530e-01
1.339689963019232044e+00,-5.983917058900372066e-01
1.383788189226694776e+00,-7.346953141676496601e-01
1.407841767158038104e+00,-8.669899927900381886e-01
1.411850696813262029e+00,-9.912668121019788670e-01
1.387797118881918701e+00,-1.107525772103471917e+00
1.327663174053560269e+00,-1.215766872794517006e+00
1.255502440259530283e+00,-1.311981184519890542e+00
1.163297058189380673e+00,-1.396168707279592303e+00
1.043029168532663808e+00,-1.468329441073622510e+00
8.946987712893796907e-01,-1.540490174867652495e+00
7.183058664595283194e-01,-1.604633049351234853e+00
5.258772430087813587e-01,-1.652740205213921509e+00
3.294396899028104730e-01,-1.692829501766160538e+00
1.370110664520635124e-01,-1.728909868663175642e+00
-3.938183837778785890e-02,-1.748954516939295045e+00
-2.077568838971914356e-01,-1.773008094870638374e+00
-3.560872811404755534e-01,-1.777017024525862299e+00
-4.723462411419684925e-01,-1.789043813491534074e+00
-5.565337639016703086e-01,-1.797061672801981702e+00
-6.126587790748048157e-01,-1.797061672801981702e+00
-6.126587790748048157e-01,-1.797061672801981702e+00
-6.647748645927155087e-01,-1.764990235560190524e+00
-6.647748645927155087e-01,-1.764990235560190524e+00
-6.647748645927155087e-01,-1.764990235560190524e+00
-6.166677087300287408e-01,-1.700847361076608388e+00
-5.525248342464463835e-01,-1.644722345903473881e+00
-5.525248342464463835e-01,-1.644722345903473881e+00
-4.122122963136101159e-01,-1.536481245212428570e+00
-3.039711956225649159e-01,-1.456302652107950735e+00
-1.877122356210719767e-01,-1.380132988658696602e+00
-6.343541630913122897e-02,-1.283918676933323288e+00
4.079675472669003905e-02,-1.191713294863173678e+00
