-1.857871633219260188e+00,-1.519718416801124627e+00
-1.942059155978961948e+00,-1.579852361629483060e+00
-1.942059155978961948e+00,-1.579852361629483060e+00
-1.942059155978961948e+00,-1.579852361629483060e+00
-1.998184171152096456e+00,-1.643995236113065195e+00
-1.998184171152096456e+00,-1.643995236113065195e+00
-1.998184171152096456e+00,-1.643995236113065195e+00
-1.998184171152096456e+00,-1.643995236113065195e+00
-1.938050226323738023e+00,-1.631968447147393642e+00
-1.881925211150603516e+00,-1.571834502319035209e+00
-1.829809125632692934e+00,-1.511700557490676777e+00
-1.737603743562543324e+00,-1.391432667833959913e+00
-1.633371572526721938e+00,-1.259137989211571274e+00
-1.501076893904333520e+00,-1.070718295416048349e+00
-1.344728637350601552e+00,-8.662628829996296131e-01
-1.156308943555078628e+00,-6.137003147205243314e-01
-9.638803201043315561e-01,-3.451020278205232938e-01
-7.514070483774651921e-01,-5.645909264440288067e-02
-5.469516359610465672e-01,2.201570535660458683e-01
-3.424962235446278869e-01,5.128089183973901788e-01
-1.500676000938809262e-01,7.773982756421672358e-01
3.434316404641824666e-02,1.025951914266048703e+00
1.786646316344784602e-01,1.238425185992915178e+00
2.949235916359714271e-01,1.410809161167542625e+00
3.911379033613449074e-01,1.551121699100378892e+00
4.512718481897033396e-01,1.659362799791424203e+00
4.873522150867183877e-01,1.727514603930230264e+00
4.873522150867183877e-01,1.727514603930230264e+00
4.873522150867183877e-01,1.727514603930230264e+00
4.392450592240316198e-01,1.595219925307841846e+00
3.831200440508971128e-01,1.446889528064557728e+00
3.189771695673148111e-01,1.274505552889930282e+00
2.428075061180607896e-01,1.041987632886944404e+00
1.666378426688067682e-01,7.773982756421672358e-01
8.645924956432887720e-02,4.687106921899273360e-01
2.632530473597045548e-02,1.560141790824635388e-01
-1.376399181626849350e-02,-1.486644747145524637e-01
-4.583542905805965129e-02,-4.292895505802251099e-01
-4.984435871328354861e-02,-6.778431892041065776e-01
-3.781756974761186357e-02,-8.903164609309730526e-01
-1.737202850596808457e-03,-1.046664717484705021e+00
5.839674197776161674e-02,-1.142879029210078334e+00
1.345664054270156174e-01,-1.154905818175750110e+00
2.508253654285085843e-01,-1.090762943692167752e+00
3.791111143956731877e-01,-9.544593354145552988e-01
5.354593709494051001e-01,-7.700485712742561883e-01
7.038344164688087323e-01,-5.455485105817180491e-01
8.962630399195556929e-01,-2.929859423026126564e-01
1.104727381991198243e+00,-1.236086643694003957e-02
1.309182794407616868e+00,2.642552797735087111e-01
1.501611417858363717e+00,5.248357073630618430e-01
1.694040041309110789e+00,7.653714866764955715e-01
1.870432946138962160e+00,9.658179694376902713e-01
2.022772273037470203e+00,1.134193014957094015e+00
2.183129459246425874e+00,1.274505552889930282e+00
2.295379489592694888e+00,1.346666286683960267e+00
2.407629519938963902e+00,1.398782372201871071e+00
2.511861690974785510e+00,1.442880598409333803e+00
2.596049213734487271e+00,1.434862739098885953e+00
2.672218877183741181e+00,1.418827020477990475e+00
