7.480000000000000000e+02,-1.478000000000000000e+03
7.190000000000000000e+02,-1.466000000000000000e+03
7.190000000000000000e+02,-1.466000000000000000e+03
6.930000000000000000e+02,-1.469000000000000000e+03
6.800000000000000000e+02,-1.485000000000000000e+03
6.720000000000000000e+02,-1.509000000000000000e+03
6.600000000000000000e+02,-1.555000000000000000e+03
6.540000000000000000e+02,-1.603000000000000000e+03
6.350000000000000000e+02,-1.666000000000000000e+03
6.230000000000000000e+02,-1.733000000000000000e+03
5.980000000000000000e+02,-1.809000000000000000e+03
5.790000000000000000e+02,-1.886000000000000000e+03
5.560000000000000000e+02,-1.959000000000000000e+03
5.400000000000000000e+02,-2.021000000000000000e+03
5.230000000000000000e+02,-2.072000000000000000e+03
5.130000000000000000e+02,-2.109000000000000000e+03
5.070000000000000000e+02,-2.134000000000000000e+03
5.070000000000000000e+02,-2.134000000000000000e+03
5.070000000000000000e+02,-2.134000000000000000e+03
5.260000000000000000e+02,-2.105000000000000000e+03
5.370000000000000000e+02,-2.066000000000000000e+03
5.500000000000000000e+02,-2.014000000000000000e+03
5.620000000000000000e+02,-1.951000000000000000e+03
5.760000000000000000e+02,-1.873000000000000000e+03
5.890000000000000000e+02,-1.790000000000000000e+03
6.060000000000000000e+02,-1.702000000000000000e+03
6.200000000000000000e+02,-1.619000000000000000e+03
6.330000000000000000e+02,-1.543000000000000000e+03
6.450000000000000000e+02,-1.475000000000000000e+03
6.570000000000000000e+02,-1.419000000000000000e+03
6.660000000000000000e+02,-1.387000000000000000e+03
6.660000000000000000e+02,-1.387000000000000000e+03
6.870000000000000000e+02,-1.390000000000000000e+03
6.930000000000000000e+02,-1.426000000000000000e+03
7.020000000000000000e+02,-1.484000000000000000e+03
7.160000000000000000e+02,-1.556000000000000000e+03
7.340000000000000000e+02,-1.641000000000000000e+03
7.600000000000000000e+02,-1.736000000000000000e+03
7.910000000000000000e+02,-1.832000000000000000e+03
8.280000000000000000e+02,-1.924000000000000000e+03
8.730000000000000000e+02,-2.007000000000000000e+03
9.200000000000000000e+02,-2.073000000000000000e+03
9.710000000000000000e+02,-2.126000000000000000e+03
1.025000000000000000e+03,-2.161000000000000000e+03
1.081000000000000000e+03,-2.177000000000000000e+03
1.138000000000000000e+03,-2.171000000000000000e+03
1.192000000000000000e+03,-2.152000000000000000e+03
1.241000000000000000e+03,-2.116000000000000000e+03
1.280000000000000000e+03,-2.067000000000000000e+03
1.316000000000000000e+03,-2.005000000000000000e+03
1.340000000000000000e+03,-1.938000000000000000e+03
1.358000000000000000e+03,-1.865000000000000000e+03
1.364000000000000000e+03,-1.794000000000000000e+03
1.360000000000000000e+03,-1.728000000000000000e+03
1.348000000000000000e+03,-1.671000000000000000e+03
1.328000000000000000e+03,-1.621000000000000000e+03
1.310000000000000000e+03,-1.583000000000000000e+03
1.284000000000000000e+03,-1.567000000000000000e+03
1.272000000000000000e+03,-1.550000000000000000e+03
1.272000000000000000e+03,-1.550000000000000000e+03
1.256000000000000000e+03,-1.562000000000000000e+03
1.259000000000000000e+03,-1.576000000000000000e+03
1.269000000000000000e+03,-1.592000000000000000e+03
