4.810000000000000000e+02,-1.831000000000000000e+03
5.200000000000000000e+02,-1.842000000000000000e+03
5.770000000000000000e+02,-1.849000000000000000e+03
6.360000000000000000e+02,-1.858000000000000000e+03
7.090000000000000000e+02,-1.861000000000000000e+03
7.990000000000000000e+02,-1.858000000000000000e+03
8.940000000000000000e+02,-1.851000000000000000e+03
1.004000000000000000e+03,-1.831000000000000000e+03
1.097000000000000000e+03,-1.812000000000000000e+03
1.191000000000000000e+03,-1.781000000000000000e+03
