4.130000000000000000e+02,-5.060000000000000000e+02
4.090000000000000000e+02,-5.190000000000000000e+02
4.160000000000000000e+02,-5.300000000000000000e+02
4.240000000000000000e+02,-5.500000000000000000e+02
4.350000000000000000e+02,-5.750000000000000000e+02
4.570000000000000000e+02,-6.060000000000000000e+02
4.750000000000000000e+02,-6.550000000000000000e+02
4.990000000000000000e+02,-7.120000000000000000e+02
5.180000000000000000e+02,-7.850000000000000000e+02
5.400000000000000000e+02,-8.640000000000000000e+02
5.580000000000000000e+02,-9.490000000000000000e+02
5.760000000000000000e+02,-1.030000000000000000e+03
5.930000000000000000e+02,-1.109000000000000000e+03
6.110000000000000000e+02,-1.179000000000000000e+03
6.320000000000000000e+02,-1.237000000000000000e+03
6.530000000000000000e+02,-1.280000000000000000e+03
6.760000000000000000e+02,-1.301000000000000000e+03
7.020000000000000000e+02,-1.305000000000000000e+03
7.300000000000000000e+02,-1.291000000000000000e+03
7.600000000000000000e+02,-1.261000000000000000e+03
7.880000000000000000e+02,-1.212000000000000000e+03
8.190000000000000000e+02,-1.153000000000000000e+03
8.460000000000000000e+02,-1.081000000000000000e+03
8.710000000000000000e+02,-1.005000000000000000e+03
8.960000000000000000e+02,-9.320000000000000000e+02
9.130000000000000000e+02,-8.620000000000000000e+02
9.320000000000000000e+02,-7.960000000000000000e+02
9.450000000000000000e+02,-7.410000000000000000e+02
9.520000000000000000e+02,-7.040000000000000000e+02
9.550000000000000000e+02,-6.740000000000000000e+02
9.540000000000000000e+02,-6.570000000000000000e+02
