4.080393183860495099e-01,7.719804105646357328e-01
4.802000521800796617e-01,8.401322147034420151e-01
5.002447004561990651e-01,8.882393705661286720e-01
4.802000521800796617e-01,9.243197374631437757e-01
4.802000521800796617e-01,9.243197374631437757e-01
3.398875142472433386e-01,9.042750891870242613e-01
2.236285542457503717e-01,8.521590036691136794e-01
3.921779010545119876e-02,7.158553953915012258e-01
-1.371751147244001934e-01,6.036053650452322117e-01
-3.496483864512666129e-01,4.312213898706047099e-01
-5.340591505915657233e-01,2.468106257303055162e-01
-7.024341961109693555e-01,3.032842434821519592e-02
-8.227020857676862198e-01,-1.901627066890990148e-01
-8.828360305960446519e-01,-3.986270487607415647e-01
-8.708092416303729877e-01,-5.670020942801451413e-01
-7.786038595602233769e-01,-7.113235618682053341e-01
-6.102288140408197448e-01,-8.315914515249221983e-01
-3.576662457617144075e-01,-8.997432556637283696e-01
-9.307688851693733667e-02,-9.518593411816390626e-01
2.476821321770937279e-01,-9.558682708368629877e-01
6.205125901129159294e-01,-9.237968335950718091e-01
9.813162590830665222e-01,-8.837075370428328913e-01
1.338110998397993079e+00,-8.195646625592505341e-01
