6.990000000000000000e+02,-6.810000000000000000e+02
6.990000000000000000e+02,-6.810000000000000000e+02
6.990000000000000000e+02,-6.810000000000000000e+02
6.990000000000000000e+02,-6.810000000000000000e+02
6.990000000000000000e+02,-6.810000000000000000e+02
6.990000000000000000e+02,-6.810000000000000000e+02
6.990000000000000000e+02,-6.810000000000000000e+02
6.990000000000000000e+02,-6.810000000000000000e+02
6.990000000000000000e+02,-6.810000000000000000e+02
6.890000000000000000e+02,-7.170000000000000000e+02
6.930000000000000000e+02,-7.670000000000000000e+02
7.020000000000000000e+02,-8.150000000000000000e+02
7.070000000000000000e+02,-8.790000000000000000e+02
7.180000000000000000e+02,-9.400000000000000000e+02
7.220000000000000000e+02,-1.013000000000000000e+03
7.270000000000000000e+02,-1.087000000000000000e+03
7.300000000000000000e+02,-1.163000000000000000e+03
7.330000000000000000e+02,-1.245000000000000000e+03
7.360000000000000000e+02,-1.320000000000000000e+03
7.370000000000000000e+02,-1.394000000000000000e+03
7.400000000000000000e+02,-1.465000000000000000e+03
7.420000000000000000e+02,-1.534000000000000000e+03
7.430000000000000000e+02,-1.598000000000000000e+03
7.480000000000000000e+02,-1.655000000000000000e+03
7.510000000000000000e+02,-1.703000000000000000e+03
7.540000000000000000e+02,-1.745000000000000000e+03
7.550000000000000000e+02,-1.777000000000000000e+03
7.580000000000000000e+02,-1.801000000000000000e+03
7.580000000000000000e+02,-1.801000000000000000e+03
7.580000000000000000e+02,-1.801000000000000000e+03
7.580000000000000000e+02,-1.801000000000000000e+03
7.610000000000000000e+02,-1.787000000000000000e+03
7.600000000000000000e+02,-1.768000000000000000e+03
7.600000000000000000e+02,-1.742000000000000000e+03
7.580000000000000000e+02,-1.721000000000000000e+03
7.580000000000000000e+02,-1.694000000000000000e+03
7.570000000000000000e+02,-1.673000000000000000e+03
7.600000000000000000e+02,-1.646000000000000000e+03
7.630000000000000000e+02,-1.620000000000000000e+03
7.700000000000000000e+02,-1.593000000000000000e+03
7.780000000000000000e+02,-1.564000000000000000e+03
7.880000000000000000e+02,-1.533000000000000000e+03
7.990000000000000000e+02,-1.501000000000000000e+03
8.140000000000000000e+02,-1.472000000000000000e+03
8.320000000000000000e+02,-1.444000000000000000e+03
8.520000000000000000e+02,-1.418000000000000000e+03
8.740000000000000000e+02,-1.399000000000000000e+03
8.970000000000000000e+02,-1.387000000000000000e+03
9.230000000000000000e+02,-1.381000000000000000e+03
9.480000000000000000e+02,-1.382000000000000000e+03
9.750000000000000000e+02,-1.394000000000000000e+03
1.001000000000000000e+03,-1.414000000000000000e+03
1.027000000000000000e+03,-1.441000000000000000e+03
1.046000000000000000e+03,-1.477000000000000000e+03
1.063000000000000000e+03,-1.516000000000000000e+03
1.076000000000000000e+03,-1.560000000000000000e+03
1.087000000000000000e+03,-1.611000000000000000e+03
1.093000000000000000e+03,-1.668000000000000000e+03
1.091000000000000000e+03,-1.721000000000000000e+03
1.088000000000000000e+03,-1.774000000000000000e+03
1.078000000000000000e+03,-1.822000000000000000e+03
1.066000000000000000e+03,-1.872000000000000000e+03
1.046000000000000000e+03,-1.919000000000000000e+03
1.025000000000000000e+03,-1.962000000000000000e+03
9.960000000000000000e+02,-1.997000000000000000e+03
9.680000000000000000e+02,-2.021000000000000000e+03
9.350000000000000000e+02,-2.048000000000000000e+03
9.040000000000000000e+02,-2.062000000000000000e+03
8.700000000000000000e+02,-2.077000000000000000e+03
8.410000000000000000e+02,-2.078000000000000000e+03
8.130000000000000000e+02,-2.080000000000000000e+03
7.930000000000000000e+02,-2.072000000000000000e+03
7.780000000000000000e+02,-2.065000000000000000e+03
7.700000000000000000e+02,-2.050000000000000000e+03
7.760000000000000000e+02,-2.026000000000000000e+03
7.760000000000000000e+02,-2.026000000000000000e+03
7.960000000000000000e+02,-1.997000000000000000e+03
8.110000000000000000e+02,-1.974000000000000000e+03
8.250000000000000000e+02,-1.946000000000000000e+03
