8.110000000000000000e+02,-8.380000000000000000e+02
7.960000000000000000e+02,-8.610000000000000000e+02
7.880000000000000000e+02,-8.980000000000000000e+02
7.820000000000000000e+02,-9.520000000000000000e+02
7.820000000000000000e+02,-1.022000000000000000e+03
7.780000000000000000e+02,-1.112000000000000000e+03
7.900000000000000000e+02,-1.203000000000000000e+03
7.970000000000000000e+02,-1.310000000000000000e+03
8.200000000000000000e+02,-1.403000000000000000e+03
8.400000000000000000e+02,-1.501000000000000000e+03
8.710000000000000000e+02,-1.585000000000000000e+03
9.040000000000000000e+02,-1.659000000000000000e+03
9.440000000000000000e+02,-1.718000000000000000e+03
9.870000000000000000e+02,-1.765000000000000000e+03
1.034000000000000000e+03,-1.796000000000000000e+03
1.081000000000000000e+03,-1.816000000000000000e+03
1.131000000000000000e+03,-1.824000000000000000e+03
1.177000000000000000e+03,-1.819000000000000000e+03
1.226000000000000000e+03,-1.804000000000000000e+03
1.269000000000000000e+03,-1.780000000000000000e+03
1.312000000000000000e+03,-1.742000000000000000e+03
1.343000000000000000e+03,-1.697000000000000000e+03
1.370000000000000000e+03,-1.643000000000000000e+03
1.391000000000000000e+03,-1.581000000000000000e+03
1.405000000000000000e+03,-1.512000000000000000e+03
1.410000000000000000e+03,-1.442000000000000000e+03
1.406000000000000000e+03,-1.368000000000000000e+03
1.400000000000000000e+03,-1.296000000000000000e+03
1.384000000000000000e+03,-1.234000000000000000e+03
1.373000000000000000e+03,-1.171000000000000000e+03
1.357000000000000000e+03,-1.126000000000000000e+03
1.337000000000000000e+03,-1.082000000000000000e+03
1.319000000000000000e+03,-1.041000000000000000e+03
1.301000000000000000e+03,-1.005000000000000000e+03
