-7.918282670624485764e-01,-1.894542562871937008e-01
-7.918282670624485764e-01,-1.894542562871937008e-01
-8.479532822355830834e-01,-1.533738893901786526e-01
-8.479532822355830834e-01,-1.533738893901786526e-01
-8.479532822355830834e-01,-1.533738893901786526e-01
-9.120961567191654407e-01,-1.974721155976414955e-01
-9.441675939609566193e-01,-2.495882011155521329e-01
-9.441675939609566193e-01,-2.495882011155521329e-01
-1.004301538789315051e+00,-3.858918093931645865e-01
-1.020337257410210530e+00,-4.620614728424185524e-01
-1.040381905686330155e+00,-5.783204328439115471e-01
-1.044390835341554080e+00,-6.945793928454044863e-01
-1.040381905686330155e+00,-8.308830011230169399e-01
-1.016328327754986827e+00,-9.631776797454054684e-01
-9.802479608579716119e-01,-1.103490217678241736e+00
-9.120961567191654407e-01,-1.231775966645406450e+00
-8.359264932699114192e-01,-1.352043856302123315e+00
-7.397121815445379944e-01,-1.464293886648392329e+00
-6.274621511982688693e-01,-1.556499268718541940e+00
-4.951674725758803963e-01,-1.616633213546900372e+00
-3.588638642982679428e-01,-1.664740369409587029e+00
-1.985066780893121607e-01,-1.676767158375258804e+00
-5.017628084602804295e-02,-1.676767158375258804e+00
1.141898350181516503e-01,-1.640686791478243700e+00
2.665291619166596515e-01,-1.592579635615557043e+00
4.228774184703915640e-01,-1.500374253545407432e+00
5.551720970927800369e-01,-1.416186730785705450e+00
6.874667757151685654e-01,-1.295918841128988808e+00
7.796721577853181762e-01,-1.175650951472271943e+00
8.638596805450200478e-01,-1.031329483884211751e+00
9.159757660629306297e-01,-8.789901569857035968e-01
9.520561329599457334e-01,-7.226419004319717398e-01
9.961543591674085762e-01,-5.582757845677920328e-01
1.020207937098751794e+00,-3.899007390483884561e-01
1.004172218477856315e+00,-2.495882011155521329e-01
1.004172218477856315e+00,-1.012578038722680290e-01
9.721007812360651368e-01,1.500115612922492576e-02
