9.140000000000000000e+02,-1.441000000000000000e+03
9.140000000000000000e+02,-1.441000000000000000e+03
8.830000000000000000e+02,-1.460000000000000000e+03
8.830000000000000000e+02,-1.460000000000000000e+03
8.830000000000000000e+02,-1.460000000000000000e+03
8.880000000000000000e+02,-1.478000000000000000e+03
9.140000000000000000e+02,-1.475000000000000000e+03
9.350000000000000000e+02,-1.481000000000000000e+03
9.680000000000000000e+02,-1.478000000000000000e+03
1.004000000000000000e+03,-1.475000000000000000e+03
1.054000000000000000e+03,-1.469000000000000000e+03
1.106000000000000000e+03,-1.460000000000000000e+03
1.150000000000000000e+03,-1.456000000000000000e+03
1.189000000000000000e+03,-1.447000000000000000e+03
1.227000000000000000e+03,-1.433000000000000000e+03
1.256000000000000000e+03,-1.418000000000000000e+03
