5.130000000000000000e+02,-4.780000000000000000e+02
5.130000000000000000e+02,-4.780000000000000000e+02
5.310000000000000000e+02,-4.610000000000000000e+02
5.400000000000000000e+02,-4.540000000000000000e+02
5.400000000000000000e+02,-4.540000000000000000e+02
5.530000000000000000e+02,-4.410000000000000000e+02
5.530000000000000000e+02,-4.410000000000000000e+02
5.530000000000000000e+02,-4.410000000000000000e+02
5.420000000000000000e+02,-4.490000000000000000e+02
5.420000000000000000e+02,-4.490000000000000000e+02
5.190000000000000000e+02,-4.640000000000000000e+02
5.020000000000000000e+02,-4.720000000000000000e+02
4.760000000000000000e+02,-4.910000000000000000e+02
4.490000000000000000e+02,-5.100000000000000000e+02
4.150000000000000000e+02,-5.400000000000000000e+02
3.820000000000000000e+02,-5.750000000000000000e+02
3.430000000000000000e+02,-6.200000000000000000e+02
3.090000000000000000e+02,-6.710000000000000000e+02
2.730000000000000000e+02,-7.300000000000000000e+02
2.490000000000000000e+02,-7.920000000000000000e+02
2.320000000000000000e+02,-8.570000000000000000e+02
2.250000000000000000e+02,-9.190000000000000000e+02
2.260000000000000000e+02,-9.770000000000000000e+02
2.350000000000000000e+02,-1.028000000000000000e+03
2.560000000000000000e+02,-1.072000000000000000e+03
2.790000000000000000e+02,-1.104000000000000000e+03
3.160000000000000000e+02,-1.124000000000000000e+03
3.480000000000000000e+02,-1.137000000000000000e+03
3.740000000000000000e+02,-1.143000000000000000e+03
3.980000000000000000e+02,-1.140000000000000000e+03
