-3.996019542774867928e-01,6.434671836435600090e-02
-3.996019542774867928e-01,6.434671836435600090e-02
-3.274412204834566964e-01,8.221703191221469559e-03
-2.512715570342026750e-01,-1.984080439534579438e-02
-1.470393859983814000e-01,-6.393903060280864414e-02
-3.078042599688845735e-02,-1.280819050863909458e-01
1.055231822807239650e-01,-1.842069202595254807e-01
2.338089312478885962e-01,-2.683944430192272690e-01
3.861482581463966390e-01,-3.405551768132573653e-01
5.184429367687851675e-01,-4.327605588834069761e-01
6.467286857359497709e-01,-5.049212926774371279e-01
7.790233643583382994e-01,-5.850998857819149634e-01
8.792466057389356493e-01,-6.612695492311689849e-01
9.714519878090852600e-01,-7.334302830251990812e-01
1.103746666431473900e+00,-7.695106499222141849e-01
1.187934189191175660e+00,-8.296445947505726171e-01
1.304193149192668599e+00,-8.296445947505726171e-01
