-5.513412878665464589e-01,2.474417279459232066e+00
-5.874216547635614516e-01,2.714953058772665795e+00
-5.874216547635614516e-01,2.714953058772665795e+00
-5.874216547635614516e-01,2.714953058772665795e+00
-5.874216547635614516e-01,2.714953058772665795e+00
-5.874216547635614516e-01,2.714953058772665795e+00
-5.874216547635614516e-01,2.714953058772665795e+00
-6.836359664889349874e-01,2.670854832565202841e+00
-7.036806147650543908e-01,2.466399420148784216e+00
-6.916538257993827266e-01,2.193792203593559087e+00
-7.036806147650543908e-01,1.881095690486095373e+00
-6.916538257993827266e-01,1.488220584274153824e+00
-6.916538257993827266e-01,1.063274040820420874e+00
-6.676002478680393981e-01,6.062560601248968561e-01
-6.595823885575915480e-01,1.572559387398206332e-01
-6.355288106262482195e-01,-2.997620419557033844e-01
-6.315198809710242944e-01,-7.166907260989884287e-01
-6.194930920053526302e-01,-1.093530113690034611e+00
-6.194930920053526302e-01,-1.454333782660185204e+00
-6.074663030396809660e-01,-1.742976717836305589e+00
-6.114752326949048911e-01,-1.999548215770634796e+00
-6.074663030396809660e-01,-2.171932190945262242e+00
-6.074663030396809660e-01,-2.300217939912426957e+00
-6.074663030396809660e-01,-2.300217939912426957e+00
-6.074663030396809660e-01,-2.300217939912426957e+00
-5.513412878665464589e-01,-2.183958979910933795e+00
-5.152609209695313552e-01,-1.999548215770634796e+00
-4.671537651068446428e-01,-1.767030295767648918e+00
-4.150376795889340054e-01,-1.490414149557200085e+00
-3.388680161396799839e-01,-1.177717636449736371e+00
-2.667072823456498876e-01,-8.449764750661531432e-01
-1.825197595859480715e-01,-5.162442433377937290e-01
-8.229651820535070772e-02,-2.155745191960015961e-01
2.594458248569445416e-02,6.104162701444715983e-02
1.381946128319635203e-01,2.895506173622091617e-01
2.504446431782325622e-01,5.020238890890755812e-01
3.667036031797255013e-01,6.583721456428075491e-01
4.829625631812184960e-01,7.706221759890765632e-01
5.952125935274875657e-01,8.227382615069871452e-01
7.114715535289805048e-01,8.187293318517633312e-01
8.116947949095778547e-01,7.626043166786288241e-01
9.119180362901752046e-01,6.663900049532552883e-01
1.012141277670772554e+00,5.140506780547472454e-01
1.096328800430474315e+00,3.095952656383286206e-01
1.176507393534952373e+00,6.905948632489494754e-02
1.248668127328982358e+00,-2.276013081616732603e-01
1.296775283191669237e+00,-5.402978212691370574e-01
1.340873509399131969e+00,-8.570032640318248074e-01
1.376953876296147072e+00,-1.213798003346751475e+00
1.401007454227490401e+00,-1.574601672316902068e+00
1.401007454227490401e+00,-1.919369622666156960e+00
1.437087821124505504e+00,-2.195985768876605793e+00
1.461141399055848833e+00,-2.432512618534815374e+00
