4.700000000000000000e+02,-4.050000000000000000e+02
4.790000000000000000e+02,-3.810000000000000000e+02
4.820000000000000000e+02,-3.690000000000000000e+02
4.820000000000000000e+02,-3.690000000000000000e+02
4.820000000000000000e+02,-3.690000000000000000e+02
4.850000000000000000e+02,-3.990000000000000000e+02
4.810000000000000000e+02,-4.350000000000000000e+02
4.670000000000000000e+02,-4.950000000000000000e+02
4.510000000000000000e+02,-5.680000000000000000e+02
4.300000000000000000e+02,-6.580000000000000000e+02
4.080000000000000000e+02,-7.520000000000000000e+02
3.860000000000000000e+02,-8.450000000000000000e+02
3.650000000000000000e+02,-9.310000000000000000e+02
3.450000000000000000e+02,-1.004000000000000000e+03
3.310000000000000000e+02,-1.065000000000000000e+03
3.210000000000000000e+02,-1.105000000000000000e+03
3.190000000000000000e+02,-1.122000000000000000e+03
3.190000000000000000e+02,-1.122000000000000000e+03
3.300000000000000000e+02,-1.085000000000000000e+03
3.440000000000000000e+02,-1.036000000000000000e+03
3.610000000000000000e+02,-9.720000000000000000e+02
3.850000000000000000e+02,-8.910000000000000000e+02
4.150000000000000000e+02,-7.980000000000000000e+02
4.520000000000000000e+02,-6.960000000000000000e+02
4.960000000000000000e+02,-5.890000000000000000e+02
5.450000000000000000e+02,-4.830000000000000000e+02
5.970000000000000000e+02,-3.850000000000000000e+02
6.510000000000000000e+02,-3.000000000000000000e+02
7.020000000000000000e+02,-2.300000000000000000e+02
7.520000000000000000e+02,-1.820000000000000000e+02
7.950000000000000000e+02,-1.490000000000000000e+02
8.260000000000000000e+02,-1.420000000000000000e+02
8.450000000000000000e+02,-1.550000000000000000e+02
8.490000000000000000e+02,-1.880000000000000000e+02
8.370000000000000000e+02,-2.390000000000000000e+02
8.110000000000000000e+02,-3.020000000000000000e+02
7.710000000000000000e+02,-3.780000000000000000e+02
7.220000000000000000e+02,-4.610000000000000000e+02
6.650000000000000000e+02,-5.490000000000000000e+02
6.080000000000000000e+02,-6.370000000000000000e+02
5.520000000000000000e+02,-7.220000000000000000e+02
5.030000000000000000e+02,-7.990000000000000000e+02
4.660000000000000000e+02,-8.660000000000000000e+02
4.400000000000000000e+02,-9.220000000000000000e+02
4.270000000000000000e+02,-9.720000000000000000e+02
4.270000000000000000e+02,-1.009000000000000000e+03
4.420000000000000000e+02,-1.034000000000000000e+03
4.680000000000000000e+02,-1.051000000000000000e+03
5.080000000000000000e+02,-1.059000000000000000e+03
5.580000000000000000e+02,-1.067000000000000000e+03
6.160000000000000000e+02,-1.070000000000000000e+03
6.730000000000000000e+02,-1.073000000000000000e+03
7.310000000000000000e+02,-1.079000000000000000e+03
7.830000000000000000e+02,-1.088000000000000000e+03
8.270000000000000000e+02,-1.104000000000000000e+03
8.640000000000000000e+02,-1.125000000000000000e+03
8.840000000000000000e+02,-1.152000000000000000e+03
9.000000000000000000e+02,-1.181000000000000000e+03
9.090000000000000000e+02,-1.206000000000000000e+03
9.100000000000000000e+02,-1.229000000000000000e+03
9.120000000000000000e+02,-1.244000000000000000e+03
