8.470000000000000000e+02,-1.593000000000000000e+03
8.470000000000000000e+02,-1.578000000000000000e+03
8.470000000000000000e+02,-1.578000000000000000e+03
8.470000000000000000e+02,-1.578000000000000000e+03
8.770000000000000000e+02,-1.573000000000000000e+03
8.940000000000000000e+02,-1.589000000000000000e+03
9.230000000000000000e+02,-1.595000000000000000e+03
9.510000000000000000e+02,-1.610000000000000000e+03
9.870000000000000000e+02,-1.622000000000000000e+03
1.025000000000000000e+03,-1.634000000000000000e+03
1.060000000000000000e+03,-1.643000000000000000e+03
1.094000000000000000e+03,-1.652000000000000000e+03
1.119000000000000000e+03,-1.664000000000000000e+03
1.140000000000000000e+03,-1.662000000000000000e+03
1.162000000000000000e+03,-1.659000000000000000e+03
1.162000000000000000e+03,-1.659000000000000000e+03
1.182000000000000000e+03,-1.649000000000000000e+03
