5.170000000000000000e+02,-3.820000000000000000e+02
4.730000000000000000e+02,-3.480000000000000000e+02
4.730000000000000000e+02,-3.480000000000000000e+02
4.310000000000000000e+02,-3.600000000000000000e+02
4.310000000000000000e+02,-3.600000000000000000e+02
3.820000000000000000e+02,-4.000000000000000000e+02
3.820000000000000000e+02,-4.000000000000000000e+02
3.260000000000000000e+02,-4.800000000000000000e+02
2.960000000000000000e+02,-5.320000000000000000e+02
2.670000000000000000e+02,-6.010000000000000000e+02
2.420000000000000000e+02,-6.760000000000000000e+02
2.260000000000000000e+02,-7.640000000000000000e+02
2.160000000000000000e+02,-8.520000000000000000e+02
2.130000000000000000e+02,-9.440000000000000000e+02
2.200000000000000000e+02,-1.029000000000000000e+03
2.370000000000000000e+02,-1.108000000000000000e+03
2.630000000000000000e+02,-1.175000000000000000e+03
2.950000000000000000e+02,-1.228000000000000000e+03
3.380000000000000000e+02,-1.265000000000000000e+03
3.820000000000000000e+02,-1.284000000000000000e+03
4.300000000000000000e+02,-1.289000000000000000e+03
4.790000000000000000e+02,-1.274000000000000000e+03
5.300000000000000000e+02,-1.249000000000000000e+03
5.800000000000000000e+02,-1.207000000000000000e+03
6.250000000000000000e+02,-1.156000000000000000e+03
6.660000000000000000e+02,-1.093000000000000000e+03
6.990000000000000000e+02,-1.017000000000000000e+03
7.260000000000000000e+02,-9.400000000000000000e+02
7.400000000000000000e+02,-8.570000000000000000e+02
7.470000000000000000e+02,-7.730000000000000000e+02
7.410000000000000000e+02,-6.870000000000000000e+02
7.260000000000000000e+02,-6.050000000000000000e+02
6.990000000000000000e+02,-5.280000000000000000e+02
6.670000000000000000e+02,-4.620000000000000000e+02
6.270000000000000000e+02,-4.060000000000000000e+02
5.840000000000000000e+02,-3.630000000000000000e+02
5.420000000000000000e+02,-3.370000000000000000e+02
4.980000000000000000e+02,-3.210000000000000000e+02
4.980000000000000000e+02,-3.210000000000000000e+02
4.270000000000000000e+02,-3.370000000000000000e+02
4.270000000000000000e+02,-3.370000000000000000e+02
3.780000000000000000e+02,-3.850000000000000000e+02
