1.126000000000000000e+03,-9.000000000000000000e+02
1.126000000000000000e+03,-9.000000000000000000e+02
1.144000000000000000e+03,-8.820000000000000000e+02
1.144000000000000000e+03,-8.820000000000000000e+02
1.150000000000000000e+03,-9.100000000000000000e+02
1.159000000000000000e+03,-9.420000000000000000e+02
1.153000000000000000e+03,-1.007000000000000000e+03
1.155000000000000000e+03,-1.079000000000000000e+03
1.149000000000000000e+03,-1.176000000000000000e+03
1.144000000000000000e+03,-1.280000000000000000e+03
1.137000000000000000e+03,-1.390000000000000000e+03
1.129000000000000000e+03,-1.495000000000000000e+03
1.126000000000000000e+03,-1.589000000000000000e+03
1.122000000000000000e+03,-1.671000000000000000e+03
1.131000000000000000e+03,-1.723000000000000000e+03
1.140000000000000000e+03,-1.751000000000000000e+03
1.152000000000000000e+03,-1.765000000000000000e+03
1.168000000000000000e+03,-1.757000000000000000e+03
1.177000000000000000e+03,-1.744000000000000000e+03
