1.036000000000000000e+03,-4.810000000000000000e+02
1.051000000000000000e+03,-4.580000000000000000e+02
1.051000000000000000e+03,-4.580000000000000000e+02
1.055000000000000000e+03,-4.390000000000000000e+02
1.055000000000000000e+03,-4.390000000000000000e+02
1.055000000000000000e+03,-4.390000000000000000e+02
1.048000000000000000e+03,-4.190000000000000000e+02
1.034000000000000000e+03,-4.220000000000000000e+02
1.034000000000000000e+03,-4.220000000000000000e+02
1.007000000000000000e+03,-4.250000000000000000e+02
9.900000000000000000e+02,-4.280000000000000000e+02
9.680000000000000000e+02,-4.390000000000000000e+02
9.450000000000000000e+02,-4.490000000000000000e+02
9.170000000000000000e+02,-4.640000000000000000e+02
8.890000000000000000e+02,-4.810000000000000000e+02
8.590000000000000000e+02,-5.030000000000000000e+02
8.280000000000000000e+02,-5.290000000000000000e+02
7.970000000000000000e+02,-5.590000000000000000e+02
7.660000000000000000e+02,-5.940000000000000000e+02
7.340000000000000000e+02,-6.330000000000000000e+02
7.040000000000000000e+02,-6.770000000000000000e+02
6.750000000000000000e+02,-7.250000000000000000e+02
6.470000000000000000e+02,-7.790000000000000000e+02
6.210000000000000000e+02,-8.390000000000000000e+02
5.970000000000000000e+02,-9.030000000000000000e+02
5.730000000000000000e+02,-9.720000000000000000e+02
5.520000000000000000e+02,-1.041000000000000000e+03
5.310000000000000000e+02,-1.114000000000000000e+03
5.160000000000000000e+02,-1.185000000000000000e+03
5.000000000000000000e+02,-1.254000000000000000e+03
4.900000000000000000e+02,-1.319000000000000000e+03
4.820000000000000000e+02,-1.382000000000000000e+03
4.790000000000000000e+02,-1.441000000000000000e+03
4.780000000000000000e+02,-1.498000000000000000e+03
4.810000000000000000e+02,-1.549000000000000000e+03
4.850000000000000000e+02,-1.601000000000000000e+03
4.910000000000000000e+02,-1.650000000000000000e+03
5.000000000000000000e+02,-1.700000000000000000e+03
5.130000000000000000e+02,-1.747000000000000000e+03
5.260000000000000000e+02,-1.792000000000000000e+03
5.430000000000000000e+02,-1.837000000000000000e+03
5.620000000000000000e+02,-1.879000000000000000e+03
5.860000000000000000e+02,-1.916000000000000000e+03
6.110000000000000000e+02,-1.953000000000000000e+03
6.390000000000000000e+02,-1.983000000000000000e+03
6.720000000000000000e+02,-2.010000000000000000e+03
7.070000000000000000e+02,-2.030000000000000000e+03
7.420000000000000000e+02,-2.047000000000000000e+03
7.810000000000000000e+02,-2.053000000000000000e+03
8.220000000000000000e+02,-2.051000000000000000e+03
8.640000000000000000e+02,-2.038000000000000000e+03
9.060000000000000000e+02,-2.015000000000000000e+03
9.500000000000000000e+02,-1.977000000000000000e+03
9.920000000000000000e+02,-1.928000000000000000e+03
1.031000000000000000e+03,-1.864000000000000000e+03
1.067000000000000000e+03,-1.792000000000000000e+03
1.099000000000000000e+03,-1.709000000000000000e+03
1.125000000000000000e+03,-1.619000000000000000e+03
1.144000000000000000e+03,-1.524000000000000000e+03
1.158000000000000000e+03,-1.424000000000000000e+03
1.165000000000000000e+03,-1.325000000000000000e+03
1.165000000000000000e+03,-1.230000000000000000e+03
1.161000000000000000e+03,-1.139000000000000000e+03
1.152000000000000000e+03,-1.055000000000000000e+03
1.140000000000000000e+03,-9.830000000000000000e+02
1.126000000000000000e+03,-9.130000000000000000e+02
1.110000000000000000e+03,-8.530000000000000000e+02
1.093000000000000000e+03,-8.000000000000000000e+02
1.076000000000000000e+03,-7.540000000000000000e+02
1.060000000000000000e+03,-7.140000000000000000e+02
1.043000000000000000e+03,-6.800000000000000000e+02
1.028000000000000000e+03,-6.500000000000000000e+02
1.015000000000000000e+03,-6.210000000000000000e+02
9.990000000000000000e+02,-6.030000000000000000e+02
9.870000000000000000e+02,-5.890000000000000000e+02
9.740000000000000000e+02,-5.820000000000000000e+02
9.740000000000000000e+02,-5.820000000000000000e+02
9.530000000000000000e+02,-5.920000000000000000e+02
9.480000000000000000e+02,-6.070000000000000000e+02
9.440000000000000000e+02,-6.310000000000000000e+02
9.420000000000000000e+02,-6.680000000000000000e+02
9.470000000000000000e+02,-7.160000000000000000e+02
9.540000000000000000e+02,-7.720000000000000000e+02
9.680000000000000000e+02,-8.360000000000000000e+02
9.840000000000000000e+02,-9.060000000000000000e+02
1.013000000000000000e+03,-8.640000000000000000e+02
1.048000000000000000e+03,-9.400000000000000000e+02
1.084000000000000000e+03,-1.014000000000000000e+03
1.129000000000000000e+03,-1.078000000000000000e+03
1.171000000000000000e+03,-1.129000000000000000e+03
1.224000000000000000e+03,-1.167000000000000000e+03
1.277000000000000000e+03,-1.192000000000000000e+03
1.333000000000000000e+03,-1.200000000000000000e+03
1.382000000000000000e+03,-1.310000000000000000e+03
1.435000000000000000e+03,-1.289000000000000000e+03
1.482000000000000000e+03,-1.267000000000000000e+03
1.529000000000000000e+03,-1.242000000000000000e+03
1.578000000000000000e+03,-1.212000000000000000e+03
1.613000000000000000e+03,-1.191000000000000000e+03
1.648000000000000000e+03,-1.171000000000000000e+03
