-5.546037683555794517e-01,-1.529723157914361815e-02
-5.546037683555794517e-01,-1.529723157914361815e-02
-5.546037683555794517e-01,-1.529723157914361815e-02
-5.746484166316989661e-01,-8.745796537317372665e-02
-5.746484166316989661e-01,-8.745796537317372665e-02
-5.786573462869227802e-01,-2.077258550298905770e-01
-5.866752055973706304e-01,-2.919133777895923654e-01
-6.027109242182662197e-01,-4.041634081358614350e-01
-6.107287835287139588e-01,-5.364580867582499080e-01
-6.107287835287139588e-01,-6.567259764149667722e-01
-5.906841352525945554e-01,-7.890206550373553007e-01
-5.626216276660271909e-01,-9.092885446940721650e-01
-5.145144718033405340e-01,-1.013520715729893551e+00
-4.383448083540865126e-01,-1.097708238489595312e+00
-3.541572855943846965e-01,-1.169868972283625297e+00
-2.579429738690112162e-01,-1.217976128146312176e+00
-1.497018731779660716e-01,-1.250047565388103354e+00
-2.943398352124921777e-02,-1.254056495043327057e+00
7.880711716979593717e-02,-1.250047565388103354e+00
1.830392882056172121e-01,-1.225993987456759804e+00
2.832625295862145620e-01,-1.189913620559744922e+00
3.754679116563641728e-01,-1.145815394352281968e+00
4.476286454503942691e-01,-1.085681449523923536e+00
5.558697461414394692e-01,-9.934760674537739256e-01
5.558697461414394692e-01,-9.934760674537739256e-01
6.721287061429324083e-01,-8.451456702104899188e-01
