1.171000000000000000e+03,-9.870000000000000000e+02
1.189000000000000000e+03,-9.860000000000000000e+02
1.189000000000000000e+03,-9.860000000000000000e+02
1.189000000000000000e+03,-9.860000000000000000e+02
1.189000000000000000e+03,-9.860000000000000000e+02
1.194000000000000000e+03,-9.690000000000000000e+02
1.180000000000000000e+03,-9.710000000000000000e+02
1.180000000000000000e+03,-9.710000000000000000e+02
1.149000000000000000e+03,-9.690000000000000000e+02
1.122000000000000000e+03,-9.680000000000000000e+02
1.082000000000000000e+03,-9.680000000000000000e+02
1.039000000000000000e+03,-9.660000000000000000e+02
9.870000000000000000e+02,-9.660000000000000000e+02
9.360000000000000000e+02,-9.630000000000000000e+02
8.790000000000000000e+02,-9.650000000000000000e+02
8.220000000000000000e+02,-9.710000000000000000e+02
7.640000000000000000e+02,-9.680000000000000000e+02
7.120000000000000000e+02,-9.710000000000000000e+02
6.780000000000000000e+02,-9.740000000000000000e+02
6.470000000000000000e+02,-9.890000000000000000e+02
6.240000000000000000e+02,-1.001000000000000000e+03
6.120000000000000000e+02,-1.017000000000000000e+03
6.120000000000000000e+02,-1.017000000000000000e+03
