-2.486968146829968140e-01,3.322400451766802654e-01
-2.166253774412056632e-01,4.164275679363820815e-01
-2.246432367516534578e-01,4.525079348333971296e-01
-2.246432367516534578e-01,4.525079348333971296e-01
-2.246432367516534578e-01,4.525079348333971296e-01
-2.727503926143401980e-01,4.044007789707104172e-01
-2.927950408904596569e-01,3.202132562110086011e-01
-3.569379153740419586e-01,1.638649996572767165e-01
-3.890093526158331372e-01,7.516743103544803149e-03
-4.611700864098632335e-01,-2.049565286233216155e-01
-4.932415236516544121e-01,-4.174298003501880627e-01
-5.413486795143411801e-01,-6.699923686292934555e-01
-5.413486795143411801e-01,-9.145370775979509981e-01
-5.052683126173260764e-01,-1.139037138290489137e+00
-4.331075788232959800e-01,-1.335474691396459912e+00
-3.208575484770269104e-01,-1.495831877605415805e+00
-1.645092919232950257e-01,-1.612090837606908744e+00
3.593719083789972263e-02,-1.680242641745715027e+00
2.323747439438705598e-01,-1.712314078987506205e+00
4.809283825677520552e-01,-1.672224782435267176e+00
7.094373729155141195e-01,-1.624117626572580519e+00
8.938481370558132300e-01,-1.543939033468102462e+00
1.066232112230440787e+00,-1.435697932777057373e+00
1.178482142576709801e+00,-1.323447902430788359e+00
