-1.117629238397741087e+00,9.044231515726075532e-01
-1.117629238397741087e+00,9.044231515726075532e-01
-1.173754253570875594e+00,9.605481667457420603e-01
-1.173754253570875594e+00,9.605481667457420603e-01
-1.173754253570875594e+00,9.605481667457420603e-01
-1.173754253570875594e+00,9.605481667457420603e-01
-1.149700675639532044e+00,9.044231515726075532e-01
-1.113620308742517162e+00,8.523070660546969712e-01
-1.053486363914158730e+00,8.202356288129057926e-01
-1.053486363914158730e+00,8.202356288129057926e-01
-9.612809818440091192e-01,7.721284729502190247e-01
-9.612809818440091192e-01,7.721284729502190247e-01
-8.811023887395311727e-01,8.162266991576818675e-01
-8.811023887395311727e-01,8.162266991576818675e-01
-8.410130921872922549e-01,9.004142219173836281e-01
-8.410130921872922549e-01,9.004142219173836281e-01
-8.770934590843072476e-01,9.605481667457420603e-01
-8.770934590843072476e-01,9.605481667457420603e-01
-9.332184742574418657e-01,9.765838853666376496e-01
-9.332184742574418657e-01,9.765838853666376496e-01
-9.332184742574418657e-01,9.765838853666376496e-01
