9.930000000000000000e+02,-1.296000000000000000e+03
9.930000000000000000e+02,-1.296000000000000000e+03
9.930000000000000000e+02,-1.296000000000000000e+03
9.930000000000000000e+02,-1.296000000000000000e+03
9.930000000000000000e+02,-1.296000000000000000e+03
9.750000000000000000e+02,-1.284000000000000000e+03
9.750000000000000000e+02,-1.284000000000000000e+03
9.600000000000000000e+02,-1.283000000000000000e+03
9.600000000000000000e+02,-1.283000000000000000e+03
9.360000000000000000e+02,-1.302000000000000000e+03
9.230000000000000000e+02,-1.317000000000000000e+03
9.040000000000000000e+02,-1.344000000000000000e+03
8.860000000000000000e+02,-1.381000000000000000e+03
8.670000000000000000e+02,-1.424000000000000000e+03
8.500000000000000000e+02,-1.475000000000000000e+03
8.350000000000000000e+02,-1.530000000000000000e+03
8.250000000000000000e+02,-1.585000000000000000e+03
8.200000000000000000e+02,-1.637000000000000000e+03
8.220000000000000000e+02,-1.685000000000000000e+03
8.290000000000000000e+02,-1.727000000000000000e+03
8.430000000000000000e+02,-1.760000000000000000e+03
8.620000000000000000e+02,-1.780000000000000000e+03
8.860000000000000000e+02,-1.790000000000000000e+03
9.170000000000000000e+02,-1.790000000000000000e+03
9.470000000000000000e+02,-1.781000000000000000e+03
9.800000000000000000e+02,-1.763000000000000000e+03
1.015000000000000000e+03,-1.732000000000000000e+03
1.049000000000000000e+03,-1.697000000000000000e+03
1.081000000000000000e+03,-1.653000000000000000e+03
1.114000000000000000e+03,-1.605000000000000000e+03
1.140000000000000000e+03,-1.555000000000000000e+03
1.162000000000000000e+03,-1.503000000000000000e+03
1.176000000000000000e+03,-1.451000000000000000e+03
1.188000000000000000e+03,-1.403000000000000000e+03
1.189000000000000000e+03,-1.362000000000000000e+03
1.185000000000000000e+03,-1.326000000000000000e+03
1.179000000000000000e+03,-1.295000000000000000e+03
1.165000000000000000e+03,-1.272000000000000000e+03
1.152000000000000000e+03,-1.254000000000000000e+03
1.137000000000000000e+03,-1.245000000000000000e+03
1.120000000000000000e+03,-1.242000000000000000e+03
1.105000000000000000e+03,-1.240000000000000000e+03
1.105000000000000000e+03,-1.240000000000000000e+03
1.084000000000000000e+03,-1.242000000000000000e+03
1.084000000000000000e+03,-1.242000000000000000e+03
1.075000000000000000e+03,-1.255000000000000000e+03
1.075000000000000000e+03,-1.255000000000000000e+03
1.076000000000000000e+03,-1.269000000000000000e+03
1.076000000000000000e+03,-1.287000000000000000e+03
1.076000000000000000e+03,-1.287000000000000000e+03
