9.010000000000000000e+02,-9.520000000000000000e+02
9.030000000000000000e+02,-9.390000000000000000e+02
9.030000000000000000e+02,-9.390000000000000000e+02
9.030000000000000000e+02,-9.390000000000000000e+02
9.040000000000000000e+02,-9.240000000000000000e+02
9.040000000000000000e+02,-9.240000000000000000e+02
9.040000000000000000e+02,-9.240000000000000000e+02
9.040000000000000000e+02,-9.240000000000000000e+02
9.090000000000000000e+02,-9.070000000000000000e+02
9.090000000000000000e+02,-9.070000000000000000e+02
9.090000000000000000e+02,-9.070000000000000000e+02
9.090000000000000000e+02,-9.070000000000000000e+02
9.090000000000000000e+02,-9.070000000000000000e+02
9.090000000000000000e+02,-9.070000000000000000e+02
9.120000000000000000e+02,-9.270000000000000000e+02
9.110000000000000000e+02,-9.430000000000000000e+02
9.120000000000000000e+02,-9.590000000000000000e+02
9.090000000000000000e+02,-9.860000000000000000e+02
9.080000000000000000e+02,-1.014000000000000000e+03
9.030000000000000000e+02,-1.055000000000000000e+03
9.010000000000000000e+02,-1.097000000000000000e+03
8.970000000000000000e+02,-1.151000000000000000e+03
8.920000000000000000e+02,-1.206000000000000000e+03
8.860000000000000000e+02,-1.264000000000000000e+03
8.820000000000000000e+02,-1.320000000000000000e+03
8.760000000000000000e+02,-1.373000000000000000e+03
8.710000000000000000e+02,-1.420000000000000000e+03
8.680000000000000000e+02,-1.457000000000000000e+03
8.610000000000000000e+02,-1.494000000000000000e+03
8.650000000000000000e+02,-1.509000000000000000e+03
8.650000000000000000e+02,-1.509000000000000000e+03
8.680000000000000000e+02,-1.528000000000000000e+03
8.680000000000000000e+02,-1.528000000000000000e+03
8.680000000000000000e+02,-1.528000000000000000e+03
