3.417612531078370597e-01,2.345223848305978409e-01
3.417612531078370597e-01,2.345223848305978409e-01
3.577969717287326490e-01,2.866384703485084784e-01
3.577969717287326490e-01,2.866384703485084784e-01
3.577969717287326490e-01,2.866384703485084784e-01
3.096898158660458811e-01,2.826295406932846088e-01
2.174844337958962981e-01,2.104688068992544847e-01
1.373058406914184071e-01,1.463259324156721553e-01
2.505581034514934441e-02,3.808483172462700378e-02
-9.521207931156749904e-02,-6.614733931119426424e-02
-2.074621096578365687e-01,-1.663705806917916419e-01
-3.357478586250011721e-01,-2.706027517276128891e-01
-4.159264517294791186e-01,-3.427634855216430410e-01
-4.640336075921658310e-01,-3.868617117291058838e-01
-4.640336075921658310e-01,-3.868617117291058838e-01
-4.640336075921658310e-01,-3.868617117291058838e-01
