7.130000000000000000e+02,-1.277000000000000000e+03
7.020000000000000000e+02,-1.249000000000000000e+03
7.020000000000000000e+02,-1.249000000000000000e+03
6.890000000000000000e+02,-1.228000000000000000e+03
6.890000000000000000e+02,-1.228000000000000000e+03
6.890000000000000000e+02,-1.228000000000000000e+03
6.890000000000000000e+02,-1.228000000000000000e+03
6.890000000000000000e+02,-1.228000000000000000e+03
7.120000000000000000e+02,-1.249000000000000000e+03
7.210000000000000000e+02,-1.281000000000000000e+03
7.330000000000000000e+02,-1.317000000000000000e+03
7.390000000000000000e+02,-1.365000000000000000e+03
7.460000000000000000e+02,-1.421000000000000000e+03
7.460000000000000000e+02,-1.491000000000000000e+03
7.450000000000000000e+02,-1.564000000000000000e+03
7.370000000000000000e+02,-1.647000000000000000e+03
7.270000000000000000e+02,-1.730000000000000000e+03
7.160000000000000000e+02,-1.815000000000000000e+03
7.010000000000000000e+02,-1.897000000000000000e+03
7.010000000000000000e+02,-1.971000000000000000e+03
7.060000000000000000e+02,-2.042000000000000000e+03
7.120000000000000000e+02,-2.105000000000000000e+03
7.300000000000000000e+02,-2.152000000000000000e+03
7.490000000000000000e+02,-2.191000000000000000e+03
