-5.856434694639790495e-01,-2.068675650055787685e+00
-5.856434694639790495e-01,-2.068675650055787685e+00
-5.856434694639790495e-01,-2.068675650055787685e+00
-5.856434694639790495e-01,-2.068675650055787685e+00
-5.856434694639790495e-01,-2.068675650055787685e+00
-5.856434694639790495e-01,-2.068675650055787685e+00
-6.096970473953223779e-01,-1.984488127296085924e+00
-6.217238363609940421e-01,-1.904309534191608089e+00
-5.856434694639790495e-01,-1.759988066603547674e+00
-5.696077508430834602e-01,-1.595621950739368078e+00
-5.134827356699489531e-01,-1.367112960391606125e+00
-4.693845094624860548e-01,-1.118559321767724546e+00
-4.052416349789037531e-01,-8.098717383154846461e-01
-3.491166198057692460e-01,-4.891573658975730821e-01
-2.970005342878586085e-01,-1.524072748587659010e-01
-2.488933784251718684e-01,1.602892382486978962e-01
-2.128130115281568202e-01,4.649678920457139264e-01
-1.927683632520373336e-01,7.255483196352671138e-01
-1.687147853206939496e-01,9.460394506725813280e-01
-1.687147853206939496e-01,1.118423425847208774e+00
-1.687147853206939496e-01,1.250718104469597414e+00
-1.807415742863656416e-01,1.334905627229299174e+00
-1.807415742863656416e-01,1.334905627229299174e+00
-1.927683632520373336e-01,1.399048501712881531e+00
-1.927683632520373336e-01,1.399048501712881531e+00
-1.927683632520373336e-01,1.399048501712881531e+00
-1.085808404923355452e-01,1.399048501712881531e+00
-4.844689566397711311e-02,1.399048501712881531e+00
4.375848640617246987e-02,1.407066361023329160e+00
1.439817277867698475e-01,1.411075290678553085e+00
2.722674767539344787e-01,1.419093149989000935e+00
4.165889443419946714e-01,1.411075290678553085e+00
5.609104119300548641e-01,1.399048501712881531e+00
7.092408091733389819e-01,1.350941345850194653e+00
8.455444174509514355e-01,1.286798471366612295e+00
9.738301664181160389e-01,1.194593089296462685e+00
1.074053407798713389e+00,1.074325199639746042e+00
1.154232000903191446e+00,9.300037320516857386e-01
1.210357016076325953e+00,7.776644051531776958e-01
1.222383805041997507e+00,6.333429375651175031e-01
1.210357016076325953e+00,4.810036106666095157e-01
1.154232000903191446e+00,3.366821430785492675e-01
1.062026618833041836e+00,2.003785348009368417e-01
9.177051512449815318e-01,6.407492652332442973e-02
7.493301057255780107e-01,-5.619296313339242066e-02
5.569014822748310500e-01,-1.564162045139897983e-01
3.524460698584123697e-01,-2.566394458945871482e-01
1.439817277867698475e-01,-3.448358983095128338e-01
-7.250047359532048319e-02,-4.250144914139907804e-01
-2.729469563565152246e-01,-4.851484362423491570e-01
-4.333041425654710066e-01,-5.252377327945880747e-01
-5.375363136012922816e-01,-5.372645217602598500e-01
-6.177149067057702281e-01,-5.573091700363792533e-01
-6.177149067057702281e-01,-5.573091700363792533e-01
-6.177149067057702281e-01,-5.573091700363792533e-01
-5.696077508430834602e-01,-4.971752252080208767e-01
-4.333041425654710066e-01,-4.370412803796624446e-01
-2.970005342878586085e-01,-3.929430541721996017e-01
-1.125897701475594287e-01,-3.288001796886173000e-01
