8.700000000000000000e+02,-1.751000000000000000e+03
8.700000000000000000e+02,-1.751000000000000000e+03
8.700000000000000000e+02,-1.751000000000000000e+03
8.700000000000000000e+02,-1.751000000000000000e+03
8.700000000000000000e+02,-1.751000000000000000e+03
8.700000000000000000e+02,-1.751000000000000000e+03
8.700000000000000000e+02,-1.751000000000000000e+03
8.700000000000000000e+02,-1.751000000000000000e+03
8.700000000000000000e+02,-1.751000000000000000e+03
8.700000000000000000e+02,-1.751000000000000000e+03
8.700000000000000000e+02,-1.751000000000000000e+03
8.700000000000000000e+02,-1.751000000000000000e+03
8.700000000000000000e+02,-1.751000000000000000e+03
8.700000000000000000e+02,-1.751000000000000000e+03
8.700000000000000000e+02,-1.751000000000000000e+03
