-1.323675682524834807e+00,1.181085343651530284e+00
-1.323675682524834807e+00,1.181085343651530284e+00
-1.179354214936774614e+00,1.301353233308247148e+00
-1.071113114245729525e+00,1.345451459515709880e+00
-9.308005763128932575e-01,1.381531826412724984e+00
-7.063005156203551183e-01,1.441665771241083416e+00
-4.737825956173691844e-01,1.453692560206755191e+00
-1.931575197516965381e-01,1.465719349172426744e+00
5.940504852740883385e-02,1.441665771241083416e+00
3.079586871512903223e-01,1.413603263654516162e+00
5.244408885333806669e-01,1.349460389170933805e+00
7.008337933632320382e-01,1.277299655376903820e+00
8.170927533647249774e-01,1.181085343651530284e+00
8.531731202617399701e-01,1.056808524339589495e+00
8.170927533647249774e-01,9.084781270963053768e-01
6.928159340527841881e-01,7.280762926112301914e-01
5.084051699124850776e-01,5.236208801948114555e-01
2.879140388751708635e-01,2.991208195022733718e-01
4.737825956173714881e-02,6.259396984406358222e-02
-1.811307307860248739e-01,-1.819507391245940020e-01
-3.815772135472196291e-01,-4.264954480932515724e-01
-5.339165404457275610e-01,-6.670312274066853009e-01
-6.301308521711010968e-01,-8.955402177544472542e-01
-6.421576411367727610e-01,-1.087968841205194215e+00
-5.820236963084143289e-01,-1.260352816379821661e+00
-4.617558066516975201e-01,-1.396656424657434226e+00
-2.733361128561744291e-01,-1.512915384658927165e+00
-6.086284112930801654e-02,-1.597102907418628925e+00
1.997175864602451500e-01,-1.629174344660420104e+00
4.602980140497983097e-01,-1.641201133626091657e+00
6.687623561214408596e-01,-1.633183274315644029e+00
8.692088388826355594e-01,-1.573049329487285597e+00
9.974945878498002738e-01,-1.504897525348479315e+00
