-6.767932314372624436e-01,1.280614398078842253e+00
-7.128735983342775473e-01,1.348766202217648535e+00
-6.928289500581580329e-01,1.457007302908693624e+00
-6.888200204029342189e-01,1.537185896013171682e+00
-6.687753721268147045e-01,1.637409137393768921e+00
-6.086414272984562723e-01,1.729614519463918532e+00
-5.605342714357695044e-01,1.821819901534068142e+00
-4.883735376417394081e-01,1.906007424293769903e+00
-4.202217335029331813e-01,1.978168158087800110e+00
-3.199984921223358314e-01,2.050328891881830096e+00
-2.358109693626340431e-01,2.090418188434069346e+00
-1.115341500506932954e-01,2.134516414641531856e+00
2.076052857169523660e-02,2.146543203607203854e+00
1.931445037463227210e-01,2.158569992572875407e+00
3.655284789209501950e-01,2.114471766365412453e+00
5.619660320269210807e-01,2.074382469813173646e+00
7.704303740985636306e-01,1.994203876708695589e+00
9.748857865149822555e-01,1.897989564983322275e+00
1.167314409965729105e+00,1.753668097395261860e+00
1.343707314795580476e+00,1.585293051875858339e+00
1.484019852728416966e+00,1.364801920838544236e+00
1.592260953419462055e+00,1.124266141525110507e+00
1.676448476179163816e+00,8.596767842803333393e-01
1.736582421007522248e+00,5.710338491042129538e-01
1.764644928594089501e+00,2.743730546176447183e-01
1.776671717559761277e+00,-3.030559917937128422e-02
1.760635998938865576e+00,-3.189485343554916974e-01
1.728564561697074398e+00,-5.915557509107165490e-01
1.664421687213492040e+00,-8.441183191898219418e-01
1.572216305143342652e+00,-1.080645168848031856e+00
1.431903767210506162e+00,-1.293118440574898109e+00
1.271546581001550491e+00,-1.485547064025645181e+00
1.079117957550803419e+00,-1.653922109545048702e+00
8.786714747896087196e-01,-1.794234647477884970e+00
6.581803437522945055e-01,-1.914502537134601834e+00
4.537249313358758807e-01,-2.002698989549527742e+00
2.492695189194572558e-01,-2.066841864033110099e+00
6.886768443438197329e-02,-2.094904371619677352e+00
-9.549843142979771993e-02,-2.094904371619677352e+00
-2.358109693626340431e-01,-2.078868652998781652e+00
-3.360342107432314207e-01,-2.054815075067438102e+00
-4.202217335029331813e-01,-2.022743637825647145e+00
-4.763467486760677438e-01,-1.998690059894303594e+00
-4.763467486760677438e-01,-1.998690059894303594e+00
-4.763467486760677438e-01,-1.998690059894303594e+00
-4.763467486760677438e-01,-1.998690059894303594e+00
-4.763467486760677438e-01,-1.998690059894303594e+00
-4.162128038477093117e-01,-1.978645411618184191e+00
-3.480609997089030849e-01,-1.974636481962960266e+00
-2.478377583283057350e-01,-1.918511466789825759e+00
