4.629258770295379133e-01,5.057581254511407387e-01
3.787383542698360972e-01,5.458474220033796565e-01
3.506758466832688437e-01,6.500795930392009314e-01
2.664883239235670276e-01,6.861599599362160351e-01
1.622561528877457804e-01,7.302581861436788779e-01
5.802398185192450542e-02,7.703474826959177957e-01
-6.625283746001624230e-02,7.783653420063656458e-01
-2.025564457376286542e-01,7.823742716615894599e-01
-3.388600540152411078e-01,7.462939047645744672e-01
-4.671458029824057112e-01,7.102135378675593635e-01
-6.074583409152420899e-01,6.260260151078576030e-01
-7.277262305719588431e-01,5.538652813138275066e-01
-8.279494719525563040e-01,4.376063213123345119e-01
-9.121369947122580646e-01,3.173384316556177032e-01
-9.682620098853925716e-01,1.770258937227813800e-01
-9.923155878167360111e-01,2.869549647949725876e-02
-9.722709395406164967e-01,-1.276527600742346502e-01
-9.241637836779297288e-01,-2.920188759384143573e-01
-8.359673312630040432e-01,-4.563849918025940089e-01
-7.156994416062871789e-01,-6.207511076667737715e-01
-5.433154664316597326e-01,-7.570547159443861140e-01
-3.589047022913605667e-01,-8.973672538772224927e-01
-1.584582195301658114e-01,-1.001599424913043768e+00
4.198826323102892999e-02,-1.077769088362297678e+00
2.424347459922236714e-01,-1.113849455259312782e+00
4.228365804772989400e-01,-1.121867314569760632e+00
5.912116259967025167e-01,-1.073760158707073753e+00
7.435509528952105596e-01,-9.935815656025959175e-01
8.437741942758079094e-01,-8.492600980145357248e-01
9.279617170355096700e-01,-6.688582635294604284e-01
9.720599432429725129e-01,-4.603939214578179340e-01
9.760688728981964379e-01,-2.318849311100559252e-01
9.279617170355096700e-01,-7.384870417517797221e-03
8.157116866892406559e-01,2.090973309645725309e-01
6.353098522041653595e-01,4.015259544153194637e-01
4.709437363399857079e-01,6.019724371765142745e-01
2.464436756474475687e-01,6.901688895914399602e-01
8.207755978326787549e-02,8.024189199377089743e-01
