-7.589949645074979268e-01,-8.379534485864726934e-01
-8.191289093358563589e-01,-8.860606044491594613e-01
-8.191289093358563589e-01,-8.860606044491594613e-01
-8.471914169224236124e-01,-8.499802375521443576e-01
-8.471914169224236124e-01,-8.058820113446815148e-01
-7.950753314045129194e-01,-7.056587699640841649e-01
-7.429592458866023374e-01,-6.014265989282628899e-01
-6.587717231269004659e-01,-4.410694127193071079e-01
-5.705752707119747802e-01,-2.686854375446796062e-01
-4.663430996761535607e-01,-5.621216581781319360e-02
-3.741377176060039500e-01,1.602700355642771302e-01
-2.779234058806304697e-01,3.687343776359196523e-01
-1.977448127761526064e-01,5.531451417762188738e-01
-1.295930086373463797e-01,7.255291169508463200e-01
-8.950371208510743415e-02,8.498059362627871094e-01
-6.144120449854016675e-02,9.339934590224888700e-01
-6.144120449854016675e-02,9.339934590224888700e-01
-6.144120449854016675e-02,9.339934590224888700e-01
-6.144120449854016675e-02,8.618327252284587736e-01
-6.945906380898796140e-02,7.415648355717419093e-01
-7.747692311943574217e-02,5.771987197075622023e-01
-8.148585277465963950e-02,3.887790259120391667e-01
-7.346799346421185872e-02,1.722968245299488221e-01
-6.545013415376406407e-02,-7.224788443870877597e-02
-4.540548587764459132e-02,-3.167925934073663741e-01
-1.734297829107732392e-02,-5.412926540999044578e-01
1.472845895071383561e-02,-7.337212775506514184e-01
5.080882584772888899e-02,-8.940784637596072004e-01
8.688919274474393717e-02,-1.010337423761100251e+00
1.349963486074306773e-01,-1.070471368589458683e+00
1.790945748148935202e-01,-1.062453509279010833e+00
2.352195899880280550e-01,-9.983106347954284754e-01
2.873356755059386924e-01,-8.700248858282638720e-01
3.354428313686254048e-01,-6.936319809984125007e-01
3.915678465417599674e-01,-4.691319203058743614e-01
4.476928617148944745e-01,-2.245872113372167633e-01
5.118357361984767762e-01,4.401107556278418403e-02
5.679607513716112832e-01,3.045915031523373506e-01
6.200768368895219762e-01,5.411183528105470986e-01
6.601661334417608940e-01,7.335469762612940592e-01
7.082732893044476619e-01,8.898952328150260271e-01
7.243090079253432512e-01,9.660648962642800486e-01
7.243090079253432512e-01,9.660648962642800486e-01
7.844429527537016833e-01,9.620559666090561235e-01
7.964697417193733475e-01,8.858863031598021021e-01
8.084965306850450117e-01,8.016987804001003415e-01
