2.100000000000000000e+02,-8.420000000000000000e+02
1.940000000000000000e+02,-8.440000000000000000e+02
1.940000000000000000e+02,-8.440000000000000000e+02
1.940000000000000000e+02,-8.440000000000000000e+02
1.940000000000000000e+02,-8.440000000000000000e+02
1.940000000000000000e+02,-8.440000000000000000e+02
1.900000000000000000e+02,-8.610000000000000000e+02
1.900000000000000000e+02,-8.610000000000000000e+02
1.900000000000000000e+02,-8.610000000000000000e+02
2.080000000000000000e+02,-8.700000000000000000e+02
2.080000000000000000e+02,-8.700000000000000000e+02
2.250000000000000000e+02,-8.680000000000000000e+02
2.250000000000000000e+02,-8.680000000000000000e+02
2.440000000000000000e+02,-8.550000000000000000e+02
2.440000000000000000e+02,-8.550000000000000000e+02
2.670000000000000000e+02,-8.240000000000000000e+02
2.770000000000000000e+02,-8.030000000000000000e+02
2.920000000000000000e+02,-7.790000000000000000e+02
3.050000000000000000e+02,-7.510000000000000000e+02
3.210000000000000000e+02,-7.170000000000000000e+02
3.350000000000000000e+02,-6.860000000000000000e+02
3.510000000000000000e+02,-6.500000000000000000e+02
3.660000000000000000e+02,-6.130000000000000000e+02
3.810000000000000000e+02,-5.770000000000000000e+02
3.950000000000000000e+02,-5.400000000000000000e+02
4.090000000000000000e+02,-5.020000000000000000e+02
4.190000000000000000e+02,-4.700000000000000000e+02
4.280000000000000000e+02,-4.420000000000000000e+02
4.360000000000000000e+02,-4.160000000000000000e+02
4.420000000000000000e+02,-3.980000000000000000e+02
4.420000000000000000e+02,-3.980000000000000000e+02
4.450000000000000000e+02,-3.780000000000000000e+02
4.450000000000000000e+02,-3.780000000000000000e+02
4.450000000000000000e+02,-3.780000000000000000e+02
4.390000000000000000e+02,-4.080000000000000000e+02
4.360000000000000000e+02,-4.360000000000000000e+02
4.330000000000000000e+02,-4.690000000000000000e+02
4.280000000000000000e+02,-5.090000000000000000e+02
4.250000000000000000e+02,-5.560000000000000000e+02
4.240000000000000000e+02,-6.100000000000000000e+02
4.210000000000000000e+02,-6.690000000000000000e+02
4.190000000000000000e+02,-7.310000000000000000e+02
4.180000000000000000e+02,-7.960000000000000000e+02
4.180000000000000000e+02,-8.650000000000000000e+02
4.180000000000000000e+02,-9.370000000000000000e+02
4.210000000000000000e+02,-1.010000000000000000e+03
4.250000000000000000e+02,-1.084000000000000000e+03
4.310000000000000000e+02,-1.159000000000000000e+03
4.390000000000000000e+02,-1.233000000000000000e+03
4.480000000000000000e+02,-1.305000000000000000e+03
4.580000000000000000e+02,-1.373000000000000000e+03
4.690000000000000000e+02,-1.438000000000000000e+03
4.790000000000000000e+02,-1.495000000000000000e+03
4.900000000000000000e+02,-1.549000000000000000e+03
5.000000000000000000e+02,-1.596000000000000000e+03
5.110000000000000000e+02,-1.638000000000000000e+03
5.220000000000000000e+02,-1.674000000000000000e+03
5.320000000000000000e+02,-1.706000000000000000e+03
5.470000000000000000e+02,-1.736000000000000000e+03
5.590000000000000000e+02,-1.760000000000000000e+03
5.740000000000000000e+02,-1.784000000000000000e+03
5.860000000000000000e+02,-1.804000000000000000e+03
6.010000000000000000e+02,-1.824000000000000000e+03
6.150000000000000000e+02,-1.840000000000000000e+03
6.300000000000000000e+02,-1.854000000000000000e+03
6.480000000000000000e+02,-1.866000000000000000e+03
6.630000000000000000e+02,-1.872000000000000000e+03
6.840000000000000000e+02,-1.873000000000000000e+03
7.040000000000000000e+02,-1.866000000000000000e+03
7.280000000000000000e+02,-1.849000000000000000e+03
7.520000000000000000e+02,-1.821000000000000000e+03
7.810000000000000000e+02,-1.777000000000000000e+03
8.080000000000000000e+02,-1.718000000000000000e+03
8.370000000000000000e+02,-1.643000000000000000e+03
8.640000000000000000e+02,-1.555000000000000000e+03
8.910000000000000000e+02,-1.459000000000000000e+03
9.180000000000000000e+02,-1.353000000000000000e+03
9.420000000000000000e+02,-1.243000000000000000e+03
9.650000000000000000e+02,-1.135000000000000000e+03
9.860000000000000000e+02,-1.031000000000000000e+03
1.004000000000000000e+03,-9.330000000000000000e+02
1.021000000000000000e+03,-8.440000000000000000e+02
1.033000000000000000e+03,-7.660000000000000000e+02
1.046000000000000000e+03,-6.950000000000000000e+02
1.055000000000000000e+03,-6.340000000000000000e+02
1.064000000000000000e+03,-5.830000000000000000e+02
1.070000000000000000e+03,-5.400000000000000000e+02
1.078000000000000000e+03,-5.030000000000000000e+02
1.081000000000000000e+03,-4.760000000000000000e+02
1.085000000000000000e+03,-4.540000000000000000e+02
1.090000000000000000e+03,-4.390000000000000000e+02
1.090000000000000000e+03,-4.390000000000000000e+02
1.096000000000000000e+03,-4.220000000000000000e+02
1.096000000000000000e+03,-4.220000000000000000e+02
1.096000000000000000e+03,-4.220000000000000000e+02
1.105000000000000000e+03,-4.420000000000000000e+02
1.106000000000000000e+03,-4.630000000000000000e+02
1.108000000000000000e+03,-4.930000000000000000e+02
1.108000000000000000e+03,-5.270000000000000000e+02
1.108000000000000000e+03,-5.710000000000000000e+02
1.106000000000000000e+03,-6.190000000000000000e+02
1.103000000000000000e+03,-6.720000000000000000e+02
1.100000000000000000e+03,-7.310000000000000000e+02
1.096000000000000000e+03,-7.880000000000000000e+02
1.093000000000000000e+03,-8.530000000000000000e+02
1.088000000000000000e+03,-9.190000000000000000e+02
1.084000000000000000e+03,-9.890000000000000000e+02
1.079000000000000000e+03,-1.060000000000000000e+03
1.076000000000000000e+03,-1.130000000000000000e+03
1.073000000000000000e+03,-1.203000000000000000e+03
1.072000000000000000e+03,-1.274000000000000000e+03
1.070000000000000000e+03,-1.343000000000000000e+03
1.075000000000000000e+03,-1.405000000000000000e+03
1.078000000000000000e+03,-1.465000000000000000e+03
1.088000000000000000e+03,-1.521000000000000000e+03
1.100000000000000000e+03,-1.573000000000000000e+03
1.117000000000000000e+03,-1.623000000000000000e+03
1.135000000000000000e+03,-1.667000000000000000e+03
1.158000000000000000e+03,-1.706000000000000000e+03
1.182000000000000000e+03,-1.741000000000000000e+03
1.209000000000000000e+03,-1.769000000000000000e+03
1.239000000000000000e+03,-1.790000000000000000e+03
1.271000000000000000e+03,-1.804000000000000000e+03
1.304000000000000000e+03,-1.809000000000000000e+03
1.339000000000000000e+03,-1.806000000000000000e+03
1.376000000000000000e+03,-1.796000000000000000e+03
1.413000000000000000e+03,-1.783000000000000000e+03
1.452000000000000000e+03,-1.765000000000000000e+03
1.491000000000000000e+03,-1.742000000000000000e+03
1.530000000000000000e+03,-1.721000000000000000e+03
1.566000000000000000e+03,-1.699000000000000000e+03
1.601000000000000000e+03,-1.676000000000000000e+03
1.633000000000000000e+03,-1.653000000000000000e+03
1.657000000000000000e+03,-1.632000000000000000e+03
1.685000000000000000e+03,-1.607000000000000000e+03
1.711000000000000000e+03,-1.582000000000000000e+03
1.720000000000000000e+03,-1.563000000000000000e+03
1.731000000000000000e+03,-1.531000000000000000e+03
