9.010000000000000000e+02,-1.103000000000000000e+03
9.010000000000000000e+02,-1.103000000000000000e+03
9.080000000000000000e+02,-1.075000000000000000e+03
9.080000000000000000e+02,-1.075000000000000000e+03
9.150000000000000000e+02,-1.058000000000000000e+03
9.150000000000000000e+02,-1.058000000000000000e+03
9.150000000000000000e+02,-1.058000000000000000e+03
9.260000000000000000e+02,-1.040000000000000000e+03
9.260000000000000000e+02,-1.040000000000000000e+03
9.260000000000000000e+02,-1.040000000000000000e+03
9.200000000000000000e+02,-1.055000000000000000e+03
9.200000000000000000e+02,-1.055000000000000000e+03
9.080000000000000000e+02,-1.091000000000000000e+03
8.980000000000000000e+02,-1.123000000000000000e+03
8.800000000000000000e+02,-1.165000000000000000e+03
8.650000000000000000e+02,-1.213000000000000000e+03
8.470000000000000000e+02,-1.272000000000000000e+03
8.340000000000000000e+02,-1.334000000000000000e+03
8.190000000000000000e+02,-1.399000000000000000e+03
8.100000000000000000e+02,-1.462000000000000000e+03
8.030000000000000000e+02,-1.522000000000000000e+03
8.070000000000000000e+02,-1.578000000000000000e+03
8.140000000000000000e+02,-1.631000000000000000e+03
8.260000000000000000e+02,-1.676000000000000000e+03
8.440000000000000000e+02,-1.711000000000000000e+03
8.650000000000000000e+02,-1.736000000000000000e+03
8.880000000000000000e+02,-1.756000000000000000e+03
9.140000000000000000e+02,-1.763000000000000000e+03
9.410000000000000000e+02,-1.759000000000000000e+03
9.630000000000000000e+02,-1.753000000000000000e+03
9.930000000000000000e+02,-1.732000000000000000e+03
1.018000000000000000e+03,-1.726000000000000000e+03
1.034000000000000000e+03,-1.709000000000000000e+03
1.051000000000000000e+03,-1.688000000000000000e+03
1.060000000000000000e+03,-1.667000000000000000e+03
