-7.897591420791072458e-01,3.853583631083968841e-01
-7.897591420791072458e-01,3.853583631083968841e-01
-7.897591420791072458e-01,3.853583631083968841e-01
-7.175984082850771495e-01,4.695458858680987002e-01
-6.334108855253753889e-01,5.096351824203376735e-01
-4.690447696611956818e-01,5.898137755248155090e-01
-3.126965131074638249e-01,6.419298610427262020e-01
-8.418752275970178833e-02,7.541798913889952161e-01
1.403125379328363231e-01,8.303495548382492375e-01
4.049018951776133801e-01,9.506174444949661018e-01
6.654823227671665675e-01,1.078903193462130705e+00
9.220538207014958854e-01,1.211197872084519345e+00
1.186643177946272942e+00,1.355519339672579537e+00
1.427178957259706671e+00,1.483805088639744030e+00
1.651679017952244699e+00,1.612090837606908744e+00
1.864152289679111174e+00,1.756412305194968937e+00
2.032527335198514695e+00,1.880689124506909726e+00
