4.250000000000000000e+02,-7.710000000000000000e+02
4.440000000000000000e+02,-7.200000000000000000e+02
4.440000000000000000e+02,-7.200000000000000000e+02
4.440000000000000000e+02,-7.200000000000000000e+02
4.440000000000000000e+02,-7.200000000000000000e+02
4.440000000000000000e+02,-7.200000000000000000e+02
4.440000000000000000e+02,-7.200000000000000000e+02
4.010000000000000000e+02,-7.900000000000000000e+02
4.010000000000000000e+02,-7.900000000000000000e+02
3.730000000000000000e+02,-8.880000000000000000e+02
3.600000000000000000e+02,-9.510000000000000000e+02
3.500000000000000000e+02,-1.024000000000000000e+03
3.480000000000000000e+02,-1.097000000000000000e+03
3.540000000000000000e+02,-1.166000000000000000e+03
3.710000000000000000e+02,-1.226000000000000000e+03
4.010000000000000000e+02,-1.274000000000000000e+03
4.410000000000000000e+02,-1.302000000000000000e+03
4.870000000000000000e+02,-1.304000000000000000e+03
5.410000000000000000e+02,-1.286000000000000000e+03
5.970000000000000000e+02,-1.246000000000000000e+03
6.480000000000000000e+02,-1.192000000000000000e+03
6.910000000000000000e+02,-1.132000000000000000e+03
7.230000000000000000e+02,-1.061000000000000000e+03
7.370000000000000000e+02,-9.900000000000000000e+02
7.360000000000000000e+02,-9.240000000000000000e+02
7.230000000000000000e+02,-8.690000000000000000e+02
6.930000000000000000e+02,-8.240000000000000000e+02
6.530000000000000000e+02,-7.960000000000000000e+02
6.020000000000000000e+02,-7.840000000000000000e+02
5.480000000000000000e+02,-7.880000000000000000e+02
4.940000000000000000e+02,-8.130000000000000000e+02
4.460000000000000000e+02,-8.510000000000000000e+02
4.080000000000000000e+02,-9.010000000000000000e+02
3.770000000000000000e+02,-9.570000000000000000e+02
3.620000000000000000e+02,-1.020000000000000000e+03
