3.400000000000000000e+02,-1.282000000000000000e+03
3.250000000000000000e+02,-1.292000000000000000e+03
3.250000000000000000e+02,-1.292000000000000000e+03
3.100000000000000000e+02,-1.288000000000000000e+03
2.980000000000000000e+02,-1.289000000000000000e+03
2.990000000000000000e+02,-1.280000000000000000e+03
2.990000000000000000e+02,-1.280000000000000000e+03
2.990000000000000000e+02,-1.280000000000000000e+03
2.990000000000000000e+02,-1.280000000000000000e+03
3.030000000000000000e+02,-1.270000000000000000e+03
3.030000000000000000e+02,-1.270000000000000000e+03
3.030000000000000000e+02,-1.270000000000000000e+03
3.100000000000000000e+02,-1.283000000000000000e+03
3.100000000000000000e+02,-1.283000000000000000e+03
3.060000000000000000e+02,-1.297000000000000000e+03
3.030000000000000000e+02,-1.306000000000000000e+03
3.030000000000000000e+02,-1.306000000000000000e+03
3.020000000000000000e+02,-1.315000000000000000e+03
3.020000000000000000e+02,-1.315000000000000000e+03
2.910000000000000000e+02,-1.303000000000000000e+03
2.830000000000000000e+02,-1.286000000000000000e+03
