7.180000000000000000e+02,-1.038000000000000000e+03
7.180000000000000000e+02,-1.038000000000000000e+03
7.180000000000000000e+02,-1.038000000000000000e+03
7.180000000000000000e+02,-1.038000000000000000e+03
6.990000000000000000e+02,-1.069000000000000000e+03
7.070000000000000000e+02,-1.090000000000000000e+03
7.010000000000000000e+02,-1.136000000000000000e+03
7.020000000000000000e+02,-1.191000000000000000e+03
6.990000000000000000e+02,-1.260000000000000000e+03
6.990000000000000000e+02,-1.332000000000000000e+03
6.980000000000000000e+02,-1.412000000000000000e+03
6.990000000000000000e+02,-1.483000000000000000e+03
7.010000000000000000e+02,-1.551000000000000000e+03
7.040000000000000000e+02,-1.607000000000000000e+03
7.090000000000000000e+02,-1.650000000000000000e+03
7.150000000000000000e+02,-1.679000000000000000e+03
7.220000000000000000e+02,-1.697000000000000000e+03
7.220000000000000000e+02,-1.697000000000000000e+03
7.360000000000000000e+02,-1.711000000000000000e+03
7.360000000000000000e+02,-1.711000000000000000e+03
7.360000000000000000e+02,-1.711000000000000000e+03
7.360000000000000000e+02,-1.711000000000000000e+03
7.430000000000000000e+02,-1.688000000000000000e+03
7.390000000000000000e+02,-1.670000000000000000e+03
7.390000000000000000e+02,-1.644000000000000000e+03
7.360000000000000000e+02,-1.614000000000000000e+03
7.340000000000000000e+02,-1.576000000000000000e+03
7.340000000000000000e+02,-1.542000000000000000e+03
7.370000000000000000e+02,-1.504000000000000000e+03
7.400000000000000000e+02,-1.471000000000000000e+03
7.450000000000000000e+02,-1.441000000000000000e+03
7.510000000000000000e+02,-1.417000000000000000e+03
7.600000000000000000e+02,-1.399000000000000000e+03
7.690000000000000000e+02,-1.385000000000000000e+03
7.690000000000000000e+02,-1.385000000000000000e+03
7.940000000000000000e+02,-1.365000000000000000e+03
8.100000000000000000e+02,-1.361000000000000000e+03
8.310000000000000000e+02,-1.358000000000000000e+03
8.520000000000000000e+02,-1.359000000000000000e+03
8.800000000000000000e+02,-1.361000000000000000e+03
9.090000000000000000e+02,-1.364000000000000000e+03
9.440000000000000000e+02,-1.370000000000000000e+03
9.780000000000000000e+02,-1.379000000000000000e+03
1.013000000000000000e+03,-1.382000000000000000e+03
1.045000000000000000e+03,-1.385000000000000000e+03
1.075000000000000000e+03,-1.385000000000000000e+03
1.100000000000000000e+03,-1.378000000000000000e+03
1.125000000000000000e+03,-1.367000000000000000e+03
1.143000000000000000e+03,-1.350000000000000000e+03
1.156000000000000000e+03,-1.325000000000000000e+03
1.168000000000000000e+03,-1.295000000000000000e+03
1.177000000000000000e+03,-1.260000000000000000e+03
1.183000000000000000e+03,-1.221000000000000000e+03
1.188000000000000000e+03,-1.182000000000000000e+03
1.191000000000000000e+03,-1.144000000000000000e+03
1.192000000000000000e+03,-1.106000000000000000e+03
1.191000000000000000e+03,-1.070000000000000000e+03
1.189000000000000000e+03,-1.040000000000000000e+03
1.186000000000000000e+03,-1.013000000000000000e+03
1.182000000000000000e+03,-9.930000000000000000e+02
1.179000000000000000e+03,-9.800000000000000000e+02
1.179000000000000000e+03,-9.800000000000000000e+02
1.173000000000000000e+03,-9.650000000000000000e+02
1.173000000000000000e+03,-9.650000000000000000e+02
1.173000000000000000e+03,-9.650000000000000000e+02
1.171000000000000000e+03,-9.900000000000000000e+02
1.173000000000000000e+03,-1.022000000000000000e+03
1.177000000000000000e+03,-1.066000000000000000e+03
1.182000000000000000e+03,-1.129000000000000000e+03
1.189000000000000000e+03,-1.203000000000000000e+03
1.195000000000000000e+03,-1.287000000000000000e+03
1.203000000000000000e+03,-1.374000000000000000e+03
1.209000000000000000e+03,-1.462000000000000000e+03
1.214000000000000000e+03,-1.548000000000000000e+03
1.221000000000000000e+03,-1.625000000000000000e+03
1.221000000000000000e+03,-1.692000000000000000e+03
1.232000000000000000e+03,-1.742000000000000000e+03
1.250000000000000000e+03,-1.774000000000000000e+03
1.275000000000000000e+03,-1.790000000000000000e+03
1.310000000000000000e+03,-1.792000000000000000e+03
