4.279803280576861130e-02,1.944872630034296113e-01
4.279803280576861130e-02,1.944872630034296113e-01
4.279803280576861130e-02,1.944872630034296113e-01
4.279803280576861130e-02,1.944872630034296113e-01
4.279803280576861130e-02,1.944872630034296113e-01
-4.940734926438097169e-02,3.413007679447382231e-02
-4.940734926438097169e-02,3.413007679447382231e-02
-4.940734926438097169e-02,3.413007679447382231e-02
-4.940734926438097169e-02,3.413007679447382231e-02
-4.940734926438097169e-02,3.413007679447382231e-02
-4.940734926438097169e-02,3.413007679447382231e-02
-4.940734926438097169e-02,3.413007679447382231e-02
-4.940734926438097169e-02,3.413007679447382231e-02
-4.940734926438097169e-02,3.413007679447382231e-02
-4.940734926438097169e-02,3.413007679447382231e-02
-4.940734926438097169e-02,3.413007679447382231e-02
-4.940734926438097169e-02,3.413007679447382231e-02
-4.940734926438097169e-02,3.413007679447382231e-02
-4.940734926438097169e-02,3.413007679447382231e-02
-4.940734926438097169e-02,3.413007679447382231e-02
-4.940734926438097169e-02,3.413007679447382231e-02
1.229766259102465092e-01,1.408542851835434782e-02
1.229766259102465092e-01,1.408542851835434782e-02
1.229766259102465092e-01,1.408542851835434782e-02
1.229766259102465092e-01,1.408542851835434782e-02
1.350034148759181873e-01,-1.703253356219448233e-01
1.350034148759181873e-01,-1.703253356219448233e-01
1.350034148759181873e-01,-1.703253356219448233e-01
1.350034148759181873e-01,-1.703253356219448233e-01
-3.738056029870928665e-02,-1.943789135532881795e-01
-3.738056029870928665e-02,-1.943789135532881795e-01
-3.738056029870928665e-02,-1.943789135532881795e-01
-3.738056029870928665e-02,-1.943789135532881795e-01
-3.738056029870928665e-02,-1.943789135532881795e-01
-8.949664581661992413e-02,2.611221748402603460e-02
-8.949664581661992413e-02,2.611221748402603460e-02
-8.949664581661992413e-02,2.611221748402603460e-02
