4.970000000000000000e+02,-1.000000000000000000e+03
4.700000000000000000e+02,-1.017000000000000000e+03
4.490000000000000000e+02,-1.031000000000000000e+03
4.250000000000000000e+02,-1.052000000000000000e+03
4.030000000000000000e+02,-1.074000000000000000e+03
3.830000000000000000e+02,-1.099000000000000000e+03
3.620000000000000000e+02,-1.128000000000000000e+03
3.470000000000000000e+02,-1.155000000000000000e+03
3.330000000000000000e+02,-1.185000000000000000e+03
3.220000000000000000e+02,-1.209000000000000000e+03
3.120000000000000000e+02,-1.234000000000000000e+03
3.040000000000000000e+02,-1.255000000000000000e+03
2.980000000000000000e+02,-1.272000000000000000e+03
2.950000000000000000e+02,-1.282000000000000000e+03
2.950000000000000000e+02,-1.282000000000000000e+03
2.950000000000000000e+02,-1.282000000000000000e+03
3.010000000000000000e+02,-1.272000000000000000e+03
3.100000000000000000e+02,-1.254000000000000000e+03
3.210000000000000000e+02,-1.227000000000000000e+03
3.340000000000000000e+02,-1.192000000000000000e+03
3.500000000000000000e+02,-1.151000000000000000e+03
3.700000000000000000e+02,-1.107000000000000000e+03
3.890000000000000000e+02,-1.058000000000000000e+03
4.070000000000000000e+02,-1.010000000000000000e+03
4.250000000000000000e+02,-9.660000000000000000e+02
4.430000000000000000e+02,-9.270000000000000000e+02
4.590000000000000000e+02,-8.940000000000000000e+02
4.750000000000000000e+02,-8.660000000000000000e+02
4.890000000000000000e+02,-8.480000000000000000e+02
5.030000000000000000e+02,-8.350000000000000000e+02
5.190000000000000000e+02,-8.290000000000000000e+02
5.360000000000000000e+02,-8.290000000000000000e+02
5.500000000000000000e+02,-8.340000000000000000e+02
5.680000000000000000e+02,-8.430000000000000000e+02
5.850000000000000000e+02,-8.570000000000000000e+02
6.020000000000000000e+02,-8.750000000000000000e+02
6.170000000000000000e+02,-8.960000000000000000e+02
6.270000000000000000e+02,-9.220000000000000000e+02
6.350000000000000000e+02,-9.490000000000000000e+02
6.360000000000000000e+02,-9.760000000000000000e+02
6.310000000000000000e+02,-1.004000000000000000e+03
6.160000000000000000e+02,-1.029000000000000000e+03
5.950000000000000000e+02,-1.052000000000000000e+03
5.660000000000000000e+02,-1.073000000000000000e+03
5.390000000000000000e+02,-1.087000000000000000e+03
5.130000000000000000e+02,-1.100000000000000000e+03
4.820000000000000000e+02,-1.110000000000000000e+03
4.660000000000000000e+02,-1.112000000000000000e+03
4.500000000000000000e+02,-1.115000000000000000e+03
