-2.250727649289985532e-01,8.936731440946728000e-01
-2.250727649289985532e-01,8.936731440946728000e-01
-2.130459759633268613e-01,9.297535109916877927e-01
-2.250727649289985532e-01,8.896642144394488749e-01
-2.972334987230286774e-01,7.814231137484036749e-01
-3.613763732066109791e-01,6.371016461603434822e-01
-4.816442628633278433e-01,3.965658668469098092e-01
-5.938942932095968574e-01,1.239586502916849436e-01
-7.382157607976570501e-01,-2.288271593680178129e-01
-8.544747207991499893e-01,-5.896308283381683779e-01
-9.506890325245235251e-01,-9.464255676530950456e-01
-1.006814047697658143e+00,-1.283175658691902088e+00
-1.010822977352881846e+00,-1.595872171799366024e+00
-9.506890325245235251e-01,-1.848434740078471306e+00
-8.344300725230305860e-01,-2.040863363529218155e+00
-6.740728863140748039e-01,-2.165140182841159167e+00
-4.736264035528800487e-01,-2.233291986979965227e+00
-2.571442021707897041e-01,-2.237300916635189374e+00
-3.665307113347548301e-02,-2.221265198014293674e+00
1.678023412829431626e-01,-2.181175901462054423e+00
3.482041757680184313e-01,-2.117033026978472510e+00
4.804988543904069598e-01,-2.068925871115785409e+00
5.927488847366759739e-01,-1.984738348356083870e+00
6.729274778411539204e-01,-1.904559755251605813e+00
6.929721261172734348e-01,-1.824381162147127977e+00
6.809453371516016595e-01,-1.728166850421754441e+00
