-8.345255232291077796e-01,3.655364331464569516e-01
-6.581326183992564083e-01,4.457150262509348426e-01
-5.378647287425395440e-01,5.018400414240693497e-01
-3.975521908097032209e-01,6.140900717703384748e-01
-3.013378790843297406e-01,7.062954538404879745e-01
-1.930967783932845683e-01,8.265633434972048388e-01
-1.329628335649261639e-01,9.348044441882500388e-01
-8.886460735746330719e-02,1.027009826258399539e+00
-3.674852183955267665e-02,1.123224137983773074e+00
-3.674852183955267665e-02,1.123224137983773074e+00
-7.683781839179162909e-02,1.187367012467355432e+00
