1.476000000000000000e+03,-1.286000000000000000e+03
1.449000000000000000e+03,-1.294000000000000000e+03
1.428000000000000000e+03,-1.315000000000000000e+03
1.405000000000000000e+03,-1.350000000000000000e+03
1.372000000000000000e+03,-1.404000000000000000e+03
1.348000000000000000e+03,-1.464000000000000000e+03
1.310000000000000000e+03,-1.544000000000000000e+03
1.283000000000000000e+03,-1.624000000000000000e+03
1.250000000000000000e+03,-1.714000000000000000e+03
1.224000000000000000e+03,-1.800000000000000000e+03
1.204000000000000000e+03,-1.882000000000000000e+03
1.182000000000000000e+03,-1.965000000000000000e+03
1.171000000000000000e+03,-2.039000000000000000e+03
1.179000000000000000e+03,-2.096000000000000000e+03
1.188000000000000000e+03,-2.143000000000000000e+03
1.214000000000000000e+03,-2.170000000000000000e+03
