9.574898953324928463e-01,9.562013108004563389e-01
9.655077546429405855e-01,1.004308466663143218e+00
9.815434732638361748e-01,1.056424552181053800e+00
9.815434732638361748e-01,1.100522778388516532e+00
9.815434732638361748e-01,1.100522778388516532e+00
9.815434732638361748e-01,1.100522778388516532e+00
9.214095284354777426e-01,1.108540637698964382e+00
9.214095284354777426e-01,1.108540637698964382e+00
8.211862870548803928e-01,1.036379903904934174e+00
7.650612718817458857e-01,9.722370294213519282e-01
6.728558898115962750e-01,8.760227176959785034e-01
5.686237187757750000e-01,7.637726873497093782e-01
4.443468994638342662e-01,6.154422901064252605e-01
3.000254318757740180e-01,4.510761742422456089e-01
1.316503863563704413e-01,2.666654101019464429e-01
-3.672465916303314926e-02,6.621892734075170150e-02
-2.171264936481084318e-01,-1.342275554204430399e-01
-3.895104688227358780e-01,-3.266561788711899728e-01
-5.458587253764678460e-01,-5.070580133562652136e-01
-6.861712633093041136e-01,-6.634062699099971816e-01
-8.064391529660209779e-01,-7.876830892219378599e-01
-9.026534646913944027e-01,-8.919152602577591349e-01
-9.547695502093050957e-01,-9.520492050861175670e-01
-1.002876706071991864e+00,-1.000156360948804446e+00
-1.002876706071991864e+00,-1.000156360948804446e+00
-1.002876706071991864e+00,-1.000156360948804446e+00
-9.868409874510962743e-01,-9.560581347413414921e-01
-9.587784798645290207e-01,-9.079509788786547242e-01
-9.307159722779617672e-01,-8.478170340502962921e-01
-8.906266757257227384e-01,-7.636295112905945315e-01
