1.385000000000000000e+03,-9.780000000000000000e+02
1.385000000000000000e+03,-9.780000000000000000e+02
1.385000000000000000e+03,-9.780000000000000000e+02
1.385000000000000000e+03,-9.780000000000000000e+02
1.381000000000000000e+03,-9.920000000000000000e+02
1.381000000000000000e+03,-9.920000000000000000e+02
1.381000000000000000e+03,-9.920000000000000000e+02
1.381000000000000000e+03,-9.920000000000000000e+02
1.381000000000000000e+03,-9.920000000000000000e+02
1.384000000000000000e+03,-9.620000000000000000e+02
1.373000000000000000e+03,-9.430000000000000000e+02
1.355000000000000000e+03,-9.220000000000000000e+02
1.321000000000000000e+03,-9.120000000000000000e+02
1.272000000000000000e+03,-9.160000000000000000e+02
1.201000000000000000e+03,-9.430000000000000000e+02
1.122000000000000000e+03,-9.900000000000000000e+02
1.024000000000000000e+03,-1.063000000000000000e+03
9.270000000000000000e+02,-1.154000000000000000e+03
8.340000000000000000e+02,-1.263000000000000000e+03
7.540000000000000000e+02,-1.374000000000000000e+03
6.900000000000000000e+02,-1.495000000000000000e+03
6.540000000000000000e+02,-1.602000000000000000e+03
6.450000000000000000e+02,-1.702000000000000000e+03
6.630000000000000000e+02,-1.783000000000000000e+03
7.060000000000000000e+02,-1.849000000000000000e+03
7.670000000000000000e+02,-1.893000000000000000e+03
8.410000000000000000e+02,-1.928000000000000000e+03
9.240000000000000000e+02,-1.950000000000000000e+03
1.015000000000000000e+03,-1.953000000000000000e+03
1.100000000000000000e+03,-1.952000000000000000e+03
1.183000000000000000e+03,-1.934000000000000000e+03
1.269000000000000000e+03,-1.896000000000000000e+03
1.337000000000000000e+03,-1.854000000000000000e+03
1.403000000000000000e+03,-1.795000000000000000e+03
