7.155366730338190706e-01,3.272432007135617216e-01
7.395902509651625101e-01,4.354843014046068661e-01
7.395902509651625101e-01,4.354843014046068661e-01
7.676527585517297636e-01,5.557521910613237859e-01
7.796795475174014278e-01,6.239039952001299572e-01
7.796795475174014278e-01,6.960647289941600535e-01
7.796795475174014278e-01,7.561986738225184856e-01
7.556259695860580994e-01,8.163326186508769178e-01
7.275634619994908459e-01,8.724576338240114248e-01
6.714384468263562278e-01,9.085380007210265285e-01
5.952687833771022063e-01,9.325915786523698570e-01
5.030634013069527066e-01,9.446183676180415212e-01
3.868044413054597119e-01,9.566451565837131854e-01
2.625276219935189781e-01,9.486272972732654463e-01
1.021704357845631822e-01,9.486272972732654463e-01
-5.417782076916871636e-02,8.844844227896830891e-01
-2.305707255990200877e-01,8.043058296852052536e-01
-4.149814897393192537e-01,6.840379400284883893e-01
-5.913743945691706250e-01,5.437254020956520106e-01
-7.477226511229024819e-01,3.753503565762484895e-01
-8.920441187109627856e-01,1.749038738150537342e-01
-1.000285219402007986e+00,-2.153367929091713068e-02
-1.068437023540814046e+00,-2.460337399834552352e-01
-1.104517390437829150e+00,-4.264355744685305316e-01
-1.088481671816933671e+00,-6.348999165401730815e-01
-1.020329867678127389e+00,-8.032749620595766027e-01
-9.281244856079777783e-01,-9.716500075789802349e-01
-7.918208773303653247e-01,-1.140025053098383756e+00
-6.074101131900662143e-01,-1.256284013099876695e+00
-4.029547007736475894e-01,-1.352498324825250231e+00
-1.784546400811094502e-01,-1.456730495861071617e+00
4.203649095620476395e-02,-1.552944807586444931e+00
3.386972854427729995e-01,-1.564971596552116706e+00
5.752241351009828030e-01,-1.617087682070027288e+00
8.598581406218793743e-01,-1.581007315173012184e+00
