8.200000000000000000e+02,-7.310000000000000000e+02
8.200000000000000000e+02,-7.310000000000000000e+02
8.200000000000000000e+02,-7.310000000000000000e+02
8.250000000000000000e+02,-7.170000000000000000e+02
8.250000000000000000e+02,-7.170000000000000000e+02
8.290000000000000000e+02,-7.350000000000000000e+02
8.340000000000000000e+02,-7.570000000000000000e+02
8.400000000000000000e+02,-7.870000000000000000e+02
8.470000000000000000e+02,-8.270000000000000000e+02
8.530000000000000000e+02,-8.790000000000000000e+02
8.620000000000000000e+02,-9.360000000000000000e+02
8.680000000000000000e+02,-1.002000000000000000e+03
8.770000000000000000e+02,-1.066000000000000000e+03
8.820000000000000000e+02,-1.132000000000000000e+03
8.880000000000000000e+02,-1.192000000000000000e+03
8.910000000000000000e+02,-1.246000000000000000e+03
8.940000000000000000e+02,-1.292000000000000000e+03
8.970000000000000000e+02,-1.328000000000000000e+03
8.970000000000000000e+02,-1.359000000000000000e+03
8.970000000000000000e+02,-1.384000000000000000e+03
9.040000000000000000e+02,-1.399000000000000000e+03
8.970000000000000000e+02,-1.423000000000000000e+03
8.970000000000000000e+02,-1.423000000000000000e+03
