-2.166826478648515408e+00,-1.859692355437674749e+00
-2.118719322785828307e+00,-1.803567340264540242e+00
-2.118719322785828307e+00,-1.803567340264540242e+00
-1.990433573818663815e+00,-1.707353028539166706e+00
-1.874174613817170876e+00,-1.611138716813793170e+00
-1.737871005539558533e+00,-1.494879756812300231e+00
-1.565487030364930865e+00,-1.338531500258568485e+00
-1.397111984845527344e+00,-1.174165384394388667e+00
-1.196665502084332644e+00,-9.536742533570744529e-01
-1.004236878633585572e+00,-7.532277705958797531e-01
-7.997814662171670586e-01,-5.126919912824460246e-01
-6.314064206977634264e-01,-3.122455085212513248e-01
-4.550135158679120551e-01,-6.369186989736981552e-02
-3.147009779350757319e-01,1.608081907951683098e-01
-1.904241586231349981e-01,4.133707590742736748e-01
-7.416519862164205890e-02,6.498976087324834783e-01
-2.004464827611947362e-03,8.904333880459172068e-01
5.412055034552257921e-02,1.126960237704127010e+00
7.817412827686595622e-02,1.363487087362336814e+00
9.020091724253763432e-02,1.567942499778755439e+00
7.817412827686595622e-02,1.748344334263830735e+00
4.610269103507479149e-02,1.900683661162338778e+00
1.002232413805973811e-02,2.012933691508607570e+00
-4.610269103507479149e-02,2.117165862544429178e+00
-9.821877655298542897e-02,2.185317666683235238e+00
-1.543437917261199499e-01,2.221398033580250342e+00
-1.543437917261199499e-01,2.221398033580250342e+00
-2.505581034514934302e-01,2.249460541166817595e+00
-2.505581034514934302e-01,2.249460541166817595e+00
-3.347456262111952463e-01,2.197344455648906791e+00
-3.347456262111952463e-01,2.197344455648906791e+00
-4.109152896604492122e-01,2.089103354957861924e+00
-4.550135158679120551e-01,1.996897972887712092e+00
-4.991117420753748979e-01,1.868612223920547599e+00
-5.472188979380616658e-01,1.732308615642935035e+00
-5.953260538007484337e-01,1.567942499778755439e+00
-6.354153503529873515e-01,1.411594243225023471e+00
-6.714957172500023441e-01,1.223174549429500546e+00
-7.075760841470174478e-01,1.018719137013081921e+00
-7.396475213888086264e-01,7.982280059757675961e-01
-7.436564510440325515e-01,5.777368749384533819e-01
-7.516743103544802906e-01,3.532368142459152427e-01
-7.316296620783607763e-01,1.167099645877054531e-01
-7.075760841470174478e-01,-1.077900961048326584e-01
-6.674867875947785301e-01,-3.162544381764751944e-01
-6.073528427664200979e-01,-5.167009209376699497e-01
-5.271742496619421514e-01,-7.091295443884169103e-01
-4.429867269022403908e-01,-8.855224492182682816e-01
-3.467724151768669105e-01,-1.049888565082447878e+00
-2.425402441410456356e-01,-1.182183243704836517e+00
-1.423170027604482579e-01,-1.294433274051105531e+00
-1.804018344850752756e-02,-1.410692234052598470e+00
9.420984689776153165e-02,-1.518933334743643560e+00
2.104688068992544847e-01,-1.611138716813793170e+00
3.227188372455235266e-01,-1.675281591297375527e+00
4.469956565574642604e-01,-1.707353028539166706e+00
5.672635462141811802e-01,-1.723388747160062406e+00
6.795135765604501943e-01,-1.719379817504838481e+00
7.957725365619431335e-01,-1.699335169228718856e+00
9.040136372529883335e-01,-1.611138716813793170e+00
9.962190193231378332e-01,-1.482852967846628678e+00
1.072388682772391855e+00,-1.338531500258568485e+00
1.132522627600750287e+00,-1.174165384394388667e+00
1.180629783463436944e+00,-1.013808198185432996e+00
1.208692291050004419e+00,-8.293974340451337746e-01
1.212701220705228122e+00,-6.690402478361779925e-01
1.212701220705228122e+00,-5.006652023167743604e-01
1.200674431739556569e+00,-3.723794533496097015e-01
1.200674431739556569e+00,-2.681472823137884265e-01
1.196665502084332644e+00,-1.959865485197583579e-01
1.208692291050004419e+00,-1.238258147257282338e-01
1.208692291050004419e+00,-1.238258147257282338e-01
1.304906602775377733e+00,-4.765615127647423316e-02
1.389094125535079494e+00,-2.761150300035475694e-02
1.485308437260453029e+00,-7.566854724235284185e-03
1.641656693814184997e+00,2.049565286233197975e-02
1.810031739333588519e+00,1.648672320710808589e-02
1.966379995887320487e+00,8.468863896660296445e-03
2.150790760027619708e+00,2.049565286233197975e-02
2.295112227615679679e+00,8.468863896660296445e-03
