-6.497329562645012269e-01,2.311004770177460532e+00
-6.497329562645012269e-01,2.311004770177460532e+00
-5.535186445391276910e-01,2.371138715005818742e+00
-4.573043328137542107e-01,2.395192292937162293e+00
-3.931614583301719090e-01,2.383165503971490740e+00
-2.568578500525595110e-01,2.415236941213281696e+00
-1.606435383271860029e-01,2.359111926040147189e+00
1.574936650266536495e-02,2.319022629487908382e+00
1.801154823668450478e-01,2.182719021210295818e+00
3.845708947832636726e-01,2.022361835001340147e+00
5.609637996131150439e-01,1.749754618446115240e+00
6.932584782355035724e-01,1.404986668096860347e+00
7.774460009952054440e-01,9.599954763670079938e-01
8.135263678922204367e-01,4.508614101535732832e-01
7.894727899608771082e-01,-9.435302295687640617e-02
7.092941968563991617e-01,-6.355585264121021982e-01
5.769995182340106332e-01,-1.144692592625536909e+00
3.925887540937114673e-01,-1.589683784355389262e+00
1.961512009877406371e-01,-1.954496382980763558e+00
3.722577536993681643e-03,-2.219085740225540615e+00
-1.405988900510665440e-01,-2.387460785744944136e+00
-2.929382169495745591e-01,-2.491692956780765744e+00
-3.691078803988285251e-01,-2.503719745746437297e+00
-4.573043328137542107e-01,-2.527773323677780404e+00
-4.573043328137542107e-01,-2.527773323677780404e+00
-4.573043328137542107e-01,-2.527773323677780404e+00
-4.573043328137542107e-01,-2.527773323677780404e+00
-3.410453728122612715e-01,-2.503719745746437297e+00
