-5.861731360939419488e-01,3.224531852804182197e-01
-5.861731360939419488e-01,3.224531852804182197e-01
-5.861731360939419488e-01,3.224531852804182197e-01
-5.861731360939419488e-01,3.224531852804182197e-01
-5.380659802312551809e-01,3.104263963147465555e-01
-5.019856133342401883e-01,3.344799742460898839e-01
-5.019856133342401883e-01,3.344799742460898839e-01
-4.177980905745383722e-01,4.026317783848961107e-01
-3.817177236775233240e-01,4.507389342475828786e-01
-3.215837788491648919e-01,5.228996680416129195e-01
-2.774855526417020490e-01,5.950604018356431268e-01
-2.133426781581197473e-01,6.872657839057926266e-01
-1.652355222954330072e-01,7.714533066654944982e-01
-1.091105071222984724e-01,8.636586887356439979e-01
-6.501228091483562954e-02,9.358194225296740942e-01
-1.289619539692499900e-02,9.999622970132564515e-01
2.318417150009005612e-02,1.036042663910271555e+00
2.318417150009005612e-02,1.036042663910271555e+00
8.732704598367237170e-02,1.060096241841614884e+00
8.732704598367237170e-02,1.060096241841614884e+00
1.274163425359113311e-01,1.032033734255047630e+00
1.274163425359113311e-01,1.032033734255047630e+00
1.474609908120307900e-01,9.879355080475847872e-01
1.474609908120307900e-01,9.879355080475847872e-01
1.474609908120307900e-01,9.318104928744502802e-01
1.474609908120307900e-01,8.917211963222112514e-01
1.394431315015829953e-01,8.396051108043006694e-01
1.354342018463591257e-01,7.714533066654944982e-01
1.234074128806874338e-01,6.832568542505688125e-01
1.113806239150157418e-01,5.870425425251952767e-01
9.133597563889626902e-02,4.788014418341501321e-01
8.331811632844847437e-02,3.665514114878810625e-01
7.129132736277679627e-02,2.502924514863881233e-01
5.926453839710511123e-02,1.460602804505668484e-01
5.525560874188121391e-02,3.781917975952168304e-02
4.322881977620952887e-02,-4.235941334495621491e-02
3.921989012098563154e-02,-1.145201471389863251e-01
3.120203081053784383e-02,-1.786630216225686407e-01
1.917524184486615879e-02,-2.347880367957031755e-01
7.148452879194475487e-03,-2.828951926583899157e-01
-8.887265741701103408e-03,-3.310023485210766281e-01
-2.091405470737279018e-02,-3.710916450733156013e-01
-2.091405470737279018e-02,-3.710916450733156013e-01
-5.298549194916395144e-02,-4.392434492121218281e-01
-5.298549194916395144e-02,-4.392434492121218281e-01
-8.104799953573121885e-02,-4.913595347300324656e-01
-8.104799953573121885e-02,-4.913595347300324656e-01
-1.251462257431940617e-01,-5.194220423165997191e-01
-1.251462257431940617e-01,-5.194220423165997191e-01
-1.852801705715524938e-01,-5.514934795583908977e-01
-2.253694671237914393e-01,-5.715381278345103011e-01
-2.734766229864781795e-01,-5.835649168001820764e-01
-3.135659195387170972e-01,-6.036095650763014797e-01
-3.496462864357321454e-01,-6.116274243867493299e-01
-3.496462864357321454e-01,-6.116274243867493299e-01
-4.097802312640905775e-01,-6.276631430076449192e-01
-4.097802312640905775e-01,-6.276631430076449192e-01
-4.097802312640905775e-01,-6.276631430076449192e-01
-4.097802312640905775e-01,-6.276631430076449192e-01
-4.097802312640905775e-01,-6.276631430076449192e-01
-3.576641457461799400e-01,-6.156363540419731439e-01
-3.215837788491648919e-01,-6.116274243867493299e-01
-2.734766229864781795e-01,-5.996006354210775546e-01
-2.093337485028958500e-01,-5.875738464554058904e-01
-1.411819443640896232e-01,-5.715381278345103011e-01
-5.699442160438784183e-02,-5.474845499031669727e-01
3.921989012098563154e-02,-5.234309719718236442e-01
1.514699204672546873e-01,-4.953684643852563352e-01
2.516931618478520649e-01,-4.713148864539129512e-01
3.639431921941211345e-01,-4.552791678330174174e-01
4.561485742642706898e-01,-4.432523788673456977e-01
5.443450266791963754e-01,-4.432523788673456977e-01
6.124968308180026577e-01,-4.432523788673456977e-01
6.606039866806893146e-01,-4.552791678330174174e-01
6.606039866806893146e-01,-4.552791678330174174e-01
7.087111425433760825e-01,-4.713148864539129512e-01
7.087111425433760825e-01,-4.713148864539129512e-01
7.087111425433760825e-01,-4.713148864539129512e-01
7.087111425433760825e-01,-4.713148864539129512e-01
7.287557908194955969e-01,-4.191988009360023137e-01
7.287557908194955969e-01,-4.191988009360023137e-01
7.087111425433760825e-01,-3.871273636942111906e-01
7.087111425433760825e-01,-3.871273636942111906e-01
