1.130643441824864120e-01,7.021890849228102915e-01
1.130643441824864120e-01,7.021890849228102915e-01
1.210822034929342067e-01,8.024123263034077524e-01
1.210822034929342067e-01,8.024123263034077524e-01
1.130643441824864120e-01,8.705641304422139237e-01
1.250911331481580901e-01,9.266891456153484308e-01
1.250911331481580901e-01,9.266891456153484308e-01
1.250911331481580901e-01,9.266891456153484308e-01
1.250911331481580901e-01,9.266891456153484308e-01
1.250911331481580901e-01,9.266891456153484308e-01
1.250911331481580901e-01,9.266891456153484308e-01
1.250911331481580901e-01,9.266891456153484308e-01
8.099290694069524732e-02,7.863766076825121631e-01
8.099290694069524732e-02,6.701176476810192240e-01
7.698397728547136387e-02,4.977336725063917222e-01
8.901076625114304197e-02,2.852604007795252472e-01
9.702862556159083662e-02,2.067104353474820758e-02
1.090554145272625147e-01,-3.000433288831633738e-01
1.130643441824864120e-01,-6.448112792324183218e-01
1.250911331481580901e-01,-9.775524406160016611e-01
1.451357814242775768e-01,-1.318311461310032628e+00
1.611715000451731383e-01,-1.631007974417496564e+00
1.611715000451731383e-01,-1.915641979938393025e+00
1.491447110795014741e-01,-2.148159899941378903e+00
1.371179221138297821e-01,-2.344597453047349678e+00
1.250911331481580901e-01,-2.468874272359290689e+00
1.210822034929342067e-01,-2.549052865463768303e+00
1.210822034929342067e-01,-2.549052865463768303e+00
1.210822034929342067e-01,-2.549052865463768303e+00
6.495718831979967189e-02,-2.565088584084664003e+00
6.495718831979967189e-02,-2.565088584084664003e+00
4.491254004368019914e-02,-2.420767116496603588e+00
4.090361038845630182e-02,-2.300499226839887168e+00
4.090361038845630182e-02,-2.144150970286155200e+00
