4.310000000000000000e+02,-6.270000000000000000e+02
4.300000000000000000e+02,-6.480000000000000000e+02
4.230000000000000000e+02,-6.790000000000000000e+02
4.180000000000000000e+02,-7.090000000000000000e+02
4.150000000000000000e+02,-7.420000000000000000e+02
4.080000000000000000e+02,-7.740000000000000000e+02
4.090000000000000000e+02,-8.040000000000000000e+02
4.050000000000000000e+02,-8.280000000000000000e+02
4.100000000000000000e+02,-8.370000000000000000e+02
4.100000000000000000e+02,-8.370000000000000000e+02
