9.609489679947318397e-01,1.605960160607563969e+00
9.609489679947318397e-01,1.605960160607563969e+00
9.609489679947318397e-01,1.605960160607563969e+00
9.609489679947318397e-01,1.605960160607563969e+00
9.609489679947318397e-01,1.605960160607563969e+00
9.609489679947318397e-01,1.605960160607563969e+00
9.609489679947318397e-01,1.605960160607563969e+00
8.647346562693583039e-01,1.321326155086667287e+00
8.647346562693583039e-01,1.321326155086667287e+00
5.640649321275662542e-01,8.803438930120388584e-01
3.716363086768192936e-01,6.037277468015901372e-01
1.671808962604006410e-01,3.070669523150219571e-01
-2.123879753512243271e-02,6.397228173229813769e-03
-2.136674209858693829e-01,-3.022903552790101034e-01
-4.101049740918402131e-01,-5.869243607999066192e-01
-5.824889492664677704e-01,-8.755672959760271157e-01
-7.468550651306473664e-01,-1.120112004944684658e+00
-7.468550651306473664e-01,-1.120112004944684658e+00
-9.954087037545289451e-01,-1.541049618743193683e+00
-9.954087037545289451e-01,-1.541049618743193683e+00
-1.127703382376917363e+00,-1.845728272540209547e+00
-1.127703382376917363e+00,-1.845728272540209547e+00
-1.127703382376917363e+00,-1.845728272540209547e+00
-1.127703382376917363e+00,-1.845728272540209547e+00
-1.127703382376917363e+00,-1.845728272540209547e+00
-1.127703382376917363e+00,-1.845728272540209547e+00
-1.127703382376917363e+00,-1.845728272540209547e+00
