-2.591718847377177393e-01,5.393635628028260465e-01
-3.273236888765239661e-01,5.433724924580498605e-01
-3.794397743944346035e-01,5.634171407341693749e-01
-4.596183674989124945e-01,5.433724924580498605e-01
-5.478148199138381802e-01,5.072921255610348679e-01
-6.320023426735399408e-01,4.551760400431242304e-01
-7.442523730198090659e-01,3.469349393520790859e-01
-8.164131068138391623e-01,2.346849090058099885e-01
-9.046095592287648479e-01,7.833665245207810379e-02
-9.366809964705560265e-01,-5.796695582553432896e-02
-9.607345744018993550e-01,-2.423777199658334880e-01
-9.126274185392125871e-01,-3.987259765195653727e-01
-8.284398957795108265e-01,-5.630920923837451353e-01
-6.761005688810027836e-01,-6.753421227300141494e-01
-4.836719454302558230e-01,-7.675475048001637601e-01
-2.351183068063743553e-01,-8.076368013524026779e-01
3.748890974885048938e-02,-8.156546606628504170e-01
3.141050559592992175e-01,-7.795742937658354244e-01
5.827033428593001441e-01,-7.074135599718053280e-01
8.272480518279577977e-01,-5.871456703150884637e-01
1.027694534589152608e+00,-4.468331323822521406e-01
1.180033861487660429e+00,-2.784580868628485639e-01
1.268230313902586337e+00,-1.020651820329971649e-01
1.288274962178705740e+00,6.230093383118252143e-02
1.244176735971242787e+00,2.186491903849144269e-01
1.131926705624973772e+00,3.589617283177507501e-01
9.755784490712419155e-01,4.792296179744676143e-01
7.751319663100471047e-01,5.553992814237216358e-01
5.586497649279568156e-01,5.994975076311844786e-01
3.261318449249709372e-01,5.874707186655127034e-01
1.016317842324328119e-01,5.193189145267065321e-01
-9.079683921831414872e-02,4.110778138356613876e-01
-2.271004474959265884e-01,2.827920648684967286e-01
-3.072790406004044517e-01,1.023902303834214739e-01
-3.433594074974195554e-01,-8.202053375687769210e-02
-3.152968999108522463e-01,-2.544045089315051800e-01
-2.511540254272699446e-01,-4.227795544509087566e-01
