6.560000000000000000e+02,-1.088000000000000000e+03
6.600000000000000000e+02,-1.073000000000000000e+03
6.600000000000000000e+02,-1.073000000000000000e+03
6.600000000000000000e+02,-1.073000000000000000e+03
6.680000000000000000e+02,-1.088000000000000000e+03
6.680000000000000000e+02,-1.088000000000000000e+03
6.710000000000000000e+02,-1.120000000000000000e+03
6.710000000000000000e+02,-1.144000000000000000e+03
6.650000000000000000e+02,-1.179000000000000000e+03
6.570000000000000000e+02,-1.216000000000000000e+03
6.450000000000000000e+02,-1.264000000000000000e+03
6.300000000000000000e+02,-1.317000000000000000e+03
6.140000000000000000e+02,-1.373000000000000000e+03
5.970000000000000000e+02,-1.430000000000000000e+03
5.800000000000000000e+02,-1.483000000000000000e+03
5.670000000000000000e+02,-1.534000000000000000e+03
5.560000000000000000e+02,-1.579000000000000000e+03
5.500000000000000000e+02,-1.622000000000000000e+03
5.520000000000000000e+02,-1.652000000000000000e+03
5.560000000000000000e+02,-1.680000000000000000e+03
5.700000000000000000e+02,-1.700000000000000000e+03
5.850000000000000000e+02,-1.715000000000000000e+03
6.110000000000000000e+02,-1.726000000000000000e+03
6.360000000000000000e+02,-1.730000000000000000e+03
6.710000000000000000e+02,-1.729000000000000000e+03
7.070000000000000000e+02,-1.724000000000000000e+03
7.450000000000000000e+02,-1.718000000000000000e+03
7.850000000000000000e+02,-1.708000000000000000e+03
8.230000000000000000e+02,-1.696000000000000000e+03
8.590000000000000000e+02,-1.683000000000000000e+03
8.920000000000000000e+02,-1.671000000000000000e+03
9.180000000000000000e+02,-1.661000000000000000e+03
9.410000000000000000e+02,-1.652000000000000000e+03
9.570000000000000000e+02,-1.643000000000000000e+03
9.570000000000000000e+02,-1.643000000000000000e+03
9.770000000000000000e+02,-1.626000000000000000e+03
9.770000000000000000e+02,-1.626000000000000000e+03
9.770000000000000000e+02,-1.626000000000000000e+03
9.780000000000000000e+02,-1.601000000000000000e+03
9.780000000000000000e+02,-1.601000000000000000e+03
