-1.758462326041386123e-02,6.957315192565830531e-01
-8.974535705444397493e-02,6.596511523595679494e-01
-8.974535705444397493e-02,6.596511523595679494e-01
-1.699239501589218659e-01,5.714546999446422637e-01
-1.699239501589218659e-01,5.714546999446422637e-01
-2.300578949872802981e-01,4.351510916670298657e-01
-2.420846839529519900e-01,3.830350061491192282e-01
-2.541114729186236820e-01,2.988474833894174676e-01
-2.340668246425041954e-01,2.266867495953873435e-01
-2.060043170559369141e-01,1.424992268356855551e-01
-1.458703722275785097e-01,9.038314131777491767e-02
-6.970070877832448830e-02,5.029384476553597216e-02
1.448681398137729830e-02,5.029384476553597216e-02
1.026832663963029857e-01,7.434742269687934224e-02
2.069154374321242607e-01,9.840100062822271232e-02
3.031297491574977410e-01,1.465081564909094525e-01
3.873172719171995015e-01,2.266867495953873435e-01
4.554690760560057283e-01,3.229010613207608515e-01
4.835315836425729819e-01,4.110975137356865372e-01
4.915494429530207765e-01,5.033028958058360924e-01
4.674958650216774481e-01,5.834814889103140390e-01
4.193887091589906801e-01,6.596511523595679494e-01
3.392101160545127891e-01,7.077583082222547173e-01
2.550225932948109731e-01,7.398297454640458959e-01
1.507904222589897258e-01,7.518565344297175601e-01
9.065647743063130759e-02,7.318118861535981567e-01
-9.566763949966071781e-03,6.556422227043441353e-01
-9.566763949966071781e-03,6.556422227043441353e-01
-8.172749774399618028e-02,5.273564737371794209e-01
