-2.010907750272130645e-01,-2.041690602981884317e-01
-1.569925488197502217e-01,-2.242137085743078906e-01
-1.249211115779590570e-01,-2.763297940922185281e-01
-4.474251847348116595e-02,-2.723208644369946585e-01
5.548072290711620475e-02,-2.963744423683379869e-01
1.837664718742808567e-01,-3.084012313340097067e-01
3.561504470489083030e-01,-2.963744423683379869e-01
5.205165629130880101e-01,-3.164190906444575013e-01
7.490255532608500744e-01,-2.923655127131141174e-01
9.574898953324925133e-01,-2.923655127131141174e-01
