6.510000000000000000e+02,-5.170000000000000000e+02
6.690000000000000000e+02,-5.030000000000000000e+02
6.870000000000000000e+02,-4.870000000000000000e+02
7.110000000000000000e+02,-4.630000000000000000e+02
7.370000000000000000e+02,-4.370000000000000000e+02
7.660000000000000000e+02,-4.110000000000000000e+02
7.960000000000000000e+02,-3.820000000000000000e+02
8.180000000000000000e+02,-3.580000000000000000e+02
8.420000000000000000e+02,-3.300000000000000000e+02
8.560000000000000000e+02,-3.070000000000000000e+02
