3.810000000000000000e+02,-1.992000000000000000e+03
3.810000000000000000e+02,-1.992000000000000000e+03
3.860000000000000000e+02,-1.976000000000000000e+03
3.860000000000000000e+02,-1.976000000000000000e+03
3.950000000000000000e+02,-1.953000000000000000e+03
4.010000000000000000e+02,-1.937000000000000000e+03
4.060000000000000000e+02,-1.919000000000000000e+03
4.120000000000000000e+02,-1.899000000000000000e+03
4.210000000000000000e+02,-1.878000000000000000e+03
4.280000000000000000e+02,-1.857000000000000000e+03
4.360000000000000000e+02,-1.839000000000000000e+03
4.450000000000000000e+02,-1.819000000000000000e+03
4.520000000000000000e+02,-1.800000000000000000e+03
4.600000000000000000e+02,-1.781000000000000000e+03
4.660000000000000000e+02,-1.762000000000000000e+03
4.720000000000000000e+02,-1.742000000000000000e+03
4.790000000000000000e+02,-1.723000000000000000e+03
4.850000000000000000e+02,-1.703000000000000000e+03
4.910000000000000000e+02,-1.682000000000000000e+03
4.960000000000000000e+02,-1.664000000000000000e+03
5.040000000000000000e+02,-1.641000000000000000e+03
5.080000000000000000e+02,-1.622000000000000000e+03
5.160000000000000000e+02,-1.602000000000000000e+03
5.220000000000000000e+02,-1.585000000000000000e+03
5.260000000000000000e+02,-1.566000000000000000e+03
5.320000000000000000e+02,-1.551000000000000000e+03
5.380000000000000000e+02,-1.534000000000000000e+03
5.460000000000000000e+02,-1.518000000000000000e+03
5.520000000000000000e+02,-1.504000000000000000e+03
5.580000000000000000e+02,-1.489000000000000000e+03
5.680000000000000000e+02,-1.474000000000000000e+03
5.760000000000000000e+02,-1.457000000000000000e+03
5.860000000000000000e+02,-1.444000000000000000e+03
5.860000000000000000e+02,-1.444000000000000000e+03
6.050000000000000000e+02,-1.418000000000000000e+03
6.050000000000000000e+02,-1.418000000000000000e+03
6.230000000000000000e+02,-1.394000000000000000e+03
6.230000000000000000e+02,-1.394000000000000000e+03
6.380000000000000000e+02,-1.378000000000000000e+03
6.380000000000000000e+02,-1.378000000000000000e+03
6.510000000000000000e+02,-1.365000000000000000e+03
6.510000000000000000e+02,-1.365000000000000000e+03
6.510000000000000000e+02,-1.365000000000000000e+03
6.690000000000000000e+02,-1.350000000000000000e+03
6.690000000000000000e+02,-1.350000000000000000e+03
6.840000000000000000e+02,-1.340000000000000000e+03
6.840000000000000000e+02,-1.340000000000000000e+03
7.010000000000000000e+02,-1.331000000000000000e+03
7.010000000000000000e+02,-1.331000000000000000e+03
7.190000000000000000e+02,-1.329000000000000000e+03
7.190000000000000000e+02,-1.329000000000000000e+03
7.370000000000000000e+02,-1.335000000000000000e+03
7.370000000000000000e+02,-1.335000000000000000e+03
7.510000000000000000e+02,-1.349000000000000000e+03
7.510000000000000000e+02,-1.349000000000000000e+03
7.640000000000000000e+02,-1.365000000000000000e+03
7.640000000000000000e+02,-1.365000000000000000e+03
7.640000000000000000e+02,-1.365000000000000000e+03
7.820000000000000000e+02,-1.384000000000000000e+03
7.820000000000000000e+02,-1.384000000000000000e+03
7.960000000000000000e+02,-1.394000000000000000e+03
7.960000000000000000e+02,-1.394000000000000000e+03
8.050000000000000000e+02,-1.411000000000000000e+03
8.050000000000000000e+02,-1.411000000000000000e+03
8.130000000000000000e+02,-1.433000000000000000e+03
8.130000000000000000e+02,-1.433000000000000000e+03
8.170000000000000000e+02,-1.459000000000000000e+03
8.170000000000000000e+02,-1.475000000000000000e+03
8.170000000000000000e+02,-1.492000000000000000e+03
8.170000000000000000e+02,-1.510000000000000000e+03
8.170000000000000000e+02,-1.525000000000000000e+03
8.140000000000000000e+02,-1.543000000000000000e+03
8.130000000000000000e+02,-1.563000000000000000e+03
8.110000000000000000e+02,-1.584000000000000000e+03
8.100000000000000000e+02,-1.607000000000000000e+03
8.080000000000000000e+02,-1.628000000000000000e+03
8.070000000000000000e+02,-1.650000000000000000e+03
8.050000000000000000e+02,-1.670000000000000000e+03
8.020000000000000000e+02,-1.688000000000000000e+03
8.020000000000000000e+02,-1.705000000000000000e+03
8.020000000000000000e+02,-1.720000000000000000e+03
8.020000000000000000e+02,-1.720000000000000000e+03
8.020000000000000000e+02,-1.741000000000000000e+03
8.020000000000000000e+02,-1.741000000000000000e+03
8.020000000000000000e+02,-1.741000000000000000e+03
8.070000000000000000e+02,-1.760000000000000000e+03
8.070000000000000000e+02,-1.760000000000000000e+03
8.100000000000000000e+02,-1.778000000000000000e+03
8.100000000000000000e+02,-1.778000000000000000e+03
8.100000000000000000e+02,-1.796000000000000000e+03
8.100000000000000000e+02,-1.796000000000000000e+03
8.110000000000000000e+02,-1.813000000000000000e+03
8.110000000000000000e+02,-1.813000000000000000e+03
8.100000000000000000e+02,-1.827000000000000000e+03
8.100000000000000000e+02,-1.827000000000000000e+03
8.100000000000000000e+02,-1.827000000000000000e+03
8.100000000000000000e+02,-1.827000000000000000e+03
8.100000000000000000e+02,-1.827000000000000000e+03
8.100000000000000000e+02,-1.827000000000000000e+03
8.100000000000000000e+02,-1.827000000000000000e+03
8.050000000000000000e+02,-1.810000000000000000e+03
8.050000000000000000e+02,-1.810000000000000000e+03
8.070000000000000000e+02,-1.795000000000000000e+03
8.070000000000000000e+02,-1.795000000000000000e+03
8.130000000000000000e+02,-1.771000000000000000e+03
8.190000000000000000e+02,-1.751000000000000000e+03
8.260000000000000000e+02,-1.729000000000000000e+03
8.340000000000000000e+02,-1.705000000000000000e+03
8.440000000000000000e+02,-1.676000000000000000e+03
8.550000000000000000e+02,-1.646000000000000000e+03
8.670000000000000000e+02,-1.616000000000000000e+03
8.760000000000000000e+02,-1.589000000000000000e+03
8.860000000000000000e+02,-1.564000000000000000e+03
8.950000000000000000e+02,-1.543000000000000000e+03
9.060000000000000000e+02,-1.525000000000000000e+03
9.140000000000000000e+02,-1.507000000000000000e+03
9.240000000000000000e+02,-1.492000000000000000e+03
9.330000000000000000e+02,-1.474000000000000000e+03
9.440000000000000000e+02,-1.460000000000000000e+03
9.540000000000000000e+02,-1.442000000000000000e+03
9.650000000000000000e+02,-1.427000000000000000e+03
9.740000000000000000e+02,-1.411000000000000000e+03
9.740000000000000000e+02,-1.411000000000000000e+03
9.930000000000000000e+02,-1.390000000000000000e+03
9.930000000000000000e+02,-1.390000000000000000e+03
1.009000000000000000e+03,-1.379000000000000000e+03
1.009000000000000000e+03,-1.379000000000000000e+03
1.022000000000000000e+03,-1.378000000000000000e+03
1.022000000000000000e+03,-1.378000000000000000e+03
1.036000000000000000e+03,-1.378000000000000000e+03
1.036000000000000000e+03,-1.378000000000000000e+03
1.051000000000000000e+03,-1.379000000000000000e+03
1.051000000000000000e+03,-1.379000000000000000e+03
1.070000000000000000e+03,-1.379000000000000000e+03
1.070000000000000000e+03,-1.379000000000000000e+03
1.090000000000000000e+03,-1.379000000000000000e+03
1.090000000000000000e+03,-1.379000000000000000e+03
1.108000000000000000e+03,-1.387000000000000000e+03
1.108000000000000000e+03,-1.387000000000000000e+03
1.122000000000000000e+03,-1.399000000000000000e+03
1.122000000000000000e+03,-1.399000000000000000e+03
1.134000000000000000e+03,-1.417000000000000000e+03
1.134000000000000000e+03,-1.417000000000000000e+03
1.146000000000000000e+03,-1.439000000000000000e+03
1.146000000000000000e+03,-1.439000000000000000e+03
1.155000000000000000e+03,-1.465000000000000000e+03
1.158000000000000000e+03,-1.478000000000000000e+03
1.162000000000000000e+03,-1.495000000000000000e+03
1.165000000000000000e+03,-1.510000000000000000e+03
1.165000000000000000e+03,-1.528000000000000000e+03
1.165000000000000000e+03,-1.548000000000000000e+03
1.165000000000000000e+03,-1.567000000000000000e+03
1.164000000000000000e+03,-1.587000000000000000e+03
1.162000000000000000e+03,-1.604000000000000000e+03
1.164000000000000000e+03,-1.622000000000000000e+03
1.164000000000000000e+03,-1.638000000000000000e+03
1.164000000000000000e+03,-1.653000000000000000e+03
1.167000000000000000e+03,-1.667000000000000000e+03
1.167000000000000000e+03,-1.667000000000000000e+03
1.174000000000000000e+03,-1.689000000000000000e+03
1.174000000000000000e+03,-1.689000000000000000e+03
1.183000000000000000e+03,-1.709000000000000000e+03
1.183000000000000000e+03,-1.709000000000000000e+03
1.194000000000000000e+03,-1.727000000000000000e+03
1.194000000000000000e+03,-1.727000000000000000e+03
1.206000000000000000e+03,-1.742000000000000000e+03
1.206000000000000000e+03,-1.742000000000000000e+03
1.218000000000000000e+03,-1.757000000000000000e+03
1.218000000000000000e+03,-1.757000000000000000e+03
1.230000000000000000e+03,-1.774000000000000000e+03
1.230000000000000000e+03,-1.774000000000000000e+03
1.230000000000000000e+03,-1.774000000000000000e+03
1.248000000000000000e+03,-1.789000000000000000e+03
1.248000000000000000e+03,-1.789000000000000000e+03
1.248000000000000000e+03,-1.789000000000000000e+03
1.266000000000000000e+03,-1.784000000000000000e+03
1.266000000000000000e+03,-1.784000000000000000e+03
1.283000000000000000e+03,-1.774000000000000000e+03
1.283000000000000000e+03,-1.774000000000000000e+03
1.302000000000000000e+03,-1.760000000000000000e+03
1.302000000000000000e+03,-1.760000000000000000e+03
1.324000000000000000e+03,-1.750000000000000000e+03
1.324000000000000000e+03,-1.750000000000000000e+03
1.354000000000000000e+03,-1.736000000000000000e+03
1.354000000000000000e+03,-1.736000000000000000e+03
