-1.759215847217372453e+00,1.000282123703432502e+00
-1.759215847217372453e+00,1.000282123703432502e+00
-1.803314073424835184e+00,1.052398209221343084e+00
-1.803314073424835184e+00,1.052398209221343084e+00
-1.747189058251700677e+00,1.084469646463134263e+00
-1.671019394802446767e+00,1.088478576118358188e+00
-1.550751505145729903e+00,1.096496435428806038e+00
-1.410438967212893413e+00,1.100505365084029963e+00
-1.222019273417370488e+00,1.112532154049701516e+00
-1.017563861000951864e+00,1.124558943015373291e+00
-7.690102223770702849e-01,1.144603591291492695e+00
-5.084297947875171531e-01,1.160639309912388395e+00
-2.558672265084117603e-01,1.180683958188507798e+00
-1.533144719497809075e-02,1.204737536119851127e+00
2.051596838423361269e-01,1.220773254740746827e+00
4.015972369483069571e-01,1.240817903016866230e+00
5.739812121229345143e-01,1.256853621637761709e+00
7.102848204005468569e-01,1.268880410603433484e+00
8.265437804020397961e-01,1.276898269913881334e+00
8.987045141960700034e-01,1.280907199569105037e+00
9.548295293692045105e-01,1.288925058879552887e+00
9.548295293692045105e-01,1.288925058879552887e+00
1.014963474197562832e+00,1.292933988534776812e+00
1.014963474197562832e+00,1.292933988534776812e+00
1.014963474197562832e+00,1.292933988534776812e+00
1.014963474197562832e+00,1.292933988534776812e+00
1.014963474197562832e+00,1.292933988534776812e+00
1.014963474197562832e+00,1.292933988534776812e+00
1.014963474197562832e+00,1.292933988534776812e+00
9.909098962662195031e-01,1.240817903016866230e+00
9.909098962662195031e-01,1.240817903016866230e+00
8.906866548856221533e-01,1.132576802325820919e+00
8.145169914363681318e-01,1.048389279566119159e+00
7.062758907453230428e-01,9.281213899094024056e-01
5.739812121229345143e-01,7.757820630108943627e-01
4.136240259139786768e-01,5.953802285258190663e-01
2.412400507393511750e-01,3.869158864541765719e-01
5.282035694382812563e-02,1.584068961064145631e-01
-1.396082665069188211e-01,-9.014674251746691847e-02
-3.240190306472179871e-01,-3.467182404517961669e-01
-4.843762168561737691e-01,-6.072986680413493543e-01
-6.286976844442340173e-01,-8.638701659756786722e-01
-7.409477147905030314e-01,-1.096388085978664551e+00
-8.291441672054287171e-01,-1.316879217015978654e+00
-8.772513230681154850e-01,-1.513316770121949650e+00
-9.013049009994588134e-01,-1.697727534262248872e+00
-8.852691823785633352e-01,-1.834031142539861214e+00
-8.531977451367721565e-01,-1.954299032196578079e+00
-7.770280816875181351e-01,-2.026459765990608286e+00
-6.848226996173685244e-01,-2.090602640474190643e+00
-5.525280209949799959e-01,-2.094611570129414346e+00
-4.001886940964720085e-01,-2.094611570129414346e+00
-2.197868596113967399e-01,-2.050513343921951392e+00
-3.938502512632145736e-02,-2.002406188059264736e+00
1.690793169453210787e-01,-1.950290102541354154e+00
3.655168700512919089e-01,-1.882138298402547871e+00
5.539365638468149999e-01,-1.834031142539861214e+00
7.423562576423380355e-01,-1.785923986677174558e+00
8.906866548856221533e-01,-1.773897197711502782e+00
1.030999192818458532e+00,-1.761870408745831007e+00
1.183338519716966575e+00,-1.745834690124935529e+00
1.271534972131892260e+00,-1.785923986677174558e+00
1.375767143167713424e+00,-1.785923986677174558e+00
