-2.721981421006102742e-01,1.529856645367992485e+00
-2.361177752035951982e-01,1.646115605369485424e+00
-2.280999158931474313e-01,1.706249550197843856e+00
-2.040463379618040474e-01,1.786428143302321692e+00
-2.040463379618040474e-01,1.786428143302321692e+00
-2.040463379618040474e-01,1.786428143302321692e+00
-1.318856041677739510e-01,1.726294198473963259e+00
-1.078320262364305671e-01,1.581972730885903067e+00
-4.769808140807214880e-02,1.397561966745603845e+00
4.090744546145901614e-04,1.165044046742617967e+00
6.054301928297301655e-02,8.964457598426169849e-01
1.086501751456597498e-01,5.276242315620186529e-01
1.447305420426747979e-01,1.106955474187336086e-01
1.567573310083464899e-01,-3.583492222424620732e-01
1.527484013531225926e-01,-8.233850622484338855e-01
1.086501751456597498e-01,-1.308465550530525157e+00
4.851623031730133151e-02,-1.785528179502168689e+00
-3.567129244240046376e-02,-2.206465793300677714e+00
-1.318856041677739510e-01,-2.587314110546947710e+00
-2.361177752035951982e-01,-2.891992764343963795e+00
-3.363410165841925759e-01,-3.096448176760382420e+00
-4.405731876200138508e-01,-3.204689277451427287e+00
-5.367874993453872756e-01,-3.224733925727547135e+00
-6.169660924498652221e-01,-3.164599980899188481e+00
-6.690821779677759151e-01,-3.000233865035008662e+00
-6.931357558991192436e-01,-2.771724874687246931e+00
-6.690821779677759151e-01,-2.491099798821574396e+00
-6.049393034841935579e-01,-2.146331848472319059e+00
-4.846714138274766936e-01,-1.777510320191720838e+00
-3.243142276185209116e-01,-1.408688791911122618e+00
-1.318856041677739510e-01,-1.067929771217091428e+00
7.256980824864470159e-02,-7.472153987991798640e-01
2.890520096307350184e-01,-4.786171118991789375e-01
4.854895627367058486e-01,-2.701527698275363876e-01
6.418378192904378166e-01,-9.776879465290892746e-02
7.661146386023784949e-01,2.454446727688452349e-03
8.262485834307369270e-01,7.060625086649466309e-02
8.262485834307369270e-01,7.060625086649466309e-02
8.342664427411847772e-01,1.227223363844053006e-01
8.342664427411847772e-01,1.227223363844053006e-01
7.260253420501395771e-01,1.187134067291814032e-01
