1.224000000000000000e+03,-1.261000000000000000e+03
1.224000000000000000e+03,-1.261000000000000000e+03
1.224000000000000000e+03,-1.261000000000000000e+03
1.224000000000000000e+03,-1.261000000000000000e+03
1.232000000000000000e+03,-1.242000000000000000e+03
1.232000000000000000e+03,-1.242000000000000000e+03
1.226000000000000000e+03,-1.225000000000000000e+03
1.226000000000000000e+03,-1.212000000000000000e+03
1.217000000000000000e+03,-1.198000000000000000e+03
1.212000000000000000e+03,-1.177000000000000000e+03
1.203000000000000000e+03,-1.159000000000000000e+03
1.194000000000000000e+03,-1.136000000000000000e+03
1.180000000000000000e+03,-1.121000000000000000e+03
1.167000000000000000e+03,-1.103000000000000000e+03
1.147000000000000000e+03,-1.085000000000000000e+03
1.128000000000000000e+03,-1.070000000000000000e+03
1.102000000000000000e+03,-1.067000000000000000e+03
1.073000000000000000e+03,-1.075000000000000000e+03
1.036000000000000000e+03,-1.093000000000000000e+03
9.960000000000000000e+02,-1.121000000000000000e+03
9.530000000000000000e+02,-1.163000000000000000e+03
9.090000000000000000e+02,-1.219000000000000000e+03
8.650000000000000000e+02,-1.293000000000000000e+03
8.260000000000000000e+02,-1.381000000000000000e+03
7.940000000000000000e+02,-1.471000000000000000e+03
7.760000000000000000e+02,-1.566000000000000000e+03
7.730000000000000000e+02,-1.658000000000000000e+03
7.870000000000000000e+02,-1.744000000000000000e+03
8.170000000000000000e+02,-1.813000000000000000e+03
8.640000000000000000e+02,-1.872000000000000000e+03
9.210000000000000000e+02,-1.916000000000000000e+03
9.900000000000000000e+02,-1.935000000000000000e+03
1.063000000000000000e+03,-1.935000000000000000e+03
1.140000000000000000e+03,-1.916000000000000000e+03
1.214000000000000000e+03,-1.881000000000000000e+03
1.283000000000000000e+03,-1.837000000000000000e+03
1.340000000000000000e+03,-1.786000000000000000e+03
1.388000000000000000e+03,-1.732000000000000000e+03
1.428000000000000000e+03,-1.680000000000000000e+03
1.449000000000000000e+03,-1.635000000000000000e+03
1.464000000000000000e+03,-1.598000000000000000e+03
1.467000000000000000e+03,-1.564000000000000000e+03
1.459000000000000000e+03,-1.542000000000000000e+03
1.450000000000000000e+03,-1.527000000000000000e+03
