6.300000000000000000e+02,-1.246000000000000000e+03
6.300000000000000000e+02,-1.246000000000000000e+03
6.300000000000000000e+02,-1.246000000000000000e+03
6.300000000000000000e+02,-1.246000000000000000e+03
6.300000000000000000e+02,-1.246000000000000000e+03
6.530000000000000000e+02,-1.237000000000000000e+03
6.530000000000000000e+02,-1.237000000000000000e+03
6.680000000000000000e+02,-1.248000000000000000e+03
6.710000000000000000e+02,-1.266000000000000000e+03
6.840000000000000000e+02,-1.281000000000000000e+03
6.920000000000000000e+02,-1.314000000000000000e+03
7.090000000000000000e+02,-1.352000000000000000e+03
7.180000000000000000e+02,-1.403000000000000000e+03
7.310000000000000000e+02,-1.460000000000000000e+03
7.430000000000000000e+02,-1.522000000000000000e+03
7.550000000000000000e+02,-1.585000000000000000e+03
7.640000000000000000e+02,-1.644000000000000000e+03
7.720000000000000000e+02,-1.699000000000000000e+03
7.780000000000000000e+02,-1.742000000000000000e+03
7.780000000000000000e+02,-1.772000000000000000e+03
7.780000000000000000e+02,-1.789000000000000000e+03
7.780000000000000000e+02,-1.789000000000000000e+03
7.780000000000000000e+02,-1.789000000000000000e+03
7.700000000000000000e+02,-1.762000000000000000e+03
7.730000000000000000e+02,-1.730000000000000000e+03
7.750000000000000000e+02,-1.694000000000000000e+03
7.820000000000000000e+02,-1.647000000000000000e+03
7.940000000000000000e+02,-1.598000000000000000e+03
8.130000000000000000e+02,-1.545000000000000000e+03
8.350000000000000000e+02,-1.492000000000000000e+03
8.640000000000000000e+02,-1.442000000000000000e+03
8.940000000000000000e+02,-1.394000000000000000e+03
9.260000000000000000e+02,-1.353000000000000000e+03
9.620000000000000000e+02,-1.319000000000000000e+03
9.960000000000000000e+02,-1.298000000000000000e+03
1.034000000000000000e+03,-1.284000000000000000e+03
1.067000000000000000e+03,-1.287000000000000000e+03
1.100000000000000000e+03,-1.299000000000000000e+03
1.126000000000000000e+03,-1.329000000000000000e+03
1.147000000000000000e+03,-1.371000000000000000e+03
1.158000000000000000e+03,-1.430000000000000000e+03
1.165000000000000000e+03,-1.498000000000000000e+03
1.164000000000000000e+03,-1.570000000000000000e+03
1.158000000000000000e+03,-1.641000000000000000e+03
1.149000000000000000e+03,-1.703000000000000000e+03
1.138000000000000000e+03,-1.760000000000000000e+03
1.132000000000000000e+03,-1.801000000000000000e+03
1.125000000000000000e+03,-1.828000000000000000e+03
1.125000000000000000e+03,-1.828000000000000000e+03
1.138000000000000000e+03,-1.819000000000000000e+03
1.143000000000000000e+03,-1.803000000000000000e+03
1.152000000000000000e+03,-1.774000000000000000e+03
1.150000000000000000e+03,-1.747000000000000000e+03
