-2.199329256422831447e-01,-3.269561236532597670e-01
-2.199329256422831447e-01,-3.269561236532597670e-01
-2.199329256422831447e-01,-3.269561236532597670e-01
-2.800668704706415491e-01,-2.988936160666925135e-01
-2.800668704706415491e-01,-2.988936160666925135e-01
-2.800668704706415491e-01,-2.988936160666925135e-01
-2.800668704706415491e-01,-2.988936160666925135e-01
-2.800668704706415491e-01,-2.988936160666925135e-01
-1.597989808139247125e-01,-3.229471939980358974e-01
-8.362931736467071886e-02,-3.470007719293792259e-01
3.663857229204612459e-02,-3.590275608950509456e-01
1.769511102248824408e-01,-3.790722091711704045e-01
3.332993667786143255e-01,-3.830811388263943296e-01
5.096922716084657523e-01,-3.910989981368420687e-01
6.540137391965259450e-01,-4.191615057234093777e-01
7.983352067845861377e-01,-4.311882946890810420e-01
9.466656040278702555e-01,-4.392061539995288366e-01
1.046888845408467716e+00,-4.632597319308722206e-01
1.131076368168169477e+00,-4.672686615860960901e-01
