-4.632586856227280947e-01,6.484133748536875519e-01
-5.193837007958626018e-01,6.604401638193593271e-01
-5.193837007958626018e-01,6.604401638193593271e-01
-5.193837007958626018e-01,6.604401638193593271e-01
-5.193837007958626018e-01,6.604401638193593271e-01
-5.193837007958626018e-01,6.604401638193593271e-01
-5.193837007958626018e-01,6.604401638193593271e-01
-4.993390525197431429e-01,7.526455458895088269e-01
-4.993390525197431429e-01,7.526455458895088269e-01
-4.351961780361607857e-01,8.248062796835389232e-01
-4.351961780361607857e-01,8.248062796835389232e-01
-3.069104290689961823e-01,9.170116617536885339e-01
-2.227229063092943939e-01,9.651188176163753019e-01
-1.064639463078014270e-01,1.017234903134285995e+00
1.777154383243732729e-03,1.061333129341748727e+00
1.260539736951844791e-01,1.101422425893987755e+00
2.423129336966774183e-01,1.133493863135778934e+00
3.705986826638420495e-01,1.145520652101450487e+00
4.708219240444394549e-01,1.145520652101450487e+00
5.750540950802607298e-01,1.137502792791002859e+00
6.472148288742908262e-01,1.113449214859659309e+00
7.073487737026492583e-01,1.085386707273092055e+00
7.073487737026492583e-01,1.085386707273092055e+00
7.634737888757837654e-01,9.931813252029425554e-01
7.554559295653360262e-01,9.330473803745841233e-01
7.554559295653360262e-01,9.330473803745841233e-01
7.153666330130969975e-01,8.248062796835389232e-01
7.153666330130969975e-01,8.248062796835389232e-01
6.151433916324996476e-01,7.085473196820459840e-01
5.510005171489172904e-01,6.484133748536875519e-01
4.668129943892155298e-01,5.722437114044336415e-01
3.826254716295137692e-01,4.880561886447318254e-01
2.904200895593641585e-01,3.998597362298061397e-01
2.102414964548862675e-01,3.116632838148804541e-01
1.260539736951844791e-01,2.154489720895069460e-01
4.988431024593047158e-02,1.072078713984617876e-01
-2.227642354809963518e-02,2.975700362640520003e-03
-9.443715734212974888e-02,-1.012564706731807485e-01
-1.505621725152642698e-01,-1.974707823985542288e-01
-2.106961173436227019e-01,-2.856672348134798867e-01
-2.788479214824289287e-01,-3.778726168836294974e-01
-3.389818663107873609e-01,-4.620601396433313135e-01
-4.111426001048174572e-01,-5.462476624030331296e-01
-4.712765449331758894e-01,-6.384530444731826293e-01
-5.394283490719821161e-01,-7.226405672328845009e-01
-5.995622939003405483e-01,-8.188548789582579257e-01
-6.516783794182511302e-01,-9.150691906836314615e-01
-6.957766056257139731e-01,-1.019301361719452625e+00
-7.238391132122812266e-01,-1.127542462410497937e+00
-7.438837614884007410e-01,-1.227765703791095175e+00
-7.478926911436246661e-01,-1.331997874826916561e+00
-7.358659021779528908e-01,-1.424203256897066172e+00
-7.078033945913856373e-01,-1.512399709311991858e+00
-6.596962387286989804e-01,-1.592578302416469693e+00
-5.875355049346687730e-01,-1.664739036210499679e+00
-4.953301228645192178e-01,-1.720864051383634186e+00
-3.910979518286979428e-01,-1.760953347935873214e+00
-2.668211325167572090e-01,-1.780997996211992618e+00
-1.345264538943687083e-01,-1.780997996211992618e+00
1.380394334891541820e-02,-1.768971207246321065e+00
1.501075516265278353e-01,-1.724872981038858111e+00
2.984379488698119531e-01,-1.644694387934380275e+00
4.187058385265288174e-01,-1.544471146553782814e+00
5.269469392175739619e-01,-1.424203256897066172e+00
6.111344619772757225e-01,-1.283890718964229682e+00
6.712684068056341546e-01,-1.139569251376169490e+00
7.073487737026492583e-01,-1.007274572753781072e+00
7.193755626683209226e-01,-8.629531051657207685e-01
7.153666330130969975e-01,-7.226405672328845009e-01
6.913130550817536690e-01,-6.023726775761676366e-01
6.472148288742908262e-01,-5.061583658507941008e-01
5.991076730116040583e-01,-4.139529837806445456e-01
5.389737281832456262e-01,-3.337743906761666546e-01
4.587951350787677351e-01,-2.616136568821365582e-01
3.705986826638420495e-01,-2.014797120537781261e-01
2.703754412832446996e-01,-1.493636265358674886e-01
1.741611295578712193e-01,-1.012564706731807485e-01
7.393788817727384166e-02,-5.314931481049400830e-02
-2.227642354809963518e-02,-5.042158947807269878e-03
-1.184907352734731190e-01,4.707392657010336240e-02
-2.106961173436227019e-01,9.518108243279010949e-02
-2.828568511376527983e-01,1.553150272611485139e-01
-3.389818663107873609e-01,2.034221831238352540e-01
-3.790711628630262786e-01,2.755829169178653504e-01
-3.991158111391457375e-01,3.517525803671193718e-01
-3.991158111391457375e-01,4.359401031268211879e-01
-3.790711628630262786e-01,5.241365555417468736e-01
-3.389818663107873609e-01,6.003062189910008950e-01
-2.828568511376527983e-01,6.804848120954787305e-01
-1.986693283779510100e-01,7.406187569238371626e-01
-1.024550166525775297e-01,8.127794907178672590e-01
-1.024963458242795188e-02,8.488598576148823627e-01
1.020003957638411091e-01,8.849402245118973553e-01
1.982147074892145755e-01,8.729134355462256911e-01
2.783933005936924943e-01,8.648955762357779520e-01
3.625808233533942548e-01,8.648955762357779520e-01
3.625808233533942548e-01,8.648955762357779520e-01
