7.010000000000000000e+02,-1.084000000000000000e+03
7.010000000000000000e+02,-1.084000000000000000e+03
7.010000000000000000e+02,-1.084000000000000000e+03
7.010000000000000000e+02,-1.084000000000000000e+03
7.010000000000000000e+02,-1.084000000000000000e+03
7.010000000000000000e+02,-1.084000000000000000e+03
7.450000000000000000e+02,-1.013000000000000000e+03
7.450000000000000000e+02,-1.013000000000000000e+03
7.450000000000000000e+02,-1.013000000000000000e+03
8.080000000000000000e+02,-9.870000000000000000e+02
8.080000000000000000e+02,-9.870000000000000000e+02
8.080000000000000000e+02,-9.870000000000000000e+02
8.080000000000000000e+02,-9.870000000000000000e+02
8.430000000000000000e+02,-1.081000000000000000e+03
8.430000000000000000e+02,-1.081000000000000000e+03
8.190000000000000000e+02,-1.176000000000000000e+03
8.190000000000000000e+02,-1.176000000000000000e+03
7.760000000000000000e+02,-1.255000000000000000e+03
7.760000000000000000e+02,-1.255000000000000000e+03
7.760000000000000000e+02,-1.255000000000000000e+03
7.060000000000000000e+02,-1.298000000000000000e+03
7.060000000000000000e+02,-1.298000000000000000e+03
7.060000000000000000e+02,-1.298000000000000000e+03
6.720000000000000000e+02,-1.230000000000000000e+03
6.720000000000000000e+02,-1.230000000000000000e+03
6.720000000000000000e+02,-1.230000000000000000e+03
7.040000000000000000e+02,-1.153000000000000000e+03
7.040000000000000000e+02,-1.153000000000000000e+03
