-9.375459556403271666e-01,-8.770043230504206422e-01
-9.535816742612227559e-01,-7.968257299459428067e-01
-9.535816742612227559e-01,-7.607453630489277030e-01
-9.335370259851032415e-01,-6.765578402892259424e-01
-8.934477294328643238e-01,-5.883613878743002568e-01
-8.533584328806252950e-01,-5.041738651145983852e-01
-7.811976990865951986e-01,-3.758881161474337818e-01
-7.210637542582367665e-01,-2.476023671802691506e-01
-6.529119501194305952e-01,-9.927196993698504668e-02
-6.048047942567438273e-01,2.099591971973180024e-02
-5.566976383940570594e-01,1.372548797212247429e-01
-5.246262011522659918e-01,2.214424024809265590e-01
-5.125994121865942166e-01,2.775674176540610660e-01
-5.125994121865942166e-01,2.775674176540610660e-01
-5.125994121865942166e-01,2.775674176540610660e-01
-5.767422866701765738e-01,1.532905983421203322e-01
-6.048047942567438273e-01,2.500484937495569410e-02
-6.328673018433110808e-01,-1.433701961444479034e-01
-6.368762314985350059e-01,-3.117452416638514801e-01
-6.368762314985350059e-01,-4.801202871832550567e-01
-6.007958646015199022e-01,-6.364685437369869137e-01
-5.486797790836093203e-01,-7.687632223593755532e-01
-4.765190452895792239e-01,-8.569596747743012388e-01
-3.843136632194296132e-01,-8.890311120160923064e-01
-2.720636328731605436e-01,-8.770043230504206422e-01
-1.397689542507720428e-01,-8.048435892563905458e-01
-1.148320528360740125e-02,-7.086292775310171210e-01
1.087846843731094526e-01,-5.843524582190763317e-01
2.170257850641545971e-01,-4.400309906310161390e-01
3.132400967895280774e-01,-2.917005933877320212e-01
3.894097602387820989e-01,-1.513880554548956703e-01
4.415258457566927364e-01,-4.715588441907441614e-02
4.735972829984838595e-01,2.500484937495569410e-02
4.735972829984838595e-01,2.500484937495569410e-02
4.735972829984838595e-01,2.500484937495569410e-02
4.014365492044537631e-01,-1.107551752205935928e-02
3.533293933417670507e-01,-9.526304028176114935e-02
3.172490264447520025e-01,-2.035041409728063078e-01
2.731508002372891597e-01,-3.237720306295231443e-01
2.651329409268413650e-01,-4.159774126996727550e-01
2.450882926507218784e-01,-5.282274430459418246e-01
2.370704333402740838e-01,-6.003881768399719210e-01
2.370704333402740838e-01,-6.003881768399719210e-01
2.370704333402740838e-01,-6.003881768399719210e-01
