4.010000000000000000e+02,-7.780000000000000000e+02
4.010000000000000000e+02,-7.780000000000000000e+02
4.010000000000000000e+02,-7.780000000000000000e+02
4.010000000000000000e+02,-7.780000000000000000e+02
4.010000000000000000e+02,-7.780000000000000000e+02
4.010000000000000000e+02,-7.780000000000000000e+02
3.990000000000000000e+02,-7.970000000000000000e+02
3.990000000000000000e+02,-8.080000000000000000e+02
3.910000000000000000e+02,-8.330000000000000000e+02
3.900000000000000000e+02,-8.560000000000000000e+02
3.800000000000000000e+02,-8.890000000000000000e+02
3.740000000000000000e+02,-9.210000000000000000e+02
3.630000000000000000e+02,-9.560000000000000000e+02
3.550000000000000000e+02,-9.920000000000000000e+02
3.460000000000000000e+02,-1.030000000000000000e+03
3.380000000000000000e+02,-1.067000000000000000e+03
3.340000000000000000e+02,-1.103000000000000000e+03
3.320000000000000000e+02,-1.137000000000000000e+03
3.330000000000000000e+02,-1.170000000000000000e+03
3.370000000000000000e+02,-1.200000000000000000e+03
3.430000000000000000e+02,-1.230000000000000000e+03
3.520000000000000000e+02,-1.254000000000000000e+03
3.630000000000000000e+02,-1.277000000000000000e+03
3.790000000000000000e+02,-1.293000000000000000e+03
3.950000000000000000e+02,-1.308000000000000000e+03
4.130000000000000000e+02,-1.320000000000000000e+03
4.330000000000000000e+02,-1.329000000000000000e+03
4.530000000000000000e+02,-1.336000000000000000e+03
4.750000000000000000e+02,-1.340000000000000000e+03
4.960000000000000000e+02,-1.342000000000000000e+03
5.180000000000000000e+02,-1.341000000000000000e+03
5.370000000000000000e+02,-1.339000000000000000e+03
5.540000000000000000e+02,-1.333000000000000000e+03
5.720000000000000000e+02,-1.325000000000000000e+03
5.910000000000000000e+02,-1.316000000000000000e+03
6.080000000000000000e+02,-1.304000000000000000e+03
6.260000000000000000e+02,-1.290000000000000000e+03
6.420000000000000000e+02,-1.273000000000000000e+03
6.590000000000000000e+02,-1.254000000000000000e+03
6.750000000000000000e+02,-1.231000000000000000e+03
6.880000000000000000e+02,-1.207000000000000000e+03
7.000000000000000000e+02,-1.181000000000000000e+03
7.110000000000000000e+02,-1.152000000000000000e+03
7.190000000000000000e+02,-1.123000000000000000e+03
7.260000000000000000e+02,-1.093000000000000000e+03
7.340000000000000000e+02,-1.063000000000000000e+03
7.420000000000000000e+02,-1.033000000000000000e+03
7.470000000000000000e+02,-1.006000000000000000e+03
7.530000000000000000e+02,-9.800000000000000000e+02
7.580000000000000000e+02,-9.550000000000000000e+02
7.640000000000000000e+02,-9.320000000000000000e+02
7.690000000000000000e+02,-9.130000000000000000e+02
7.740000000000000000e+02,-8.980000000000000000e+02
7.750000000000000000e+02,-8.860000000000000000e+02
7.770000000000000000e+02,-8.770000000000000000e+02
7.770000000000000000e+02,-8.770000000000000000e+02
7.770000000000000000e+02,-8.770000000000000000e+02
7.770000000000000000e+02,-8.770000000000000000e+02
7.770000000000000000e+02,-8.770000000000000000e+02
7.750000000000000000e+02,-8.930000000000000000e+02
7.710000000000000000e+02,-9.070000000000000000e+02
