-1.219275865339795262e+00,1.150883525421675380e+00
-1.123061553614421948e+00,1.194981751629138333e+00
-1.018829382578600562e+00,1.267142485423168319e+00
-1.018829382578600562e+00,1.267142485423168319e+00
-1.018829382578600562e+00,1.267142485423168319e+00
-9.466686487845704656e-01,1.247097837147048915e+00
-9.707222267159139051e-01,1.146874595766451677e+00
-9.787400860263616442e-01,1.038633495075406366e+00
-1.042882960509943890e+00,8.542227309351072551e-01
-1.090990116372630769e+00,6.577851778291363694e-01
-1.195222287408451933e+00,3.851779612739115177e-01
-1.283418739823377619e+00,1.125707447186866800e-01
-1.375624121893527230e+00,-1.921079090783293364e-01
-1.467829503963676840e+00,-4.927776332201214693e-01
-1.491883081895020169e+00,-7.453402014992268620e-01
-1.503909870860691944e+00,-1.001911699433556180e+00
-1.423731277756213887e+00,-1.174295674608183626e+00
-1.259365161892034291e+00,-1.290554634609676565e+00
-1.038874030854719965e+00,-1.358706438748482848e+00
-7.341953770577041016e-01,-1.346679649782811072e+00
