-4.278100646360354364e-01,1.661899585864463624e+00
-5.039797280852894579e-01,1.673926374830135400e+00
-5.039797280852894579e-01,1.673926374830135400e+00
-5.881672508449912185e-01,1.722033530692822056e+00
-5.881672508449912185e-01,1.722033530692822056e+00
-5.881672508449912185e-01,1.722033530692822056e+00
-5.881672508449912185e-01,1.722033530692822056e+00
-4.558725722226026900e-01,1.750096038279389310e+00
-3.436225418763336759e-01,1.734060319658493832e+00
-1.792564260121539688e-01,1.746087108624165607e+00
-1.088138049275037648e-02,1.734060319658493832e+00
1.895651022684443632e-01,1.734060319658493832e+00
3.940205146848629880e-01,1.722033530692822056e+00
5.784312788251622095e-01,1.701988882416702653e+00
7.868956208968047594e-01,1.701988882416702653e+00
9.713063850371038699e-01,1.701988882416702653e+00
1.115627852625164174e+00,1.677935304485359325e+00
1.239904671937104741e+00,1.677935304485359325e+00
1.332110054007254352e+00,1.673926374830135400e+00
