1.651349516884689506e-01,1.863328537010229713e+00
1.330635144466777997e-01,1.943507130114707548e+00
1.330635144466777997e-01,1.943507130114707548e+00
1.290545847914539024e-01,2.023685723219185384e+00
1.290545847914539024e-01,2.023685723219185384e+00
1.571170923780211559e-01,2.119900034944559142e+00
1.891885296198123345e-01,2.216114346669932456e+00
2.172510372063795880e-01,2.312328658395305769e+00
2.413046151377229720e-01,2.424578688741574783e+00
2.653581930690663282e-01,2.528810859777396391e+00
2.773849820347379924e-01,2.625025171502769705e+00
2.773849820347379924e-01,2.717230553572919316e+00
3.335099972078725550e-01,2.837498443229636180e+00
3.335099972078725550e-01,2.837498443229636180e+00
3.575635751392159389e-01,2.957766332886353045e+00
