-1.325829612043371908e+00,-1.459700836035793037e+00
-1.325829612043371908e+00,-1.459700836035793037e+00
-1.129392058937401133e+00,-1.439656187759673633e+00
-9.529991541075497619e-01,-1.439656187759673633e+00
-7.405258823806833979e-01,-1.423620469138777933e+00
-4.879633141015779496e-01,-1.403575820862658530e+00
-2.073382382359053311e-01,-1.391549031896986754e+00
6.927790797454343175e-02,-1.367495453965643426e+00
3.338672652193204748e-01,-1.355468664999971651e+00
6.064744817745453265e-01,-1.311370438792508919e+00
7.828673866043966978e-01,-1.323397227758180472e+00
9.552513617790242550e-01,-1.283307931205941665e+00
1.043447814193949830e+00,-1.283307931205941665e+00
