1.004000000000000000e+03,-1.284000000000000000e+03
9.990000000000000000e+02,-1.258000000000000000e+03
9.770000000000000000e+02,-1.246000000000000000e+03
9.590000000000000000e+02,-1.227000000000000000e+03
9.350000000000000000e+02,-1.218000000000000000e+03
9.060000000000000000e+02,-1.222000000000000000e+03
8.830000000000000000e+02,-1.225000000000000000e+03
8.520000000000000000e+02,-1.243000000000000000e+03
8.320000000000000000e+02,-1.260000000000000000e+03
8.110000000000000000e+02,-1.289000000000000000e+03
8.000000000000000000e+02,-1.317000000000000000e+03
7.910000000000000000e+02,-1.350000000000000000e+03
7.910000000000000000e+02,-1.381000000000000000e+03
8.020000000000000000e+02,-1.411000000000000000e+03
8.200000000000000000e+02,-1.433000000000000000e+03
8.460000000000000000e+02,-1.454000000000000000e+03
8.760000000000000000e+02,-1.465000000000000000e+03
9.110000000000000000e+02,-1.469000000000000000e+03
9.500000000000000000e+02,-1.466000000000000000e+03
9.900000000000000000e+02,-1.457000000000000000e+03
1.033000000000000000e+03,-1.441000000000000000e+03
1.066000000000000000e+03,-1.417000000000000000e+03
1.094000000000000000e+03,-1.390000000000000000e+03
1.114000000000000000e+03,-1.361000000000000000e+03
1.126000000000000000e+03,-1.332000000000000000e+03
1.129000000000000000e+03,-1.305000000000000000e+03
1.120000000000000000e+03,-1.281000000000000000e+03
1.108000000000000000e+03,-1.258000000000000000e+03
1.081000000000000000e+03,-1.249000000000000000e+03
1.055000000000000000e+03,-1.237000000000000000e+03
1.033000000000000000e+03,-1.228000000000000000e+03
1.001000000000000000e+03,-1.236000000000000000e+03
9.800000000000000000e+02,-1.239000000000000000e+03
9.530000000000000000e+02,-1.252000000000000000e+03
