8.460000000000000000e+02,-1.347000000000000000e+03
8.320000000000000000e+02,-1.349000000000000000e+03
8.320000000000000000e+02,-1.349000000000000000e+03
8.560000000000000000e+02,-1.346000000000000000e+03
8.790000000000000000e+02,-1.347000000000000000e+03
9.230000000000000000e+02,-1.337000000000000000e+03
9.660000000000000000e+02,-1.334000000000000000e+03
1.022000000000000000e+03,-1.328000000000000000e+03
1.082000000000000000e+03,-1.322000000000000000e+03
1.144000000000000000e+03,-1.316000000000000000e+03
1.195000000000000000e+03,-1.317000000000000000e+03
1.244000000000000000e+03,-1.316000000000000000e+03
