2.417844623207983379e-01,1.700443375397755474e+00
1.335433616297531656e-01,1.760577320226113907e+00
-1.077810595830704446e-02,1.772604109191785682e+00
-1.390638549254716860e-01,1.788639827812681160e+00
-2.793763928583080092e-01,1.760577320226113907e+00
-4.036532121702487430e-01,1.712470164363427250e+00
-5.199121721717416822e-01,1.608237993327605864e+00
-6.121175542418912929e-01,1.479952244360441149e+00
-6.762604287254736501e-01,1.319595058151485478e+00
-7.243675845881603070e-01,1.131175364355962332e+00
-7.444122328642798214e-01,9.307288815947676319e-01
-7.363943735538319713e-01,7.503270471096923355e-01
-7.123407956224886428e-01,5.819520015902888144e-01
-6.602247101045780608e-01,4.496573229679002304e-01
-5.880639763105479645e-01,3.574519408977506751e-01
-4.878407349299505591e-01,3.013269257246161681e-01
-3.876174935493531537e-01,3.013269257246161681e-01
-2.593317445821885503e-01,3.614608705529745447e-01
-1.350549252702477887e-01,4.616841119335719501e-01
5.257612662588535303e-03,5.939787905559604786e-01
1.375522912849770629e-01,7.543359767649162606e-01
2.698469699073656192e-01,9.187020926290959677e-01
3.861059299088585584e-01,1.095094997458947228e+00
4.903381009446798333e-01,1.251443254012679196e+00
5.745256237043816494e-01,1.395764721600739389e+00
6.346595685327400815e-01,1.504005822291784700e+00
6.707399354297550742e-01,1.596211204361934088e+00
6.707399354297550742e-01,1.596211204361934088e+00
6.707399354297550742e-01,1.596211204361934088e+00
6.707399354297550742e-01,1.596211204361934088e+00
6.506952871536356708e-01,1.504005822291784700e+00
6.106059906013966421e-01,1.359684354703724507e+00
5.745256237043816494e-01,1.171264660908201360e+00
5.264184678416948815e-01,9.307288815947676319e-01
4.702934526685603189e-01,6.420859464186472465e-01
4.101595078402019423e-01,3.013269257246161681e-01
3.460166333566195851e-01,-7.150353221120608893e-02
2.658380402521416941e-01,-4.523518494574760851e-01
1.936773064581115977e-01,-8.372090963589700063e-01
1.215165726640814875e-01,-1.218057413605240002e+00
6.138262783572306230e-02,-1.574852152920166670e+00
-6.769176303083149736e-03,-1.903584384648526084e+00
-4.685847285532209611e-02,-2.180200530858974695e+00
-9.095669906278494588e-02,-2.404700591551512723e+00
-1.150102769941283160e-01,-2.585102426036588241e+00
-1.270370659597999941e-01,-2.713388175003752956e+00
-1.150102769941283160e-01,-2.797575697763454716e+00
-1.150102769941283160e-01,-2.797575697763454716e+00
-1.150102769941283160e-01,-2.797575697763454716e+00
-1.150102769941283160e-01,-2.797575697763454716e+00
