2.019671112511076116e-01,-1.917374286826047380e-01
1.658867443540925357e-01,-3.160142479945454719e-01
1.418331664227491795e-01,-4.122285597199189522e-01
8.169922159439076126e-02,-5.244785900661880218e-01
-1.451509013098272252e-02,-6.006482535154420432e-01
-6.262224599366945921e-02,-6.808268466199198787e-01
-1.428008390981473641e-01,-7.930768769661890039e-01
-2.069437135817296658e-01,-8.852822590363386146e-01
-2.750955177205358648e-01,-9.895144300721598896e-01
-3.472562515145660167e-01,-1.085728741797533203e+00
-3.953634073772527291e-01,-1.161898405246787336e+00
-4.755420004817306201e-01,-1.258112716972160872e+00
-4.755420004817306201e-01,-1.258112716972160872e+00
-5.276580859996412576e-01,-1.386398465939325364e+00
-5.757652418623280255e-01,-1.442523481112459871e+00
-5.757652418623280255e-01,-1.442523481112459871e+00
-6.358991866906864576e-01,-1.494639566630370675e+00
