3.950000000000000000e+02,-1.887000000000000000e+03
3.890000000000000000e+02,-1.913000000000000000e+03
3.890000000000000000e+02,-1.913000000000000000e+03
3.860000000000000000e+02,-1.928000000000000000e+03
3.860000000000000000e+02,-1.928000000000000000e+03
3.860000000000000000e+02,-1.928000000000000000e+03
3.860000000000000000e+02,-1.928000000000000000e+03
4.010000000000000000e+02,-1.938000000000000000e+03
4.010000000000000000e+02,-1.938000000000000000e+03
4.220000000000000000e+02,-1.944000000000000000e+03
4.360000000000000000e+02,-1.950000000000000000e+03
4.570000000000000000e+02,-1.950000000000000000e+03
4.720000000000000000e+02,-1.956000000000000000e+03
4.970000000000000000e+02,-1.956000000000000000e+03
5.220000000000000000e+02,-1.958000000000000000e+03
5.490000000000000000e+02,-1.955000000000000000e+03
5.800000000000000000e+02,-1.953000000000000000e+03
6.120000000000000000e+02,-1.947000000000000000e+03
6.440000000000000000e+02,-1.940000000000000000e+03
6.800000000000000000e+02,-1.926000000000000000e+03
7.130000000000000000e+02,-1.911000000000000000e+03
7.480000000000000000e+02,-1.891000000000000000e+03
7.760000000000000000e+02,-1.866000000000000000e+03
8.050000000000000000e+02,-1.831000000000000000e+03
8.290000000000000000e+02,-1.790000000000000000e+03
8.520000000000000000e+02,-1.741000000000000000e+03
8.700000000000000000e+02,-1.688000000000000000e+03
8.880000000000000000e+02,-1.631000000000000000e+03
9.040000000000000000e+02,-1.572000000000000000e+03
9.180000000000000000e+02,-1.513000000000000000e+03
9.320000000000000000e+02,-1.456000000000000000e+03
9.420000000000000000e+02,-1.406000000000000000e+03
9.500000000000000000e+02,-1.361000000000000000e+03
9.560000000000000000e+02,-1.320000000000000000e+03
9.620000000000000000e+02,-1.286000000000000000e+03
9.660000000000000000e+02,-1.252000000000000000e+03
9.710000000000000000e+02,-1.222000000000000000e+03
9.740000000000000000e+02,-1.191000000000000000e+03
9.750000000000000000e+02,-1.154000000000000000e+03
9.770000000000000000e+02,-1.117000000000000000e+03
9.800000000000000000e+02,-1.079000000000000000e+03
9.810000000000000000e+02,-1.040000000000000000e+03
9.830000000000000000e+02,-9.990000000000000000e+02
9.810000000000000000e+02,-9.590000000000000000e+02
9.810000000000000000e+02,-9.190000000000000000e+02
9.810000000000000000e+02,-8.800000000000000000e+02
9.810000000000000000e+02,-8.450000000000000000e+02
9.810000000000000000e+02,-8.120000000000000000e+02
9.810000000000000000e+02,-7.780000000000000000e+02
9.810000000000000000e+02,-7.430000000000000000e+02
9.830000000000000000e+02,-7.100000000000000000e+02
9.840000000000000000e+02,-6.770000000000000000e+02
9.830000000000000000e+02,-6.450000000000000000e+02
9.830000000000000000e+02,-6.160000000000000000e+02
9.840000000000000000e+02,-5.880000000000000000e+02
9.810000000000000000e+02,-5.580000000000000000e+02
9.780000000000000000e+02,-5.320000000000000000e+02
9.770000000000000000e+02,-5.080000000000000000e+02
9.740000000000000000e+02,-4.850000000000000000e+02
9.710000000000000000e+02,-4.640000000000000000e+02
9.690000000000000000e+02,-4.450000000000000000e+02
9.680000000000000000e+02,-4.280000000000000000e+02
9.660000000000000000e+02,-4.130000000000000000e+02
9.660000000000000000e+02,-4.130000000000000000e+02
9.630000000000000000e+02,-3.960000000000000000e+02
9.630000000000000000e+02,-3.960000000000000000e+02
9.630000000000000000e+02,-3.960000000000000000e+02
9.570000000000000000e+02,-4.100000000000000000e+02
9.570000000000000000e+02,-4.100000000000000000e+02
9.540000000000000000e+02,-4.450000000000000000e+02
9.540000000000000000e+02,-4.670000000000000000e+02
9.570000000000000000e+02,-4.900000000000000000e+02
9.560000000000000000e+02,-5.140000000000000000e+02
9.540000000000000000e+02,-5.320000000000000000e+02
