-1.666489785845155280e+00,6.452149561768675268e-01
-1.666489785845155280e+00,6.452149561768675268e-01
-1.666489785845155280e+00,6.452149561768675268e-01
-1.666489785845155280e+00,6.452149561768675268e-01
-1.666489785845155280e+00,6.452149561768675268e-01
-1.622391559637692326e+00,5.770631520380613555e-01
-1.618382629982468623e+00,5.169292072097029234e-01
-1.586311192740677445e+00,4.527863327261206217e-01
-1.574284403775005670e+00,3.365273727246276825e-01
-1.534195107222766641e+00,2.282862720335825102e-01
-1.514150458946647237e+00,7.193801547985059774e-02
-1.462034373428736655e+00,-7.238345210820962272e-02
-1.417936147221273702e+00,-2.608031459037326583e-01
-1.345775413427243716e+00,-4.171514024574645707e-01
-1.285641468598885284e+00,-5.855264479768681474e-01
-1.193436086528735673e+00,-7.138121969440327508e-01
-1.109248563769033913e+00,-8.420979459111974652e-01
-1.001007463077988602e+00,-9.262854686708992258e-01
-8.847485030764957736e-01,-9.984462024649293221e-01
-7.604716837645549843e-01,-1.014481921085824911e+00
-6.442127237630620451e-01,-9.984462024649293221e-01
-5.119180451406735166e-01,-9.503390466022425542e-01
-4.036769444496283721e-01,-8.781783128082124579e-01
-2.954358437585831720e-01,-7.579104231514957046e-01
-1.912036727227619248e-01,-6.175978852186593260e-01
-9.498936099738844452e-02,-4.492228396992557493e-01
-1.080183823768665619e-02,-2.608031459037326583e-01
7.338568452201513215e-02,-8.040131141865740350e-02
1.535642776264930232e-01,1.000005230664178651e-01
2.016714334891797633e-01,2.643666389305975306e-01
2.738321672832098597e-01,4.287327547947772377e-01
2.938768155593293741e-01,5.249470665201507735e-01
3.339661121115682918e-01,6.412060265216437127e-01
3.540107603876878062e-01,7.173756899708977341e-01
3.540107603876878062e-01,7.173756899708977341e-01
3.059036045250010383e-01,7.975542830753755696e-01
2.297339410757470446e-01,8.095810720410472339e-01
