1.444000000000000000e+03,-8.110000000000000000e+02
1.456000000000000000e+03,-7.900000000000000000e+02
1.456000000000000000e+03,-7.900000000000000000e+02
1.456000000000000000e+03,-7.900000000000000000e+02
1.425000000000000000e+03,-8.270000000000000000e+02
1.402000000000000000e+03,-8.670000000000000000e+02
1.378000000000000000e+03,-9.100000000000000000e+02
1.349000000000000000e+03,-9.630000000000000000e+02
1.337000000000000000e+03,-1.011000000000000000e+03
1.318000000000000000e+03,-1.067000000000000000e+03
1.316000000000000000e+03,-1.108000000000000000e+03
