3.590000000000000000e+02,-4.240000000000000000e+02
4.000000000000000000e+02,-4.030000000000000000e+02
4.470000000000000000e+02,-3.830000000000000000e+02
4.910000000000000000e+02,-3.680000000000000000e+02
5.360000000000000000e+02,-3.600000000000000000e+02
5.830000000000000000e+02,-3.520000000000000000e+02
6.310000000000000000e+02,-3.500000000000000000e+02
6.790000000000000000e+02,-3.410000000000000000e+02
7.170000000000000000e+02,-3.370000000000000000e+02
7.560000000000000000e+02,-3.260000000000000000e+02
