-3.253400604816316100e-01,2.793761400884683166e+00
-3.253400604816316100e-01,2.793761400884683166e+00
-3.213311308264077404e-01,2.741645315366772362e+00
-3.213311308264077404e-01,2.637413144330951198e+00
-3.213311308264077404e-01,2.493091676742890783e+00
-2.772329046189448976e-01,2.324716631223487262e+00
-2.652061156532731778e-01,2.076162992599606127e+00
-2.050721708249147734e-01,1.815582565010052774e+00
-1.810185928935713895e-01,1.502886051902589060e+00
-1.128667887547651766e-01,1.206225257416020824e+00
-8.480428116819792306e-02,8.935287443085568881e-01
-2.867926599506338825e-02,6.129036684428842419e-01
-4.625688063720019040e-03,3.483143111981072404e-01
7.401100901951665999e-03,1.238142505055691012e-01
7.401100901951665999e-03,-7.262330260040174290e-02
7.401100901951665999e-03,-2.129358405332380799e-01
-1.264354737416780936e-02,-3.412215895004027111e-01
-1.665247702939170321e-02,-4.414448308810000610e-01
-2.867926599506338825e-02,-5.216234239854780075e-01
-4.070605496073507329e-02,-5.937841577795081038e-01
-4.070605496073507329e-02,-5.937841577795081038e-01
-4.070605496073507329e-02,-6.899984695048815286e-01
-4.070605496073507329e-02,-6.899984695048815286e-01
-1.665247702939170321e-02,-7.701770626093594752e-01
-1.665247702939170321e-02,-7.701770626093594752e-01
-1.665247702939170321e-02,-7.701770626093594752e-01
4.348146779896672198e-02,-8.102663591615983929e-01
4.348146779896672198e-02,-8.102663591615983929e-01
4.348146779896672198e-02,-8.102663591615983929e-01
9.559755331687735946e-02,-7.581502736436878109e-01
9.559755331687735946e-02,-7.581502736436878109e-01
9.559755331687735946e-02,-7.581502736436878109e-01
1.276689905586685103e-01,-6.779716805392098644e-01
1.276689905586685103e-01,-6.779716805392098644e-01
1.276689905586685103e-01,-6.779716805392098644e-01
1.276689905586685103e-01,-6.779716805392098644e-01
1.276689905586685103e-01,-6.779716805392098644e-01
1.276689905586685103e-01,-6.779716805392098644e-01
1.276689905586685103e-01,-6.779716805392098644e-01
1.276689905586685103e-01,-6.779716805392098644e-01
1.276689905586685103e-01,-6.779716805392098644e-01
1.276689905586685103e-01,-6.779716805392098644e-01
1.276689905586685103e-01,-6.779716805392098644e-01
1.276689905586685103e-01,-6.779716805392098644e-01
1.276689905586685103e-01,-6.779716805392098644e-01
1.276689905586685103e-01,-6.779716805392098644e-01
1.396957795243402023e-01,-6.258555950212992824e-01
1.396957795243402023e-01,-6.258555950212992824e-01
1.396957795243402023e-01,-6.258555950212992824e-01
1.396957795243402023e-01,-6.258555950212992824e-01
1.396957795243402023e-01,-6.258555950212992824e-01
1.196511312482207295e-01,-5.697305798481646644e-01
