1.018000000000000000e+03,-1.679000000000000000e+03
1.018000000000000000e+03,-1.679000000000000000e+03
1.018000000000000000e+03,-1.679000000000000000e+03
1.016000000000000000e+03,-1.662000000000000000e+03
1.016000000000000000e+03,-1.662000000000000000e+03
1.016000000000000000e+03,-1.662000000000000000e+03
1.016000000000000000e+03,-1.662000000000000000e+03
1.012000000000000000e+03,-1.647000000000000000e+03
1.012000000000000000e+03,-1.647000000000000000e+03
1.012000000000000000e+03,-1.647000000000000000e+03
1.012000000000000000e+03,-1.647000000000000000e+03
1.012000000000000000e+03,-1.647000000000000000e+03
1.012000000000000000e+03,-1.647000000000000000e+03
9.980000000000000000e+02,-1.640000000000000000e+03
9.980000000000000000e+02,-1.640000000000000000e+03
9.980000000000000000e+02,-1.640000000000000000e+03
9.980000000000000000e+02,-1.640000000000000000e+03
9.980000000000000000e+02,-1.640000000000000000e+03
9.980000000000000000e+02,-1.640000000000000000e+03
9.980000000000000000e+02,-1.640000000000000000e+03
9.980000000000000000e+02,-1.640000000000000000e+03
1.013000000000000000e+03,-1.649000000000000000e+03
1.018000000000000000e+03,-1.667000000000000000e+03
