1.387089660707467642e+00,8.224201277996082693e-01
1.138536022083586063e+00,9.066076505593100299e-01
8.859734538044807817e-01,1.014848751250355230e+00
5.452144331104497033e-01,1.050929118147370334e+00
1.723839751746274740e-01,1.070973766423489737e+00
-2.084643420716425222e-01,1.083000555389161290e+00
-6.374198151805993140e-01,1.034893399526474633e+00
-1.042321710358212750e+00,9.907951733190117904e-01
-1.411143238638810971e+00,9.186344395249816941e-01
-1.755911188988065863e+00,8.304379871100560084e-01
-2.040545194508962545e+00,7.462504643503542479e-01
-2.188875591752246663e+00,7.021522381428914050e-01
-2.289098833132844124e+00,5.979200671070701301e-01
-2.232973817959709617e+00,5.698575595205028765e-01
