8.208283469070934424e-02,6.512506224911218666e-01
7.807390503548544691e-02,5.670630997314201061e-01
9.410962365638102234e-02,4.949023659373900097e-01
9.410962365638102234e-02,3.585987576597775561e-01
7.005604572503765226e-02,1.862147824851501099e-01
7.807390503548544691e-02,1.383080731052262029e-02
2.996674917279870676e-02,-2.307139016581349622e-01
1.793996020712702172e-02,-4.552139623506730737e-01
-2.615826600033582458e-02,-7.157943899402262611e-01
-5.021184393167919119e-02,-9.402944506327644003e-01
-8.629221082869424631e-02,-1.156776652014854800e+00
-1.023279294495898217e-01,-1.333169556844706172e+00
-1.103457887600376164e-01,-1.457446376156646739e+00
-1.023279294495898217e-01,-1.525598180295453021e+00
-5.021184393167919119e-02,-1.501544602364109693e+00
9.922100896679230536e-03,-1.409339220293960082e+00
6.604711606981375493e-02,-1.285062400982019293e+00
1.582524981399633379e-01,-1.088624847876048518e+00
2.424400208996651263e-01,-8.721426464939581180e-01
