1.122000000000000000e+03,-8.330000000000000000e+02
1.153000000000000000e+03,-8.230000000000000000e+02
1.170000000000000000e+03,-8.210000000000000000e+02
1.194000000000000000e+03,-8.170000000000000000e+02
1.214000000000000000e+03,-8.110000000000000000e+02
1.214000000000000000e+03,-8.110000000000000000e+02
1.233000000000000000e+03,-8.020000000000000000e+02
1.233000000000000000e+03,-8.020000000000000000e+02
1.233000000000000000e+03,-8.020000000000000000e+02
1.217000000000000000e+03,-8.000000000000000000e+02
1.198000000000000000e+03,-7.940000000000000000e+02
1.170000000000000000e+03,-7.970000000000000000e+02
1.134000000000000000e+03,-7.960000000000000000e+02
1.088000000000000000e+03,-7.970000000000000000e+02
1.040000000000000000e+03,-8.000000000000000000e+02
9.840000000000000000e+02,-8.050000000000000000e+02
9.270000000000000000e+02,-8.080000000000000000e+02
8.700000000000000000e+02,-8.140000000000000000e+02
8.140000000000000000e+02,-8.210000000000000000e+02
7.660000000000000000e+02,-8.270000000000000000e+02
7.240000000000000000e+02,-8.350000000000000000e+02
6.890000000000000000e+02,-8.420000000000000000e+02
6.620000000000000000e+02,-8.490000000000000000e+02
6.440000000000000000e+02,-8.560000000000000000e+02
6.440000000000000000e+02,-8.560000000000000000e+02
6.240000000000000000e+02,-8.700000000000000000e+02
6.240000000000000000e+02,-8.700000000000000000e+02
6.240000000000000000e+02,-8.700000000000000000e+02
6.240000000000000000e+02,-8.860000000000000000e+02
6.240000000000000000e+02,-8.860000000000000000e+02
6.330000000000000000e+02,-9.070000000000000000e+02
6.390000000000000000e+02,-9.210000000000000000e+02
6.470000000000000000e+02,-9.360000000000000000e+02
6.530000000000000000e+02,-9.570000000000000000e+02
6.570000000000000000e+02,-9.810000000000000000e+02
6.630000000000000000e+02,-1.008000000000000000e+03
6.680000000000000000e+02,-1.040000000000000000e+03
6.740000000000000000e+02,-1.073000000000000000e+03
6.780000000000000000e+02,-1.106000000000000000e+03
6.780000000000000000e+02,-1.141000000000000000e+03
6.830000000000000000e+02,-1.171000000000000000e+03
6.870000000000000000e+02,-1.200000000000000000e+03
6.900000000000000000e+02,-1.225000000000000000e+03
6.930000000000000000e+02,-1.243000000000000000e+03
6.950000000000000000e+02,-1.258000000000000000e+03
6.950000000000000000e+02,-1.258000000000000000e+03
6.950000000000000000e+02,-1.258000000000000000e+03
7.120000000000000000e+02,-1.272000000000000000e+03
7.120000000000000000e+02,-1.272000000000000000e+03
7.370000000000000000e+02,-1.260000000000000000e+03
7.610000000000000000e+02,-1.249000000000000000e+03
7.900000000000000000e+02,-1.240000000000000000e+03
8.260000000000000000e+02,-1.231000000000000000e+03
8.700000000000000000e+02,-1.222000000000000000e+03
9.150000000000000000e+02,-1.219000000000000000e+03
9.590000000000000000e+02,-1.218000000000000000e+03
1.005000000000000000e+03,-1.224000000000000000e+03
1.051000000000000000e+03,-1.239000000000000000e+03
1.088000000000000000e+03,-1.260000000000000000e+03
1.120000000000000000e+03,-1.287000000000000000e+03
1.147000000000000000e+03,-1.322000000000000000e+03
1.162000000000000000e+03,-1.361000000000000000e+03
1.176000000000000000e+03,-1.402000000000000000e+03
1.177000000000000000e+03,-1.445000000000000000e+03
1.168000000000000000e+03,-1.491000000000000000e+03
1.153000000000000000e+03,-1.531000000000000000e+03
1.131000000000000000e+03,-1.569000000000000000e+03
1.097000000000000000e+03,-1.602000000000000000e+03
1.052000000000000000e+03,-1.631000000000000000e+03
1.004000000000000000e+03,-1.656000000000000000e+03
9.510000000000000000e+02,-1.674000000000000000e+03
8.970000000000000000e+02,-1.688000000000000000e+03
8.440000000000000000e+02,-1.694000000000000000e+03
7.930000000000000000e+02,-1.697000000000000000e+03
7.460000000000000000e+02,-1.699000000000000000e+03
7.130000000000000000e+02,-1.694000000000000000e+03
6.810000000000000000e+02,-1.696000000000000000e+03
6.650000000000000000e+02,-1.688000000000000000e+03
6.650000000000000000e+02,-1.688000000000000000e+03
6.600000000000000000e+02,-1.668000000000000000e+03
6.740000000000000000e+02,-1.653000000000000000e+03
