-9.408616715307908107e-01,8.794909292556080116e-01
-9.408616715307908107e-01,8.794909292556080116e-01
-9.408616715307908107e-01,8.794909292556080116e-01
-9.408616715307908107e-01,8.794909292556080116e-01
-9.408616715307908107e-01,8.794909292556080116e-01
-9.408616715307908107e-01,8.794909292556080116e-01
-9.408616715307908107e-01,8.794909292556080116e-01
-9.408616715307908107e-01,8.794909292556080116e-01
-9.408616715307908107e-01,8.794909292556080116e-01
-9.408616715307908107e-01,8.794909292556080116e-01
-9.408616715307908107e-01,8.794909292556080116e-01
-9.408616715307908107e-01,8.794909292556080116e-01
-9.408616715307908107e-01,8.794909292556080116e-01
-6.281651584233269858e-01,5.708033458033680008e-01
-6.281651584233269858e-01,5.708033458033680008e-01
-6.281651584233269858e-01,5.708033458033680008e-01
-3.114597156606393469e-01,3.463032851108299170e-01
-3.114597156606393469e-01,3.463032851108299170e-01
-3.114597156606393469e-01,3.463032851108299170e-01
1.236797446824461095e-03,2.260353954541130805e-01
1.236797446824461095e-03,2.260353954541130805e-01
2.417725767602581510e-01,2.300443251093369779e-01
2.417725767602581510e-01,2.300443251093369779e-01
2.417725767602581510e-01,2.300443251093369779e-01
6.186119643513042776e-01,4.064372299391883492e-01
6.186119643513042776e-01,4.064372299391883492e-01
9.272995478035441774e-01,6.229194313212786938e-01
9.272995478035441774e-01,6.229194313212786938e-01
1.215942482979664563e+00,8.915177182212796758e-01
1.215942482979664563e+00,8.915177182212796758e-01
1.464496121603546142e+00,1.112008849258593779e+00
1.464496121603546142e+00,1.112008849258593779e+00
1.464496121603546142e+00,1.112008849258593779e+00
1.464496121603546142e+00,1.112008849258593779e+00
1.729085478848323199e+00,1.368580347192923208e+00
1.729085478848323199e+00,1.368580347192923208e+00
1.729085478848323199e+00,1.368580347192923208e+00
1.729085478848323199e+00,1.368580347192923208e+00
1.729085478848323199e+00,1.368580347192923208e+00
1.664942604364740841e+00,1.003767748567548690e+00
1.664942604364740841e+00,1.003767748567548690e+00
1.592781870570710634e+00,6.189105016660547687e-01
1.544674714708023977e+00,3.783747223526210957e-01
1.500576488500561245e+00,1.218032244182918195e-01
1.452469332637874366e+00,-1.508039921369330461e-01
1.396344317464739859e+00,-4.194022790369340004e-01
1.368281809878172606e+00,-6.920094955921588520e-01
1.324183583670709874e+00,-9.525899231817119839e-01
1.288103216773694770e+00,-1.201143561805593452e+00
1.288103216773694770e+00,-1.201143561805593452e+00
1.276076427808022995e+00,-1.630099034914550327e+00
1.276076427808022995e+00,-1.630099034914550327e+00
1.332201442981157502e+00,-1.962840196298133444e+00
1.332201442981157502e+00,-1.962840196298133444e+00
1.332201442981157502e+00,-1.962840196298133444e+00
1.432424684361754963e+00,-2.275536709405597158e+00
1.432424684361754963e+00,-2.275536709405597158e+00
1.432424684361754963e+00,-2.275536709405597158e+00
1.432424684361754963e+00,-2.275536709405597158e+00
1.432424684361754963e+00,-2.275536709405597158e+00
