-8.012601697785199928e-01,-2.101730661869837258e-01
-8.012601697785199928e-01,-2.101730661869837258e-01
-7.290994359844897854e-01,-2.021552068765359311e-01
-6.328851242591163606e-01,-1.981462772213120338e-01
-5.246440235680711606e-01,-1.901284179108642391e-01
-3.883404152904587625e-01,-1.781016289451925472e-01
-2.400100180471746725e-01,-1.660748399795208829e-01
-7.564390218299496538e-02,-1.500391213586252936e-01
1.007490026468564059e-01,-1.179676841168341289e-01
2.570972592005882906e-01,-8.589624687504297806e-02
4.214633750647679977e-01,-4.981587997802792295e-02
5.457401943767087316e-01,-1.373551308101286783e-02
6.980795212752167744e-01,4.639843174734555736e-02
7.582134661035752066e-01,5.040736140256944775e-02
8.624456371393964815e-01,1.305859545070473526e-01
