4.580000000000000000e+02,-9.750000000000000000e+02
4.580000000000000000e+02,-9.750000000000000000e+02
4.130000000000000000e+02,-1.005000000000000000e+03
4.130000000000000000e+02,-1.005000000000000000e+03
3.720000000000000000e+02,-1.040000000000000000e+03
3.720000000000000000e+02,-1.040000000000000000e+03
3.270000000000000000e+02,-1.102000000000000000e+03
3.270000000000000000e+02,-1.102000000000000000e+03
2.830000000000000000e+02,-1.168000000000000000e+03
2.830000000000000000e+02,-1.168000000000000000e+03
2.510000000000000000e+02,-1.228000000000000000e+03
2.510000000000000000e+02,-1.228000000000000000e+03
2.320000000000000000e+02,-1.274000000000000000e+03
2.320000000000000000e+02,-1.274000000000000000e+03
2.320000000000000000e+02,-1.274000000000000000e+03
2.320000000000000000e+02,-1.274000000000000000e+03
2.320000000000000000e+02,-1.274000000000000000e+03
2.320000000000000000e+02,-1.274000000000000000e+03
2.920000000000000000e+02,-1.233000000000000000e+03
2.920000000000000000e+02,-1.233000000000000000e+03
3.450000000000000000e+02,-1.156000000000000000e+03
3.730000000000000000e+02,-1.107000000000000000e+03
4.030000000000000000e+02,-1.059000000000000000e+03
4.270000000000000000e+02,-1.014000000000000000e+03
4.500000000000000000e+02,-9.690000000000000000e+02
4.500000000000000000e+02,-9.690000000000000000e+02
4.800000000000000000e+02,-9.010000000000000000e+02
4.800000000000000000e+02,-9.010000000000000000e+02
4.990000000000000000e+02,-8.580000000000000000e+02
4.990000000000000000e+02,-8.580000000000000000e+02
4.990000000000000000e+02,-8.580000000000000000e+02
4.990000000000000000e+02,-8.580000000000000000e+02
4.990000000000000000e+02,-8.580000000000000000e+02
4.990000000000000000e+02,-8.580000000000000000e+02
4.990000000000000000e+02,-8.580000000000000000e+02
4.990000000000000000e+02,-8.580000000000000000e+02
5.280000000000000000e+02,-9.010000000000000000e+02
5.280000000000000000e+02,-9.010000000000000000e+02
5.350000000000000000e+02,-9.570000000000000000e+02
5.350000000000000000e+02,-9.570000000000000000e+02
5.370000000000000000e+02,-1.029000000000000000e+03
5.370000000000000000e+02,-1.029000000000000000e+03
5.270000000000000000e+02,-1.108000000000000000e+03
5.140000000000000000e+02,-1.147000000000000000e+03
5.140000000000000000e+02,-1.147000000000000000e+03
4.760000000000000000e+02,-1.213000000000000000e+03
