-3.051368171861846279e-01,-2.246146015398303719e-01
-3.051368171861846279e-01,-1.644806567114719675e-01
-2.810832392548412439e-01,-7.227527464132237067e-02
-2.810832392548412439e-01,-7.227527464132237067e-02
-2.931100282205129637e-01,-1.214132981296395242e-02
-2.931100282205129637e-01,-1.214132981296395242e-02
-3.532439730488713403e-01,-2.015918912341174360e-02
-3.532439730488713403e-01,-2.015918912341174360e-02
-4.494582847742448206e-01,-1.644806567114719675e-01
-4.855386516712599243e-01,-2.687128277472932147e-01
-5.496815261548422260e-01,-4.170432249905773325e-01
-5.977886820175289939e-01,-5.693825518890853754e-01
-6.539136971906635010e-01,-7.578022456846084109e-01
-6.779672751220068294e-01,-9.422130098249075214e-01
-6.859851344324546796e-01,-1.130632703620430668e+00
-6.659404861563351652e-01,-1.299007749139834189e+00
-6.178333302936483973e-01,-1.451347076038342232e+00
-5.576993854652899651e-01,-1.591659613971178500e+00
-4.494582847742448206e-01,-1.691882855351775961e+00
-3.452261137384236012e-01,-1.772061448456253796e+00
-1.888778571846916887e-01,-1.776070378111477721e+00
-5.658317856230314635e-02,-1.784088237421925571e+00
8.372935937053317679e-02,-1.703909644317447514e+00
2.360686862690411780e-01,-1.583641754660730649e+00
3.603455055809819396e-01,-1.435311357417446754e+00
4.846223248929226735e-01,-1.214820226380132429e+00
