2.124732717268664195e-01,1.269076793981814166e+00
2.605804275895531874e-01,1.341237527775844374e+00
2.605804275895531874e-01,1.341237527775844374e+00
2.605804275895531874e-01,1.341237527775844374e+00
3.046786537970160302e-01,1.397362542948978881e+00
3.046786537970160302e-01,1.397362542948978881e+00
3.046786537970160302e-01,1.397362542948978881e+00
3.287322317283593587e-01,1.457496487777337313e+00
3.287322317283593587e-01,1.457496487777337313e+00
3.287322317283593587e-01,1.457496487777337313e+00
3.287322317283593587e-01,1.457496487777337313e+00
2.365268496582098035e-01,1.433442909845993984e+00
1.844107641402991660e-01,1.385335753983307105e+00
1.122500303462690557e-01,1.309166090534053195e+00
4.008929655223895244e-02,1.200924989843008106e+00
-6.414287448358231558e-02,1.056603522254947913e+00
-1.563482565537319124e-01,8.561570394937531026e-01
-2.766161462104487767e-01,6.156212601803193740e-01
-3.728304579358222015e-01,3.309872546594228027e-01
-4.810715586268674016e-01,-5.762836379384348937e-03
-5.532322924208975534e-01,-3.385039977629676344e-01
-6.253930262149276498e-01,-7.193523150092376861e-01
-6.454376744910470531e-01,-1.076147054324164243e+00
-6.454376744910470531e-01,-1.436950723294314836e+00
-5.893126593179125461e-01,-1.765682955022674250e+00
-4.850804882820912711e-01,-2.074370538474914039e+00
-3.407590206940310784e-01,-2.318915247443571914e+00
-1.443214675880602205e-01,-2.515352800549542689e+00
1.042321710358212611e-01,-2.675709986758498360e+00
2.966607944865682356e-01,-2.803995735725663074e+00
5.211608551791063748e-01,-2.852102891588349731e+00
6.614733931119426424e-01,-2.920254695727155791e+00
