-2.083211660125272036e-01,8.894096792232442095e-01
-2.083211660125272036e-01,8.894096792232442095e-01
-2.083211660125272036e-01,8.894096792232442095e-01
-1.602140101498404634e-01,9.575614833620504918e-01
-1.602140101498404634e-01,9.575614833620504918e-01
-1.602140101498404634e-01,9.575614833620504918e-01
-1.602140101498404634e-01,9.575614833620504918e-01
-1.481872211841687714e-01,8.773828902575725452e-01
-1.401693618737209768e-01,8.052221564635424489e-01
-1.401693618737209768e-01,7.090078447381690241e-01
-1.401693618737209768e-01,5.967578143918998990e-01
-1.481872211841687714e-01,4.444184874933919116e-01
-1.602140101498404634e-01,2.640166530083166152e-01
-1.762497287707360527e-01,5.555231093667409997e-02
-1.882765177364077169e-01,-1.609298904454162238e-01
-2.203479549781988955e-01,-3.894388807931782326e-01
-2.363836735990944571e-01,-6.139389414857163718e-01
-2.684551108408856357e-01,-8.264122132125827358e-01
-2.925086887722290196e-01,-1.030867625629001472e+00
-3.205711963587962732e-01,-1.199242671148404993e+00
-3.406158446349157320e-01,-1.343564138736465186e+00
-3.446247742901396016e-01,-1.447796309772286572e+00
-3.566515632558113214e-01,-1.535992762187212257e+00
-3.807051411871547053e-01,-1.600135636670794392e+00
-3.807051411871547053e-01,-1.600135636670794392e+00
-3.807051411871547053e-01,-1.600135636670794392e+00
-3.205711963587962732e-01,-1.556037410463331661e+00
