8.190000000000000000e+02,-4.440000000000000000e+02
8.190000000000000000e+02,-4.290000000000000000e+02
8.130000000000000000e+02,-4.200000000000000000e+02
8.010000000000000000e+02,-4.090000000000000000e+02
7.870000000000000000e+02,-4.030000000000000000e+02
7.620000000000000000e+02,-4.090000000000000000e+02
7.370000000000000000e+02,-4.140000000000000000e+02
7.000000000000000000e+02,-4.330000000000000000e+02
6.610000000000000000e+02,-4.590000000000000000e+02
6.140000000000000000e+02,-5.000000000000000000e+02
5.660000000000000000e+02,-5.480000000000000000e+02
5.190000000000000000e+02,-6.110000000000000000e+02
4.750000000000000000e+02,-6.810000000000000000e+02
4.380000000000000000e+02,-7.590000000000000000e+02
4.080000000000000000e+02,-8.370000000000000000e+02
3.900000000000000000e+02,-9.160000000000000000e+02
3.840000000000000000e+02,-9.840000000000000000e+02
3.930000000000000000e+02,-1.046000000000000000e+03
4.130000000000000000e+02,-1.096000000000000000e+03
4.440000000000000000e+02,-1.131000000000000000e+03
4.850000000000000000e+02,-1.149000000000000000e+03
5.370000000000000000e+02,-1.155000000000000000e+03
5.890000000000000000e+02,-1.152000000000000000e+03
6.510000000000000000e+02,-1.135000000000000000e+03
7.070000000000000000e+02,-1.117000000000000000e+03
7.580000000000000000e+02,-1.096000000000000000e+03
8.040000000000000000e+02,-1.072000000000000000e+03
8.390000000000000000e+02,-1.050000000000000000e+03
