-4.130421645538697728e-01,7.384999270218554068e-01
-4.130421645538697728e-01,7.384999270218554068e-01
-4.571403907613326156e-01,7.665624346084226604e-01
-4.571403907613326156e-01,7.665624346084226604e-01
-4.571403907613326156e-01,7.665624346084226604e-01
-4.571403907613326156e-01,7.665624346084226604e-01
-4.972296873135715334e-01,7.545356456427509961e-01
-4.972296873135715334e-01,7.545356456427509961e-01
-4.972296873135715334e-01,7.545356456427509961e-01
-5.333100542105866371e-01,7.184552787457358924e-01
-5.333100542105866371e-01,7.184552787457358924e-01
-5.333100542105866371e-01,7.184552787457358924e-01
-5.333100542105866371e-01,7.184552787457358924e-01
-5.814172100732732940e-01,6.863838415039447138e-01
-5.814172100732732940e-01,6.863838415039447138e-01
-5.814172100732732940e-01,6.863838415039447138e-01
-5.814172100732732940e-01,6.863838415039447138e-01
-5.814172100732732940e-01,6.863838415039447138e-01
-5.814172100732732940e-01,6.863838415039447138e-01
-5.814172100732732940e-01,6.863838415039447138e-01
-5.252921949001387869e-01,6.783659821934969747e-01
-4.771850390374520745e-01,6.783659821934969747e-01
-4.170510942090936424e-01,6.823749118487208998e-01
-3.448903604150635460e-01,6.863838415039447138e-01
-2.607028376553617299e-01,7.064284897800642282e-01
-1.725063852404360720e-01,7.104374194352881533e-01
-7.228314385983869439e-02,7.224642084009598175e-01
1.992223821031089206e-02,7.224642084009598175e-01
1.121276202804604716e-01,7.264731380561837426e-01
2.003240726953861572e-01,7.144463490905119674e-01
2.845115954550879733e-01,7.024195601248403031e-01
3.606812589043419393e-01,6.863838415039447138e-01
4.208152037327003714e-01,6.663391932278253105e-01
4.809491485610588035e-01,6.462945449517057961e-01
5.250473747685217019e-01,6.262498966755862817e-01
5.651366713207606196e-01,6.142231077099146175e-01
6.012170382177756123e-01,5.981873890890190282e-01
6.372974051147907160e-01,5.901695297785712890e-01
6.372974051147907160e-01,5.901695297785712890e-01
6.894134906327012979e-01,5.701248815024517747e-01
6.894134906327012979e-01,5.701248815024517747e-01
6.894134906327012979e-01,5.701248815024517747e-01
7.254938575297164016e-01,5.139998663293172676e-01
7.254938575297164016e-01,5.139998663293172676e-01
7.054492092535968872e-01,4.739105697770782943e-01
7.054492092535968872e-01,4.739105697770782943e-01
6.533331237356863053e-01,4.258034139143915819e-01
6.172527568386712016e-01,4.057587656382721231e-01
5.731545306312083587e-01,3.776962580517048140e-01
5.170295154580738517e-01,3.456248208099136909e-01
4.488777113192676249e-01,3.055355242576747177e-01
3.646901885595658643e-01,2.454015794293162855e-01
2.644669471789684589e-01,1.812587049457339838e-01
1.482079871774755198e-01,9.707118218603218163e-02
2.794009752075868325e-02,8.568704606587094477e-04
-1.123724404120776399e-01,-9.936637091993866244e-02
-2.446671190344661684e-01,-1.995896123005360401e-01
-3.809707273120785942e-01,-3.038217833363572873e-01
-5.012386169687954585e-01,-4.000360950617307676e-01
-6.054707880046167334e-01,-4.922414771318803783e-01
-6.936672404195424191e-01,-5.684111405811343998e-01
-7.698369038687964405e-01,-6.365629447199405710e-01
-8.259619190419309476e-01,-6.966968895482990032e-01
-8.620422859389459402e-01,-7.407951157557618460e-01
-8.981226528359610439e-01,-7.848933419632246888e-01
-9.261851604225282975e-01,-8.289915681706875317e-01
-9.462298086986478118e-01,-8.730897943781503745e-01
-9.542476680090955510e-01,-9.171880205856132173e-01
-9.662744569747672152e-01,-9.532683874826283210e-01
-9.662744569747672152e-01,-9.532683874826283210e-01
-9.462298086986478118e-01,-1.017411261966210567e+00
-9.462298086986478118e-01,-1.017411261966210567e+00
-8.820869342150654546e-01,-1.061509488173673521e+00
-8.299708486971548727e-01,-1.073536277139345074e+00
-7.618190445583485904e-01,-1.073536277139345074e+00
-6.776315217986468298e-01,-1.069527347484121149e+00
-5.854261397284972190e-01,-1.061509488173673521e+00
-4.771850390374520745e-01,-1.057500558518449596e+00
-3.689439383464069300e-01,-1.049482699208001746e+00
-2.526849783449139353e-01,-1.045473769552777821e+00
-1.324170886881971265e-01,-1.033446980587106268e+00
-2.417598799715195076e-02,-1.021420191621434492e+00
8.807404234911710150e-02,-1.013402332310986642e+00
1.762704947640428010e-01,-1.009393402655762717e+00
2.564490878685207198e-01,-9.973666136900911638e-01
3.205919623521030215e-01,-9.853398247244193886e-01
3.646901885595658643e-01,-9.733130357587477244e-01
4.087884147670287072e-01,-9.572773171378521351e-01
4.087884147670287072e-01,-9.572773171378521351e-01
4.649134299401632142e-01,-9.131790909303892922e-01
4.649134299401632142e-01,-9.131790909303892922e-01
5.009937968371782624e-01,-8.770987240333742996e-01
5.009937968371782624e-01,-8.770987240333742996e-01
5.090116561476261126e-01,-8.410183571363591959e-01
5.090116561476261126e-01,-8.410183571363591959e-01
5.210384451132977768e-01,-7.929112012736725390e-01
5.210384451132977768e-01,-7.568308343766574353e-01
