5.170006451595343666e-01,1.624297272005243542e+00
4.648845596416236736e-01,1.624297272005243542e+00
4.047506148132652415e-01,1.648350849936586870e+00
2.764648658461006381e-01,1.624297272005243542e+00
1.120987499819209310e-01,1.588216905108228438e+00
-3.623164726136317987e-02,1.536100819590317856e+00
-2.446959893330057090e-01,1.431868648554496692e+00
-4.130710348524093134e-01,1.323627547863451381e+00
-6.014907286479324044e-01,1.171288220964943338e+00
-7.377943369255447470e-01,1.026966753376883146e+00
-8.660800858927094614e-01,8.465649188918079604e-01
-9.302229603762917076e-01,6.661630844067326640e-01
-9.703122569285307364e-01,4.737344609559857034e-01
-9.502676086524112220e-01,3.093683450918059963e-01
-9.141872417553961183e-01,1.450022292276263169e-01
-8.340086486509182828e-01,1.671648026046167884e-02
-7.458121962359925972e-01,-7.949783146491179453e-02
-6.295532362344996580e-01,-1.316139169828224320e-01
-5.132942762330067188e-01,-1.436407059484941240e-01
-4.050531755419615187e-01,-1.035514093962551646e-01
-2.928031451956924491e-01,-1.134602732610558683e-02
-1.965888334703189688e-01,1.169397216410590495e-01
-1.043834514001693858e-01,2.732879781947909481e-01
-3.222271760613928254e-02,4.657166016455379087e-01
2.390229756699524533e-02,6.581452250962848138e-01
7.601838308490588281e-02,8.505738485470317745e-01
1.321433982580404176e-01,1.026966753376883146e+00
1.922773430863988220e-01,1.167279291309719413e+00
2.564202175699811792e-01,1.255475743724645099e+00
3.365988106744590702e-01,1.287547180966436278e+00
4.288041927446086254e-01,1.263493603035092949e+00
5.290274341252060308e-01,1.167279291309719413e+00
6.452863941266989700e-01,1.010931034755987667e+00
7.615453541281919092e-01,8.104845519947928567e-01
8.577596658535653340e-01,5.579219837156874640e-01
9.459561182684911307e-01,2.732879781947909481e-01
9.900543444759539735e-01,-5.945318318879232872e-02
1.014107922407297302e+00,-3.841764852619278248e-01
9.820364851655061234e-01,-7.409712245768544925e-01
9.299203996475955414e-01,-1.069703456305213907e+00
8.136614396461024912e-01,-1.394426758378349396e+00
6.933935499893857379e-01,-1.679060763899245856e+00
5.410542230908776951e-01,-1.931623332178351360e+00
3.806970368819219130e-01,-2.128060885284321913e+00
2.083130617072944113e-01,-2.260355563906710774e+00
3.993801618789082769e-02,-2.332516297700740537e+00
-1.164102403658410778e-01,-2.344543086666412535e+00
-2.807763562300207849e-01,-2.324498438390293131e+00
-3.769906679553942652e-01,-2.240310915630591371e+00
-4.772139093359916151e-01,-2.156123392870889166e+00
-5.694192914061412258e-01,-2.047882292179844299e+00
-6.295532362344996580e-01,-1.915587613557455660e+00
-6.856782514076341650e-01,-1.763248286658947617e+00
