2.369835631632353778e-01,1.572210868077806190e+00
2.369835631632353778e-01,1.572210868077806190e+00
2.369835631632353778e-01,1.572210868077806190e+00
2.369835631632353778e-01,1.572210868077806190e+00
2.369835631632353778e-01,1.572210868077806190e+00
2.369835631632353778e-01,1.572210868077806190e+00
2.369835631632353778e-01,1.572210868077806190e+00
2.850907190259221458e-01,1.520094782559895386e+00
2.810817893706982207e-01,1.447934048765865400e+00
2.690550004050265565e-01,1.331675088764372461e+00
2.490103521289070698e-01,1.191362550831536193e+00
2.249567741975637136e-01,1.010960716346460897e+00
2.009031962662203297e-01,8.065053039300421611e-01
1.768496183348769735e-01,5.579516653061606934e-01
1.527960404035335895e-01,3.093980266822792258e-01
1.367603217826380280e-01,4.480866943750214104e-02
1.247335328169663360e-01,-2.037449691863793544e-01
1.167156735065185413e-01,-4.442807484998130274e-01
1.127067438512946440e-01,-6.607629498819033165e-01
1.167156735065185413e-01,-8.491826436774264630e-01
1.247335328169663360e-01,-1.001521970575934395e+00
1.287424624721902333e-01,-1.109763071266979706e+00
1.367603217826380280e-01,-1.193950594026681467e+00
1.367603217826380280e-01,-1.254084538855039899e+00
1.367603217826380280e-01,-1.254084538855039899e+00
1.367603217826380280e-01,-1.254084538855039899e+00
1.367603217826380280e-01,-1.254084538855039899e+00
5.658172867816011614e-02,-1.218004171958024795e+00
4.567135050255877854e-04,-1.169897016095337916e+00
-7.170402028900452196e-02,-1.137825578853546959e+00
-1.599004727039302076e-01,-1.101745211956531856e+00
-2.761594327054231468e-01,-1.097736282301307931e+00
-3.964273223621400111e-01,-1.097736282301307931e+00
-5.287220009845285951e-01,-1.121789860232651259e+00
-6.610166796069171236e-01,-1.169897016095337916e+00
-7.893024285740817270e-01,-1.230030960923696348e+00
-8.975435292651269270e-01,-1.306200624372950481e+00
-1.001775700300948202e+00,-1.386379217477428316e+00
-1.077945363750202112e+00,-1.470566740237130077e+00
-1.138079308578560545e+00,-1.566781051962503613e+00
-1.182177534786023498e+00,-1.658986434032653223e+00
-1.218257901683038380e+00,-1.747182886447578909e+00
-1.238302549959158005e+00,-1.863441846449071848e+00
-1.254338268580053484e+00,-1.991727595416236563e+00
-1.254338268580053484e+00,-2.124022274038625202e+00
-1.242311479614381931e+00,-2.264334811971461470e+00
-1.214248972027814677e+00,-2.400638420249073590e+00
-1.166141816165127798e+00,-2.528924169216238305e+00
-1.085963223060649963e+00,-2.637165269907283616e+00
-9.777221223696047625e-01,-2.753424229908776333e+00
-8.374095844367684949e-01,-2.817567104392358690e+00
-6.810613278830365269e-01,-2.877701049220717344e+00
-5.006594933979612305e-01,-2.913781416117732448e+00
-3.242665885681099147e-01,-2.933826064393851851e+00
-1.478736837382585156e-01,-2.933826064393851851e+00
3.252815074681674606e-02,-2.909772486462508301e+00
2.209478445423398163e-01,-2.889727838186388897e+00
3.331978748886088582e-01,-2.873692119565493197e+00
4.614836238557735171e-01,-2.805540315426687137e+00
5.336443576498035579e-01,-2.777477807840119883e+00
