-2.521684701096087888e+00,-1.945078310346427752e+00
-2.521684701096087888e+00,-1.945078310346427752e+00
-2.597854364545341799e+00,-1.945078310346427752e+00
-2.597854364545341799e+00,-1.945078310346427752e+00
-2.549747208682655142e+00,-1.892962224828516948e+00
-2.497631123164744338e+00,-1.844855068965830291e+00
-2.357318585231908070e+00,-1.688506812412098324e+00
-2.217006047299071803e+00,-1.512113907582246952e+00
-2.004532775572205328e+00,-1.227479902061350492e+00
-1.784041644534891224e+00,-9.067655296434389278e-01
-1.511434427979666317e+00,-5.098814937762733424e-01
-1.250854000390113185e+00,-7.290816135686875588e-02
-9.862646431453360174e-01,3.961366083043269537e-01
-7.537467231423501390e-01,8.571635186550748964e-01
-5.573091700363792533e-01,1.286118991764031660e+00
-3.969519838274234713e-01,1.634895871768510478e+00
-2.887108831363783268e-01,1.931556666255078714e+00
-2.285769383080198947e-01,2.132003149016273635e+00
-2.045233603766765385e-01,2.248262109017766353e+00
-2.045233603766765385e-01,2.248262109017766353e+00
-2.726751645154827375e-01,2.107949571084930085e+00
-3.368180389990650392e-01,1.859395932461048506e+00
-4.049698431378712660e-01,1.522645841422241464e+00
-4.771305769319013623e-01,1.121752875899851842e+00
-5.332555921050359249e-01,6.927974027908951893e-01
-5.733448886572748426e-01,2.598330000267145001e-01
-5.813627479677226928e-01,-1.530867544613466469e-01
-5.613180996916031784e-01,-5.138904234314971564e-01
-4.971752252080208767e-01,-7.824887103314981385e-01
-3.929430541721996017e-01,-9.548726855061255847e-01
-2.406037272736915866e-01,-1.015006630334484017e+00
-6.421082244384021531e-02,-9.749173337822450991e-01
1.442535196278023346e-01,-8.466315848150804957e-01
3.647446506651165210e-01,-6.582118910195574601e-01
5.812268520472069211e-01,-4.256939710165715263e-01
7.856822644636255459e-01,-1.410599654956749827e-01
9.741019582591485815e-01,1.756454772670127396e-01
1.122432355502432699e+00,4.883419903744765089e-01
1.234682385848701713e+00,7.769849255505969499e-01
1.298825260332284071e+00,1.013511775208806753e+00
1.322878838263627399e+00,1.201931469004329900e+00
1.318869908608403474e+00,1.322199358661046764e+00
1.318869908608403474e+00,1.322199358661046764e+00
1.226664526538253863e+00,1.322199358661046764e+00
1.166530581709895431e+00,1.181886820728210274e+00
1.098378777571089371e+00,9.654046193461199854e-01
1.050271621708402492e+00,7.048241917565668535e-01
1.022209114121835238e+00,3.841098193386552895e-01
1.034235903087507014e+00,5.938651726551977955e-02
1.074325199639746042e+00,-2.493010661867201272e-01
1.166530581709895431e+00,-5.138904234314971564e-01
1.286798471366612295e+00,-7.383904841240352956e-01
1.451164587230792113e+00,-8.827119517120954884e-01
1.631566421715867410e+00,-9.668994744717973600e-01
1.872102201029301138e+00,-9.749173337822450991e-01
2.096602261721839167e+00,-9.147833889538866670e-01
2.277004096206914241e+00,-8.305958661941849064e-01
2.461414860347213462e+00,-6.942922579165724528e-01
2.585691679659154474e+00,-5.499707903285122601e-01
