-4.478899562497832276e-01,-2.426327579023196124e-01
-4.478899562497832276e-01,-2.426327579023196124e-01
-4.478899562497832276e-01,-2.426327579023196124e-01
-4.358631672841115079e-01,-1.824988130739611802e-01
-3.757292224557530758e-01,-1.865077427291850776e-01
-3.035684886617229794e-01,-2.105613206605284338e-01
-1.993363176259017322e-01,-2.185791799709762284e-01
-9.510414659008045724e-02,-2.546595468679913044e-01
2.516374306663639315e-02,-2.706952654888868937e-01
1.374137734129054489e-01,-3.067756323859019418e-01
2.536727334143983881e-01,-3.308292103172452703e-01
3.699316934158913828e-01,-3.388470696276930649e-01
4.781727941069365273e-01,-3.188024213515736061e-01
4.781727941069365273e-01,-3.188024213515736061e-01
6.064585430741011862e-01,-2.947488434202302221e-01
6.064585430741011862e-01,-2.947488434202302221e-01
