1.116000000000000000e+03,-1.513000000000000000e+03
1.102000000000000000e+03,-1.483000000000000000e+03
1.091000000000000000e+03,-1.469000000000000000e+03
1.084000000000000000e+03,-1.454000000000000000e+03
1.081000000000000000e+03,-1.436000000000000000e+03
1.081000000000000000e+03,-1.436000000000000000e+03
1.081000000000000000e+03,-1.436000000000000000e+03
1.073000000000000000e+03,-1.450000000000000000e+03
1.082000000000000000e+03,-1.469000000000000000e+03
1.094000000000000000e+03,-1.504000000000000000e+03
1.111000000000000000e+03,-1.546000000000000000e+03
1.125000000000000000e+03,-1.598000000000000000e+03
1.138000000000000000e+03,-1.656000000000000000e+03
1.149000000000000000e+03,-1.718000000000000000e+03
1.150000000000000000e+03,-1.777000000000000000e+03
1.147000000000000000e+03,-1.831000000000000000e+03
1.138000000000000000e+03,-1.881000000000000000e+03
1.119000000000000000e+03,-1.922000000000000000e+03
1.088000000000000000e+03,-1.952000000000000000e+03
1.054000000000000000e+03,-1.974000000000000000e+03
1.013000000000000000e+03,-1.986000000000000000e+03
9.690000000000000000e+02,-1.989000000000000000e+03
9.240000000000000000e+02,-1.986000000000000000e+03
8.820000000000000000e+02,-1.980000000000000000e+03
8.410000000000000000e+02,-1.971000000000000000e+03
8.080000000000000000e+02,-1.962000000000000000e+03
7.790000000000000000e+02,-1.953000000000000000e+03
7.660000000000000000e+02,-1.941000000000000000e+03
7.660000000000000000e+02,-1.941000000000000000e+03
7.660000000000000000e+02,-1.941000000000000000e+03
7.790000000000000000e+02,-1.931000000000000000e+03
8.020000000000000000e+02,-1.926000000000000000e+03
8.340000000000000000e+02,-1.919000000000000000e+03
