-5.690878344280752010e-01,6.994005702995665930e-01
-5.690878344280752010e-01,6.994005702995665930e-01
-5.289985378758361723e-01,6.673291330577754144e-01
-5.289985378758361723e-01,6.673291330577754144e-01
-4.728735227027016652e-01,6.793559220234470786e-01
-4.367931558056866170e-01,6.793559220234470786e-01
-3.846770702877759796e-01,6.793559220234470786e-01
-3.445877737355370618e-01,6.633202034025514893e-01
-2.764359695967308350e-01,6.553023440921037501e-01
-2.203109544235963002e-01,6.432755551264320859e-01
-1.321145020086706146e-01,6.432755551264320859e-01
-5.193590890419271661e-02,6.392666254712081608e-01
4.828733247640465409e-02,6.432755551264320859e-01
1.485105738570020317e-01,6.432755551264320859e-01
2.567516745480472040e-01,6.633202034025514893e-01
3.529659862734206843e-01,6.753469923682232645e-01
4.531892276540180342e-01,6.793559220234470786e-01
5.413856800689437199e-01,6.873737813338949287e-01
6.135464138629738162e-01,6.913827109891188538e-01
6.776892883465561734e-01,6.913827109891188538e-01
7.298053738644667554e-01,6.793559220234470786e-01
7.658857407614818591e-01,6.793559220234470786e-01
7.658857407614818591e-01,6.793559220234470786e-01
8.099839669689447019e-01,6.793559220234470786e-01
8.099839669689447019e-01,6.793559220234470786e-01
8.099839669689447019e-01,6.793559220234470786e-01
8.019661076584968518e-01,7.274630778861338465e-01
7.658857407614818591e-01,7.274630778861338465e-01
