8.890000000000000000e+02,-1.194000000000000000e+03
8.920000000000000000e+02,-1.181000000000000000e+03
8.920000000000000000e+02,-1.181000000000000000e+03
8.920000000000000000e+02,-1.181000000000000000e+03
8.890000000000000000e+02,-1.196000000000000000e+03
8.850000000000000000e+02,-1.217000000000000000e+03
8.880000000000000000e+02,-1.239000000000000000e+03
8.830000000000000000e+02,-1.280000000000000000e+03
8.860000000000000000e+02,-1.322000000000000000e+03
8.800000000000000000e+02,-1.383000000000000000e+03
8.820000000000000000e+02,-1.443000000000000000e+03
8.760000000000000000e+02,-1.512000000000000000e+03
8.760000000000000000e+02,-1.574000000000000000e+03
8.710000000000000000e+02,-1.636000000000000000e+03
8.700000000000000000e+02,-1.687000000000000000e+03
8.680000000000000000e+02,-1.731000000000000000e+03
8.650000000000000000e+02,-1.763000000000000000e+03
8.700000000000000000e+02,-1.779000000000000000e+03
8.700000000000000000e+02,-1.779000000000000000e+03
8.760000000000000000e+02,-1.766000000000000000e+03
8.880000000000000000e+02,-1.731000000000000000e+03
8.920000000000000000e+02,-1.690000000000000000e+03
9.030000000000000000e+02,-1.635000000000000000e+03
