6.695867031284676030e-02,1.276175940246272900e+00
6.695867031284676030e-02,1.356354533350750735e+00
6.695867031284676030e-02,1.356354533350750735e+00
1.030390372098618224e-01,1.452568845076124271e+00
1.992533489352353027e-01,1.476622423007467599e+00
2.834408716949370910e-01,1.492658141628363300e+00
4.357801985934450784e-01,1.536756367835826032e+00
5.881195254919531212e-01,1.548783156801497807e+00
7.725302896322522317e-01,1.584863523698512910e+00
9.609499834277753783e-01,1.620943890595527792e+00
1.197476833085985071e+00,1.689095694734334074e+00
1.389905456536732142e+00,1.737202850597020731e+00
1.590351939297926842e+00,1.833417162322394267e+00
