-9.945229336997739589e-01,5.812177052064029237e-01
-9.945229336997739589e-01,5.812177052064029237e-01
-8.662371847326093555e-01,5.371194789989400808e-01
-7.579960840415641554e-01,5.611730569302835203e-01
-6.657907019714146557e-01,6.052712831377463631e-01
-5.094424454176826877e-01,7.375659617601348916e-01
-3.771477667952941593e-01,8.698606403825234201e-01
-2.248084398967861719e-01,1.074316052798942156e+00
-8.048697230872596531e-02,1.302825043146704109e+00
5.982556562411036477e-02,1.583450119012376645e+00
1.800934552808272082e-01,1.872093054188497030e+00
2.562631187300812297e-01,2.136682411433274087e+00
3.244149228688874009e-01,2.393253909367603516e+00
3.324327821793351956e-01,2.589691462473574290e+00
3.204059932136635314e-01,2.742030789372082555e+00
2.763077670062006885e-01,2.802164734200440765e+00
1.961291739017227975e-01,2.802164734200440765e+00
9.991486217634931721e-02,2.766084367303425662e+00
-8.326238514695851606e-03,2.657843266612380351e+00
-1.045405502400693354e-01,2.505503939713872530e+00
-2.087727212758906103e-01,2.301048527297453905e+00
-2.608888067938012201e-01,2.048485959018348623e+00
-3.170138219669357826e-01,1.731780516255660762e+00
-3.170138219669357826e-01,1.387012565906405870e+00
-2.849423847251446040e-01,9.781017410735686202e-01
-1.967459323102189184e-01,4.689676748601339096e-01
-6.846018334305427333e-02,-7.223782859509189636e-02
8.387914355545372791e-02,-6.655594175682283398e-01
2.322095407987378457e-01,-1.274916725162260400e+00
3.725220787315741688e-01,-1.856211525169725096e+00
4.687363904569476492e-01,-2.361336661727936104e+00
5.168435463196343616e-01,-2.798309994147340607e+00
4.927899683882910331e-01,-3.123033296220476096e+00
4.045935159733653474e-01,-3.335506567947342571e+00
2.562631187300812297e-01,-3.431720879672715885e+00
6.383449527933425516e-02,-3.403658372086148631e+00
-1.326030578266365889e-01,-3.263345834153312364e+00
-3.290406109326074469e-01,-3.026818984495102338e+00
-4.733620785206676396e-01,-2.750202838284653506e+00
-5.655674605908171948e-01,-2.417461676901070611e+00
-5.695763902460411199e-01,-2.068684796896591571e+00
-5.254781640385782771e-01,-1.715898987236888829e+00
-4.292638523132047967e-01,-1.379148896198081564e+00
-2.849423847251446040e-01,-1.062443453435393925e+00
-9.251376127439764341e-02,-7.858273072249452040e-01
1.440130883838121600e-01,-5.813718948085265792e-01
4.166203049390370117e-01,-4.250236382547946667e-01
6.451292952867989650e-01,-3.288093265294211864e-01
8.576025670136654400e-01,-2.245771554935999115e-01
1.062057979430084176e+00,-1.443985623891219927e-01
1.226424095294263772e+00,-8.426461756076357446e-02
1.350700914606204561e+00,-3.615746169807684124e-02
