-6.579183045497631888e-01,-8.433123910583246730e-01
-6.579183045497631888e-01,-8.433123910583246730e-01
-6.579183045497631888e-01,-8.433123910583246730e-01
-5.737307817900613172e-01,-8.713748986448919265e-01
-4.895432590303595566e-01,-8.914195469210113298e-01
-3.732842990288666174e-01,-9.274999138180264335e-01
-2.209449721303586023e-01,-9.395267027836980978e-01
-7.261457488707448449e-02,-9.756070696807132014e-01
1.037783299427769007e-01,-9.876338586463848657e-01
2.841801644278521555e-01,-1.011687436577728194e+00
4.525552099472557321e-01,-1.019705295888176044e+00
6.289481147771071035e-01,-9.996606476120565299e-01
7.812874416756151463e-01,-9.876338586463848657e-01
8.654749644353169069e-01,-9.836249289911609406e-01
9.737160651263621070e-01,-9.194820545075786944e-01
9.737160651263621070e-01,-9.194820545075786944e-01
