7.190000000000000000e+02,-1.303000000000000000e+03
6.740000000000000000e+02,-1.300000000000000000e+03
6.510000000000000000e+02,-1.295000000000000000e+03
6.510000000000000000e+02,-1.295000000000000000e+03
6.510000000000000000e+02,-1.295000000000000000e+03
6.780000000000000000e+02,-1.298000000000000000e+03
7.250000000000000000e+02,-1.301000000000000000e+03
7.940000000000000000e+02,-1.298000000000000000e+03
8.790000000000000000e+02,-1.295000000000000000e+03
9.680000000000000000e+02,-1.292000000000000000e+03
1.067000000000000000e+03,-1.289000000000000000e+03
1.176000000000000000e+03,-1.276000000000000000e+03
1.277000000000000000e+03,-1.264000000000000000e+03
1.375000000000000000e+03,-1.239000000000000000e+03
