-5.590324459646258681e-01,1.533714130437890732e+00
-5.590324459646258681e-01,1.533714130437890732e+00
-5.590324459646258681e-01,1.533714130437890732e+00
-5.590324459646258681e-01,1.533714130437890732e+00
-5.830860238959691966e-01,1.369348014573711136e+00
-6.071396018273125250e-01,1.176919391122964065e+00
-5.870949535511931217e-01,9.724639787065454399e-01
-6.111485314825364501e-01,6.677853249095294652e-01
-5.991217425168647859e-01,3.751334600781851547e-01
-6.071396018273125250e-01,2.234765041848239125e-02
-5.991217425168647859e-01,-3.023756516546530770e-01
-5.951128128616408608e-01,-6.070543054516691628e-01
-5.991217425168647859e-01,-8.836704516621178840e-01
-5.830860238959691966e-01,-1.084116934423312584e+00
-6.071396018273125250e-01,-1.264518768908387880e+00
-6.071396018273125250e-01,-1.348706291668089641e+00
-6.071396018273125250e-01,-1.348706291668089641e+00
-6.071396018273125250e-01,-1.348706291668089641e+00
-6.352021094138798896e-01,-1.292581276494955134e+00
