-1.375165664809878452e+00,-1.005830171188866640e+00
-1.375165664809878452e+00,-1.005830171188866640e+00
-1.339085297912863348e+00,-9.376783670500603574e-01
-1.319040649636743945e+00,-8.735354925664780001e-01
-1.290978142050176691e+00,-7.933568994620001646e-01
-1.258906704808385513e+00,-7.011515173918505539e-01
-1.198772759980027081e+00,-5.688568387694620254e-01
-1.138638815151668648e+00,-4.445800194575212916e-01
-1.058460222047190813e+00,-2.721960442828937898e-01
-9.983262772188323808e-01,-1.118388580739380078e-01
-9.141387544591306202e-01,8.459869503203285013e-02
-8.620226689412199272e-01,2.569826702066603241e-01
-7.898619351471898309e-01,4.413934343469594901e-01
-7.577904979053986523e-01,5.776970426245718881e-01
-7.217101310083836596e-01,6.979649322812887524e-01
-7.297279903188313988e-01,7.781435253857666989e-01
-7.297279903188313988e-01,7.781435253857666989e-01
-7.297279903188313988e-01,7.781435253857666989e-01
-7.778351461815181667e-01,7.180095805574082668e-01
-8.058976537680854202e-01,5.776970426245718881e-01
-8.299512316994287486e-01,4.093219971051683115e-01
-8.499958799755482630e-01,2.088755143439735840e-01
-8.499958799755482630e-01,-3.597757382892841603e-03
-8.419780206651004129e-01,-2.240888884202070497e-01
-8.058976537680854202e-01,-4.325532304918495718e-01
-7.577904979053986523e-01,-6.009282760112532040e-01
-6.856297641113685559e-01,-7.252050953231938824e-01
-6.014422413516667953e-01,-8.093926180828957540e-01
-5.052279296262932595e-01,-8.414640553246869326e-01
-4.090136179009198347e-01,-8.534908442903585968e-01
-3.127993061755463544e-01,-8.093926180828957540e-01
-2.205939241053967437e-01,-7.612854622202089860e-01
-1.243796123800232772e-01,-6.891247284261788897e-01
-4.019208962032148197e-02,-6.049372056664771291e-01
4.399543313938030636e-02,-5.047139642858796682e-01
1.161561669334104235e-01,-3.924639339396106541e-01
1.843079710722166364e-01,-2.721960442828937898e-01
2.444419159005750408e-01,-1.399013656605052613e-01
3.005669310737095756e-01,-1.562454634856452577e-02
3.406562276259485489e-01,1.206790619290478983e-01
3.727276648677396720e-01,2.449558812409886321e-01
3.887633834886352613e-01,3.612148412424815991e-01
4.007901724543069810e-01,4.574291529678550794e-01
4.007901724543069810e-01,5.295898867618852313e-01
4.007901724543069810e-01,5.295898867618852313e-01
4.007901724543069810e-01,5.295898867618852313e-01
4.007901724543069810e-01,5.295898867618852313e-01
4.007901724543069810e-01,5.295898867618852313e-01
3.607008759020680078e-01,4.253577157260639008e-01
3.607008759020680078e-01,3.291434040006904205e-01
3.607008759020680078e-01,2.088755143439735840e-01
3.647098055572918773e-01,7.257190606636115815e-02
3.727276648677396720e-01,-7.575849117692294576e-02
3.887633834886352613e-01,-2.441335366963265363e-01
4.088080317647547202e-01,-4.004817932500584488e-01
4.328616096960981041e-01,-5.568300498037903612e-01
4.569151876274414881e-01,-7.011515173918505539e-01
4.849776952140087416e-01,-8.494819146351346717e-01
5.290759214214716399e-01,-9.697498042918515360e-01
5.771830772841582968e-01,-1.081999834638120550e+00
6.333080924572929149e-01,-1.166187357397822311e+00
6.974509669408751611e-01,-1.214294513260509190e+00
7.696117007349052574e-01,-1.246365950502300368e+00
8.537992234946071290e-01,-1.234339161536628593e+00
9.219510276334133003e-01,-1.214294513260509190e+00
1.014156409703562911e+00,-1.130106990500807207e+00
1.062263565566249568e+00,-1.045919467741105446e+00
1.090326073152816821e+00,-9.617319449814036858e-01
1.122397510394608000e+00,-8.534908442903585968e-01
1.126406440049831925e+00,-7.452497435993133967e-01
