7.310000000000000000e+02,-1.331000000000000000e+03
7.310000000000000000e+02,-1.331000000000000000e+03
7.310000000000000000e+02,-1.331000000000000000e+03
7.310000000000000000e+02,-1.331000000000000000e+03
7.370000000000000000e+02,-1.346000000000000000e+03
7.370000000000000000e+02,-1.346000000000000000e+03
7.370000000000000000e+02,-1.346000000000000000e+03
7.370000000000000000e+02,-1.346000000000000000e+03
7.370000000000000000e+02,-1.346000000000000000e+03
7.450000000000000000e+02,-1.361000000000000000e+03
7.480000000000000000e+02,-1.376000000000000000e+03
7.490000000000000000e+02,-1.399000000000000000e+03
7.520000000000000000e+02,-1.427000000000000000e+03
7.570000000000000000e+02,-1.463000000000000000e+03
7.600000000000000000e+02,-1.501000000000000000e+03
7.630000000000000000e+02,-1.545000000000000000e+03
7.640000000000000000e+02,-1.587000000000000000e+03
7.660000000000000000e+02,-1.631000000000000000e+03
7.660000000000000000e+02,-1.671000000000000000e+03
7.640000000000000000e+02,-1.709000000000000000e+03
7.630000000000000000e+02,-1.742000000000000000e+03
7.600000000000000000e+02,-1.774000000000000000e+03
7.580000000000000000e+02,-1.803000000000000000e+03
7.540000000000000000e+02,-1.828000000000000000e+03
7.510000000000000000e+02,-1.851000000000000000e+03
7.450000000000000000e+02,-1.869000000000000000e+03
7.430000000000000000e+02,-1.882000000000000000e+03
7.430000000000000000e+02,-1.882000000000000000e+03
7.340000000000000000e+02,-1.897000000000000000e+03
7.340000000000000000e+02,-1.897000000000000000e+03
7.340000000000000000e+02,-1.897000000000000000e+03
7.250000000000000000e+02,-1.881000000000000000e+03
7.250000000000000000e+02,-1.864000000000000000e+03
7.250000000000000000e+02,-1.840000000000000000e+03
7.250000000000000000e+02,-1.812000000000000000e+03
7.280000000000000000e+02,-1.777000000000000000e+03
7.330000000000000000e+02,-1.739000000000000000e+03
7.390000000000000000e+02,-1.700000000000000000e+03
7.450000000000000000e+02,-1.659000000000000000e+03
7.520000000000000000e+02,-1.619000000000000000e+03
7.610000000000000000e+02,-1.578000000000000000e+03
7.700000000000000000e+02,-1.542000000000000000e+03
7.790000000000000000e+02,-1.509000000000000000e+03
7.880000000000000000e+02,-1.475000000000000000e+03
7.960000000000000000e+02,-1.448000000000000000e+03
8.030000000000000000e+02,-1.423000000000000000e+03
8.130000000000000000e+02,-1.399000000000000000e+03
8.200000000000000000e+02,-1.379000000000000000e+03
8.290000000000000000e+02,-1.359000000000000000e+03
8.380000000000000000e+02,-1.344000000000000000e+03
8.490000000000000000e+02,-1.331000000000000000e+03
8.490000000000000000e+02,-1.331000000000000000e+03
8.710000000000000000e+02,-1.313000000000000000e+03
8.850000000000000000e+02,-1.310000000000000000e+03
8.980000000000000000e+02,-1.308000000000000000e+03
9.140000000000000000e+02,-1.310000000000000000e+03
9.270000000000000000e+02,-1.313000000000000000e+03
9.440000000000000000e+02,-1.320000000000000000e+03
9.600000000000000000e+02,-1.331000000000000000e+03
9.770000000000000000e+02,-1.340000000000000000e+03
9.900000000000000000e+02,-1.352000000000000000e+03
1.005000000000000000e+03,-1.365000000000000000e+03
1.016000000000000000e+03,-1.379000000000000000e+03
1.024000000000000000e+03,-1.394000000000000000e+03
1.028000000000000000e+03,-1.412000000000000000e+03
1.027000000000000000e+03,-1.429000000000000000e+03
1.022000000000000000e+03,-1.447000000000000000e+03
1.012000000000000000e+03,-1.466000000000000000e+03
9.990000000000000000e+02,-1.485000000000000000e+03
9.800000000000000000e+02,-1.501000000000000000e+03
9.620000000000000000e+02,-1.516000000000000000e+03
9.440000000000000000e+02,-1.528000000000000000e+03
9.260000000000000000e+02,-1.537000000000000000e+03
9.090000000000000000e+02,-1.543000000000000000e+03
8.950000000000000000e+02,-1.546000000000000000e+03
8.820000000000000000e+02,-1.546000000000000000e+03
8.820000000000000000e+02,-1.546000000000000000e+03
8.820000000000000000e+02,-1.546000000000000000e+03
8.650000000000000000e+02,-1.548000000000000000e+03
8.650000000000000000e+02,-1.548000000000000000e+03
8.650000000000000000e+02,-1.548000000000000000e+03
8.650000000000000000e+02,-1.548000000000000000e+03
8.800000000000000000e+02,-1.563000000000000000e+03
8.940000000000000000e+02,-1.569000000000000000e+03
9.080000000000000000e+02,-1.575000000000000000e+03
9.270000000000000000e+02,-1.582000000000000000e+03
9.480000000000000000e+02,-1.590000000000000000e+03
9.740000000000000000e+02,-1.598000000000000000e+03
9.990000000000000000e+02,-1.608000000000000000e+03
1.027000000000000000e+03,-1.622000000000000000e+03
1.051000000000000000e+03,-1.637000000000000000e+03
1.075000000000000000e+03,-1.655000000000000000e+03
1.096000000000000000e+03,-1.676000000000000000e+03
1.113000000000000000e+03,-1.697000000000000000e+03
1.123000000000000000e+03,-1.723000000000000000e+03
1.128000000000000000e+03,-1.750000000000000000e+03
1.129000000000000000e+03,-1.774000000000000000e+03
1.123000000000000000e+03,-1.800000000000000000e+03
1.116000000000000000e+03,-1.822000000000000000e+03
1.100000000000000000e+03,-1.843000000000000000e+03
1.082000000000000000e+03,-1.861000000000000000e+03
1.058000000000000000e+03,-1.878000000000000000e+03
1.034000000000000000e+03,-1.890000000000000000e+03
1.004000000000000000e+03,-1.897000000000000000e+03
9.740000000000000000e+02,-1.903000000000000000e+03
9.380000000000000000e+02,-1.907000000000000000e+03
9.040000000000000000e+02,-1.910000000000000000e+03
8.670000000000000000e+02,-1.911000000000000000e+03
8.350000000000000000e+02,-1.911000000000000000e+03
8.050000000000000000e+02,-1.911000000000000000e+03
7.790000000000000000e+02,-1.913000000000000000e+03
7.600000000000000000e+02,-1.911000000000000000e+03
7.600000000000000000e+02,-1.911000000000000000e+03
7.420000000000000000e+02,-1.914000000000000000e+03
7.420000000000000000e+02,-1.914000000000000000e+03
7.570000000000000000e+02,-1.908000000000000000e+03
