3.210000000000000000e+02,-2.360000000000000000e+02
3.230000000000000000e+02,-2.260000000000000000e+02
3.260000000000000000e+02,-2.150000000000000000e+02
3.300000000000000000e+02,-2.060000000000000000e+02
3.300000000000000000e+02,-2.060000000000000000e+02
3.300000000000000000e+02,-2.060000000000000000e+02
3.180000000000000000e+02,-2.090000000000000000e+02
3.180000000000000000e+02,-2.090000000000000000e+02
3.090000000000000000e+02,-2.360000000000000000e+02
3.020000000000000000e+02,-2.570000000000000000e+02
2.930000000000000000e+02,-2.840000000000000000e+02
2.870000000000000000e+02,-3.150000000000000000e+02
2.840000000000000000e+02,-3.470000000000000000e+02
2.810000000000000000e+02,-3.800000000000000000e+02
2.880000000000000000e+02,-4.020000000000000000e+02
2.970000000000000000e+02,-4.200000000000000000e+02
3.140000000000000000e+02,-4.300000000000000000e+02
3.340000000000000000e+02,-4.320000000000000000e+02
3.570000000000000000e+02,-4.260000000000000000e+02
