4.670000000000000000e+02,-4.410000000000000000e+02
4.670000000000000000e+02,-4.410000000000000000e+02
4.670000000000000000e+02,-4.410000000000000000e+02
4.630000000000000000e+02,-4.630000000000000000e+02
4.580000000000000000e+02,-4.930000000000000000e+02
4.450000000000000000e+02,-5.420000000000000000e+02
4.330000000000000000e+02,-5.970000000000000000e+02
4.160000000000000000e+02,-6.680000000000000000e+02
4.000000000000000000e+02,-7.470000000000000000e+02
3.840000000000000000e+02,-8.280000000000000000e+02
3.660000000000000000e+02,-9.110000000000000000e+02
3.550000000000000000e+02,-9.810000000000000000e+02
3.400000000000000000e+02,-1.052000000000000000e+03
3.330000000000000000e+02,-1.105000000000000000e+03
3.300000000000000000e+02,-1.147000000000000000e+03
3.240000000000000000e+02,-1.174000000000000000e+03
3.240000000000000000e+02,-1.174000000000000000e+03
