5.430000000000000000e+02,-1.168000000000000000e+03
5.320000000000000000e+02,-1.157000000000000000e+03
5.330000000000000000e+02,-1.148000000000000000e+03
5.330000000000000000e+02,-1.148000000000000000e+03
5.340000000000000000e+02,-1.129000000000000000e+03
5.510000000000000000e+02,-1.116000000000000000e+03
5.700000000000000000e+02,-1.112000000000000000e+03
5.960000000000000000e+02,-1.108000000000000000e+03
6.270000000000000000e+02,-1.105000000000000000e+03
6.590000000000000000e+02,-1.108000000000000000e+03
6.970000000000000000e+02,-1.112000000000000000e+03
7.400000000000000000e+02,-1.113000000000000000e+03
7.800000000000000000e+02,-1.118000000000000000e+03
8.220000000000000000e+02,-1.119000000000000000e+03
