7.310000000000000000e+02,-1.299000000000000000e+03
7.310000000000000000e+02,-1.299000000000000000e+03
7.160000000000000000e+02,-1.281000000000000000e+03
7.160000000000000000e+02,-1.281000000000000000e+03
7.160000000000000000e+02,-1.281000000000000000e+03
7.010000000000000000e+02,-1.281000000000000000e+03
6.900000000000000000e+02,-1.301000000000000000e+03
6.830000000000000000e+02,-1.319000000000000000e+03
6.740000000000000000e+02,-1.359000000000000000e+03
6.720000000000000000e+02,-1.396000000000000000e+03
6.680000000000000000e+02,-1.442000000000000000e+03
6.710000000000000000e+02,-1.486000000000000000e+03
6.750000000000000000e+02,-1.528000000000000000e+03
6.870000000000000000e+02,-1.557000000000000000e+03
7.020000000000000000e+02,-1.581000000000000000e+03
7.280000000000000000e+02,-1.592000000000000000e+03
7.520000000000000000e+02,-1.587000000000000000e+03
7.780000000000000000e+02,-1.572000000000000000e+03
8.030000000000000000e+02,-1.549000000000000000e+03
8.280000000000000000e+02,-1.518000000000000000e+03
8.500000000000000000e+02,-1.481000000000000000e+03
8.670000000000000000e+02,-1.441000000000000000e+03
8.800000000000000000e+02,-1.403000000000000000e+03
8.880000000000000000e+02,-1.365000000000000000e+03
8.940000000000000000e+02,-1.335000000000000000e+03
8.940000000000000000e+02,-1.310000000000000000e+03
8.920000000000000000e+02,-1.295000000000000000e+03
8.920000000000000000e+02,-1.295000000000000000e+03
8.920000000000000000e+02,-1.295000000000000000e+03
8.820000000000000000e+02,-1.325000000000000000e+03
8.790000000000000000e+02,-1.362000000000000000e+03
8.790000000000000000e+02,-1.417000000000000000e+03
8.820000000000000000e+02,-1.481000000000000000e+03
8.890000000000000000e+02,-1.560000000000000000e+03
8.970000000000000000e+02,-1.647000000000000000e+03
9.080000000000000000e+02,-1.738000000000000000e+03
9.180000000000000000e+02,-1.828000000000000000e+03
9.290000000000000000e+02,-1.917000000000000000e+03
9.360000000000000000e+02,-2.001000000000000000e+03
9.380000000000000000e+02,-2.075000000000000000e+03
9.330000000000000000e+02,-2.142000000000000000e+03
9.200000000000000000e+02,-2.197000000000000000e+03
9.010000000000000000e+02,-2.238000000000000000e+03
8.770000000000000000e+02,-2.262000000000000000e+03
8.490000000000000000e+02,-2.273000000000000000e+03
8.220000000000000000e+02,-2.265000000000000000e+03
7.960000000000000000e+02,-2.240000000000000000e+03
7.750000000000000000e+02,-2.203000000000000000e+03
7.630000000000000000e+02,-2.157000000000000000e+03
7.610000000000000000e+02,-2.104000000000000000e+03
7.720000000000000000e+02,-2.051000000000000000e+03
7.910000000000000000e+02,-2.007000000000000000e+03
8.310000000000000000e+02,-1.959000000000000000e+03
8.830000000000000000e+02,-1.923000000000000000e+03
9.410000000000000000e+02,-1.900000000000000000e+03
1.010000000000000000e+03,-1.878000000000000000e+03
