-1.018268132426869199e+00,-5.804627580035505163e-01
-1.018268132426869199e+00,-5.804627580035505163e-01
-1.030294921392540974e+00,-6.365877731766850234e-01
-1.030294921392540974e+00,-6.365877731766850234e-01
-1.030294921392540974e+00,-6.365877731766850234e-01
-1.030294921392540974e+00,-6.365877731766850234e-01
-1.054348499323884303e+00,-6.967217180050434555e-01
-1.054348499323884303e+00,-6.967217180050434555e-01
-1.054348499323884303e+00,-6.967217180050434555e-01
-1.054348499323884303e+00,-6.967217180050434555e-01
-1.054348499323884303e+00,-6.967217180050434555e-01
-1.054348499323884303e+00,-6.967217180050434555e-01
-1.102455655186571182e+00,-7.488378035229541485e-01
-1.102455655186571182e+00,-7.488378035229541485e-01
-1.102455655186571182e+00,-7.488378035229541485e-01
-1.102455655186571182e+00,-7.488378035229541485e-01
-1.042321710358212750e+00,-7.127574366259390448e-01
-1.018268132426869199e+00,-6.606413511080284628e-01
-9.701609765641825422e-01,-5.764538283483265912e-01
-9.260627503567196994e-01,-4.722216573125053718e-01
-8.659288055283612673e-01,-3.319091193796690487e-01
-8.178216496656746104e-01,-1.755608628259371640e-01
-7.616966344925399923e-01,1.686776062480980012e-02
-7.135894786298533354e-01,2.293410323516762439e-01
-6.654823227671665675e-01,4.658678820098860474e-01
-6.294019558701514638e-01,6.863590130472002615e-01
-5.933215889731364712e-01,9.188769330501861399e-01
-5.812948000074648069e-01,1.139368064087500354e+00
-5.772858703522408819e-01,1.351841335814366829e+00
-5.812948000074648069e-01,1.516207451678546425e+00
-6.013394482835842103e-01,1.660528919266606618e+00
-6.294019558701514638e-01,1.764761090302428004e+00
-6.614733931119426424e-01,1.836921824096457989e+00
-6.614733931119426424e-01,1.836921824096457989e+00
-7.376430565611966639e-01,1.860975402027801540e+00
-7.376430565611966639e-01,1.860975402027801540e+00
-7.977770013895550960e-01,1.768770019957651929e+00
-8.218305793208984245e-01,1.708636075129293497e+00
-8.218305793208984245e-01,1.636475341335263289e+00
-8.178216496656746104e-01,1.568323537196457229e+00
-7.977770013895550960e-01,1.496162803402427022e+00
-7.616966344925399923e-01,1.432019928918844665e+00
-7.616966344925399923e-01,1.432019928918844665e+00
-6.534555338014949033e-01,1.335805617193471129e+00
-5.893126593179125461e-01,1.299725250296456247e+00
-5.051251365582107855e-01,1.267653813054665068e+00
-4.129197544880611748e-01,1.243600235123321740e+00
-3.167054427626876945e-01,1.223555586847202115e+00
-2.204911310373142141e-01,1.211528797881530561e+00
-1.122500303462690557e-01,1.199502008915858786e+00
0.000000000000000000e+00,1.187475219950187011e+00
1.082411006910451584e-01,1.175448430984515458e+00
2.285089903477620088e-01,1.159412712363619757e+00
3.487768800044788731e-01,1.123332345466604876e+00
4.650358400059718122e-01,1.087251978569589772e+00
5.893126593179125461e-01,1.031126963396455265e+00
7.095805489746294104e-01,9.669840889128729078e-01
8.258395089761223495e-01,8.868054958083949613e-01
9.220538207014958854e-01,7.946001137382454615e-01
1.014259202771645496e+00,6.983858020128719257e-01
1.098446725531347257e+00,5.781179123561550615e-01
1.166598529670153317e+00,4.458232337337665330e-01
1.218714615188064121e+00,3.015017661457063403e-01
1.266821771050750778e+00,1.331267206263027636e-01
1.302902137947765882e+00,-5.128404351399640931e-02
1.326955715879109210e+00,-2.677662448960867470e-01
1.363036082776124314e+00,-5.042930945542964949e-01
1.383080731052243717e+00,-7.728913814542974769e-01
1.399116449673139417e+00,-1.077570035251313563e+00
1.411143238638810971e+00,-1.414320126290120605e+00
1.423170027604482746e+00,-1.759088076639375720e+00
1.411143238638810971e+00,-2.115882815954302387e+00
1.399116449673139417e+00,-2.464659695958780983e+00
1.387089660707467642e+00,-2.797400857342364322e+00
1.371053942086572164e+00,-3.102079511139380408e+00
1.334973575189557060e+00,-3.378695657349829240e+00
1.286866419326870181e+00,-3.591168929076695715e+00
1.226732474498511749e+00,-3.747517185630427683e+00
1.138536022083586063e+00,-3.867785075287144547e+00
1.030294921392540974e+00,-3.947963668391622161e+00
8.939913131149285208e-01,-3.984044035288637264e+00
7.216073379403010746e-01,-3.959990457357294158e+00
5.051251365582107855e-01,-3.903865442184159207e+00
2.806250758656726463e-01,-3.807651130458785893e+00
2.405357793134337008e-02,-3.711436818733412579e+00
-2.204911310373142141e-01,-3.583151069766247865e+00
-4.810715586268674016e-01,-3.482927828385650404e+00
-6.775091117328382317e-01,-3.354642079418485690e+00
-8.539020165626896031e-01,-3.274463486314008076e+00
-9.982234841507497958e-01,-3.246400978727440823e+00
-1.066375288289556078e+00,-3.222347400796097272e+00
-1.118491373807466660e+00,-3.262436697348336079e+00
