-1.435302314718977235e-01,9.488503505022031215e-01
-1.435302314718977235e-01,9.488503505022031215e-01
-1.074498645748826753e-01,9.247967725708597930e-01
-1.074498645748826753e-01,9.247967725708597930e-01
-2.727127147040477387e-02,9.247967725708597930e-01
5.290732163407312755e-02,9.368235615365314573e-01
1.330859147385510255e-01,9.448414208469791964e-01
2.373180857743723005e-01,9.648860691230987108e-01
3.255145381892979861e-01,9.809217877439943001e-01
4.257377795698953360e-01,1.000966436020113814e+00
5.219520912952688718e-01,1.012993224985785368e+00
6.061396140549706324e-01,1.017002154641009293e+00
6.622646292281051394e-01,1.008984295330561443e+00
7.143807147460158324e-01,1.004975365675337740e+00
7.143807147460158324e-01,1.004975365675337740e+00
7.624878706087024893e-01,9.408324911917552713e-01
7.544700112982547502e-01,8.847074760186207643e-01
7.424432223325830860e-01,8.165556718798145930e-01
7.063628554355679823e-01,7.363770787753366465e-01
6.422199809519856251e-01,6.521895560156348859e-01
5.660503175027317146e-01,5.519663146350375360e-01
4.578092168116865146e-01,4.397162842887684664e-01
3.375413271549696503e-01,3.194483946320516021e-01
1.972287892221333550e-01,1.991805049753347656e-01
4.488946232362533290e-02,7.089475600817012058e-02
-1.274945128510021342e-01,-5.338206330377062020e-02
-3.119052769913013279e-01,-1.816678122709352583e-01
-4.963160411316004939e-01,-3.019357019276521226e-01
-6.526642976853324063e-01,-4.101768026186972671e-01
-7.969857652733925990e-01,-5.023821846888468778e-01
-9.292804438957811275e-01,-5.705339888276530491e-01
-1.037521544586826217e+00,-6.266590040007875562e-01
-1.101664419070408574e+00,-6.426947226216831455e-01
-1.137744785967423677e+00,-6.426947226216831455e-01
-1.133735856312199752e+00,-6.066143557246681528e-01
-1.097655489415184649e+00,-5.625161295172053100e-01
-1.045539403897274067e+00,-5.144089736545185421e-01
-9.733786701032439703e-01,-4.703107474470556992e-01
-8.851822176883182847e-01,-4.262125212395928564e-01
-7.809500466524970097e-01,-3.901321543425778082e-01
-6.847357349271235849e-01,-3.781053653769060885e-01
-5.805035638913023099e-01,-3.660785764112344243e-01
-4.923071114763765688e-01,-3.740964357216822189e-01
-3.880749404405552938e-01,-3.861232246873538831e-01
-3.078963473360774028e-01,-4.101768026186972671e-01
-2.277177542315995118e-01,-4.382393102052645206e-01
-1.595659500927933128e-01,-4.783286067575034939e-01
-7.938735698831540788e-02,-5.144089736545185421e-01
-1.524448250473308883e-02,-5.665250591724291240e-01
5.290732163407312755e-02,-6.146322150351158919e-01
1.130412664624315527e-01,-6.667483005530265849e-01
1.892109299116855603e-01,-7.068375971052655027e-01
2.573627340504917593e-01,-7.509358233127283455e-01
3.375413271549696503e-01,-7.789983308992955990e-01
4.257377795698953360e-01,-7.950340495201911883e-01
5.179431616400449467e-01,-7.950340495201911883e-01
6.141574733654183715e-01,-7.749894012440716740e-01
6.943360664698963181e-01,-7.509358233127283455e-01
7.945593078504936679e-01,-6.908018784843699134e-01
8.506843230236281750e-01,-6.547215115873548097e-01
9.068093381967627931e-01,-5.785518481381008993e-01
9.549164940594494499e-01,-5.104000439992946170e-01
9.669432830251211142e-01,-4.542750288261601099e-01
9.589254237146733750e-01,-3.821142950321300136e-01
