-1.010517535093436559e+00,-4.926529109641764048e-02
-1.010517535093436559e+00,-4.926529109641764048e-02
-1.010517535093436559e+00,-4.926529109641764048e-02
-1.010517535093436559e+00,-4.926529109641764048e-02
-9.543925199203021625e-01,-5.327422075164153781e-02
-9.543925199203021625e-01,-5.327422075164153781e-02
-9.543925199203021625e-01,-5.327422075164153781e-02
-8.982675047471676555e-01,-6.530100971731321591e-02
-8.982675047471676555e-01,-6.530100971731321591e-02
-8.982675047471676555e-01,-6.530100971731321591e-02
-8.982675047471676555e-01,-6.530100971731321591e-02
-8.261067709531374481e-01,-8.534565799343268866e-02
-8.261067709531374481e-01,-8.534565799343268866e-02
-7.739906854352268661e-01,-1.214260248904477507e-01
-7.739906854352268661e-01,-1.214260248904477507e-01
-6.817853033650772554e-01,-1.695331807531344770e-01
-6.817853033650772554e-01,-1.695331807531344770e-01
-5.615174137083603911e-01,-2.296671255814929091e-01
-4.893566799143302948e-01,-2.336760552367168065e-01
-4.051691571546285342e-01,-2.416939145471646011e-01
-3.129637750844789235e-01,-2.336760552367168065e-01
-2.167494633591054709e-01,-2.096224773053734503e-01
-1.165262219785080933e-01,-1.815599697188061690e-01
-2.432083990835850681e-02,-1.454796028217911208e-01
8.392026078268664813e-02,-1.093992359247760587e-01
1.761256428528362450e-01,-6.530100971731321591e-02
2.843667435438814173e-01,-1.719385385462648269e-02
3.765721256140309725e-01,2.690437235283636361e-02
4.647685780289566582e-01,5.496687993940362754e-02
5.489561007886584187e-01,7.902045787074699068e-02
6.331436235483602903e-01,1.030740358020903608e-01
7.213400759632859760e-01,1.271276137334337308e-01
7.935008097573160724e-01,1.471722620095532175e-01
8.656615435513461687e-01,1.832526289065682656e-01
9.298044180349285259e-01,1.872615585617921630e-01
9.899383628632869581e-01,1.952794178722399576e-01
1.046063378036421465e+00,2.073062068379116218e-01
1.046063378036421465e+00,2.073062068379116218e-01
1.138268760106571076e+00,2.113151364931355192e-01
1.138268760106571076e+00,2.113151364931355192e-01
1.190384845624481658e+00,2.193329958035833138e-01
1.190384845624481658e+00,2.193329958035833138e-01
1.190384845624481658e+00,2.193329958035833138e-01
1.190384845624481658e+00,2.193329958035833138e-01
1.190384845624481658e+00,2.193329958035833138e-01
