1.295000000000000000e+03,-1.809000000000000000e+03
1.295000000000000000e+03,-1.809000000000000000e+03
1.295000000000000000e+03,-1.809000000000000000e+03
1.295000000000000000e+03,-1.809000000000000000e+03
1.295000000000000000e+03,-1.809000000000000000e+03
1.295000000000000000e+03,-1.809000000000000000e+03
1.295000000000000000e+03,-1.809000000000000000e+03
1.295000000000000000e+03,-1.809000000000000000e+03
1.295000000000000000e+03,-1.809000000000000000e+03
1.295000000000000000e+03,-1.809000000000000000e+03
1.295000000000000000e+03,-1.809000000000000000e+03
