-8.978296500188664986e-01,6.194222799199137208e-01
-9.579635948472249307e-01,7.076187323348394065e-01
-1.014088610020359438e+00,7.196455213005110707e-01
-1.014088610020359438e+00,7.196455213005110707e-01
-1.038142187951702766e+00,7.797794661288695028e-01
-1.038142187951702766e+00,7.797794661288695028e-01
-1.038142187951702766e+00,7.797794661288695028e-01
-1.038142187951702766e+00,7.797794661288695028e-01
-9.659814541576726699e-01,7.557258881975261744e-01
-9.339100169158814913e-01,7.036098026796154814e-01
-8.617492831218513949e-01,6.474847875064809744e-01
-8.216599865696124771e-01,5.512704757811075496e-01
-7.414813934651345306e-01,4.590650937109579388e-01
-6.853563782920000236e-01,3.347882743990172050e-01
-6.091867148427460021e-01,2.065025254318525461e-01
-5.370259810487159058e-01,5.416319853334453788e-02
-4.568473879442380148e-01,-9.416719870993957298e-02
-3.566241465636406649e-01,-2.384886662979997796e-01
-2.323473272516999033e-01,-3.908279931965077947e-01
-1.361330155263264230e-01,-5.231226718188963787e-01
-2.388298518005736379e-02,-6.153280538890458784e-01
7.233132654531611305e-02,-6.914977173382998998e-01
