1.709324661615292951e-01,1.541364332956777494e-01
1.067895916779469795e-01,1.781900112270211056e-01
1.067895916779469795e-01,1.781900112270211056e-01
-1.748722763399376129e-02,2.383239560553795378e-01
-1.056836800489194539e-01,2.262971670897078458e-01
-1.978890621190690369e-01,1.902168001926927976e-01
-3.101390924653381065e-01,1.501275036404538521e-01
-4.344159117772788403e-01,6.994891053597596109e-02
-5.707195200548912384e-01,-4.631004946551699891e-02
-7.110320579877276170e-01,-1.585600798117860477e-01
-8.673803145414594740e-01,-3.149083363655179602e-01
-1.011701782129519778e+00,-5.033280301610409957e-01
-1.164041109028027599e+00,-6.917477239565640312e-01
-1.284308998684744463e+00,-8.841763474073109919e-01
-1.388541169720565849e+00,-1.100658548789401392e+00
-1.452684044204148206e+00,-1.281060383274476688e+00
-1.484755481445939385e+00,-1.445426499138656284e+00
-1.440657255238476431e+00,-1.573712248105820999e+00
-1.356469732478774670e+00,-1.669926559831194535e+00
-1.204130405580266627e+00,-1.673935489486418238e+00
-1.035755360060863106e+00,-1.673935489486418238e+00
-8.312999476444444813e-01,-1.589747966726716477e+00
-6.268445352280257454e-01,-1.465471147414775688e+00
-4.103623338459354564e-01,-1.293087172240148242e+00
-2.139247807399645984e-01,-1.084622830168505692e+00
-4.554973522056102175e-02,-8.280513322341764848e-01
9.877173236749919871e-02,-5.514351860237277636e-01
2.270574813346638299e-01,-2.427476025714878360e-01
3.232717930600372824e-01,1.180560663986626874e-01
3.874146675436196396e-01,5.069222429553804643e-01
4.315128937510824825e-01,8.677259119255310571e-01
4.555664716824258664e-01,1.244565299516577239e+00
4.555664716824258664e-01,1.593342179521056057e+00
4.555664716824258664e-01,1.894011903662848217e+00
4.315128937510824825e-01,2.174636979528520975e+00
4.315128937510824825e-01,2.174636979528520975e+00
3.633610896122762557e-01,2.475306703670312913e+00
3.633610896122762557e-01,2.475306703670312913e+00
3.112450040943656182e-01,2.479315633325536616e+00
2.912003558182461593e-01,2.367065602979267602e+00
2.871914261630222343e-01,2.162610190562848977e+00
2.992182151286939540e-01,1.914056551938967621e+00
3.112450040943656182e-01,1.605368968486727610e+00
3.513343006466045915e-01,1.272627807103144493e+00
3.994414565092913039e-01,8.917794898568743855e-01
4.675932606480975307e-01,5.109311726106043894e-01
5.517807834077993467e-01,1.621542926061255441e-01
6.359683061675011073e-01,-1.545511501565621504e-01
7.161468992719790538e-01,-4.351762260222348244e-01
7.923165627212329643e-01,-6.596762867147729636e-01
8.724951558257109108e-01,-8.400781211998481490e-01
9.206023116883976787e-01,-9.803906591326845277e-01
9.807362565167561108e-01,-1.072596041202834138e+00
1.004789834448099439e+00,-1.168810352928207674e+00
1.004789834448099439e+00,-1.168810352928207674e+00
1.052896990310786096e+00,-1.240971086722237660e+00
1.052896990310786096e+00,-1.240971086722237660e+00
1.052896990310786096e+00,-1.240971086722237660e+00
