6.140000000000000000e+02,-7.430000000000000000e+02
6.140000000000000000e+02,-7.430000000000000000e+02
6.140000000000000000e+02,-7.430000000000000000e+02
5.720000000000000000e+02,-7.180000000000000000e+02
5.720000000000000000e+02,-7.180000000000000000e+02
5.170000000000000000e+02,-7.600000000000000000e+02
4.760000000000000000e+02,-7.940000000000000000e+02
4.300000000000000000e+02,-8.500000000000000000e+02
3.870000000000000000e+02,-9.120000000000000000e+02
3.490000000000000000e+02,-9.860000000000000000e+02
3.200000000000000000e+02,-1.057000000000000000e+03
3.040000000000000000e+02,-1.131000000000000000e+03
3.050000000000000000e+02,-1.188000000000000000e+03
3.270000000000000000e+02,-1.228000000000000000e+03
3.670000000000000000e+02,-1.252000000000000000e+03
4.230000000000000000e+02,-1.252000000000000000e+03
4.890000000000000000e+02,-1.232000000000000000e+03
5.590000000000000000e+02,-1.190000000000000000e+03
6.330000000000000000e+02,-1.131000000000000000e+03
7.060000000000000000e+02,-1.054000000000000000e+03
7.690000000000000000e+02,-9.700000000000000000e+02
8.200000000000000000e+02,-8.870000000000000000e+02
8.590000000000000000e+02,-8.090000000000000000e+02
8.870000000000000000e+02,-7.430000000000000000e+02
8.940000000000000000e+02,-6.850000000000000000e+02
8.940000000000000000e+02,-6.850000000000000000e+02
8.940000000000000000e+02,-6.850000000000000000e+02
8.440000000000000000e+02,-6.690000000000000000e+02
8.440000000000000000e+02,-6.690000000000000000e+02
7.850000000000000000e+02,-7.610000000000000000e+02
7.570000000000000000e+02,-8.200000000000000000e+02
7.350000000000000000e+02,-8.850000000000000000e+02
7.250000000000000000e+02,-9.470000000000000000e+02
7.260000000000000000e+02,-9.990000000000000000e+02
7.370000000000000000e+02,-1.047000000000000000e+03
7.370000000000000000e+02,-1.047000000000000000e+03
7.790000000000000000e+02,-1.120000000000000000e+03
7.790000000000000000e+02,-1.120000000000000000e+03
8.390000000000000000e+02,-1.179000000000000000e+03
8.390000000000000000e+02,-1.179000000000000000e+03
9.130000000000000000e+02,-1.228000000000000000e+03
9.530000000000000000e+02,-1.251000000000000000e+03
9.990000000000000000e+02,-1.267000000000000000e+03
