1.185000000000000000e+03,-1.126000000000000000e+03
1.185000000000000000e+03,-1.126000000000000000e+03
1.185000000000000000e+03,-1.126000000000000000e+03
1.185000000000000000e+03,-1.126000000000000000e+03
1.185000000000000000e+03,-1.142000000000000000e+03
1.185000000000000000e+03,-1.142000000000000000e+03
1.185000000000000000e+03,-1.142000000000000000e+03
1.185000000000000000e+03,-1.142000000000000000e+03
1.185000000000000000e+03,-1.142000000000000000e+03
1.185000000000000000e+03,-1.142000000000000000e+03
1.164000000000000000e+03,-1.147000000000000000e+03
1.164000000000000000e+03,-1.147000000000000000e+03
1.143000000000000000e+03,-1.153000000000000000e+03
1.143000000000000000e+03,-1.153000000000000000e+03
1.114000000000000000e+03,-1.174000000000000000e+03
1.099000000000000000e+03,-1.185000000000000000e+03
1.078000000000000000e+03,-1.197000000000000000e+03
1.058000000000000000e+03,-1.212000000000000000e+03
1.033000000000000000e+03,-1.239000000000000000e+03
1.009000000000000000e+03,-1.258000000000000000e+03
9.800000000000000000e+02,-1.281000000000000000e+03
9.500000000000000000e+02,-1.304000000000000000e+03
9.180000000000000000e+02,-1.332000000000000000e+03
8.850000000000000000e+02,-1.359000000000000000e+03
8.500000000000000000e+02,-1.390000000000000000e+03
8.170000000000000000e+02,-1.417000000000000000e+03
7.840000000000000000e+02,-1.439000000000000000e+03
7.520000000000000000e+02,-1.462000000000000000e+03
7.250000000000000000e+02,-1.489000000000000000e+03
6.990000000000000000e+02,-1.506000000000000000e+03
6.780000000000000000e+02,-1.521000000000000000e+03
6.620000000000000000e+02,-1.533000000000000000e+03
6.620000000000000000e+02,-1.533000000000000000e+03
6.410000000000000000e+02,-1.555000000000000000e+03
6.410000000000000000e+02,-1.555000000000000000e+03
6.410000000000000000e+02,-1.555000000000000000e+03
6.410000000000000000e+02,-1.555000000000000000e+03
6.320000000000000000e+02,-1.569000000000000000e+03
6.320000000000000000e+02,-1.569000000000000000e+03
6.320000000000000000e+02,-1.569000000000000000e+03
6.320000000000000000e+02,-1.569000000000000000e+03
6.320000000000000000e+02,-1.569000000000000000e+03
6.320000000000000000e+02,-1.569000000000000000e+03
6.470000000000000000e+02,-1.576000000000000000e+03
6.470000000000000000e+02,-1.576000000000000000e+03
6.660000000000000000e+02,-1.587000000000000000e+03
6.810000000000000000e+02,-1.596000000000000000e+03
6.990000000000000000e+02,-1.605000000000000000e+03
7.210000000000000000e+02,-1.611000000000000000e+03
7.450000000000000000e+02,-1.619000000000000000e+03
7.720000000000000000e+02,-1.631000000000000000e+03
8.020000000000000000e+02,-1.637000000000000000e+03
8.340000000000000000e+02,-1.650000000000000000e+03
8.650000000000000000e+02,-1.659000000000000000e+03
8.970000000000000000e+02,-1.671000000000000000e+03
9.300000000000000000e+02,-1.685000000000000000e+03
9.620000000000000000e+02,-1.699000000000000000e+03
9.950000000000000000e+02,-1.712000000000000000e+03
1.027000000000000000e+03,-1.724000000000000000e+03
1.060000000000000000e+03,-1.739000000000000000e+03
1.090000000000000000e+03,-1.754000000000000000e+03
1.119000000000000000e+03,-1.766000000000000000e+03
1.146000000000000000e+03,-1.777000000000000000e+03
1.168000000000000000e+03,-1.784000000000000000e+03
1.189000000000000000e+03,-1.793000000000000000e+03
1.206000000000000000e+03,-1.798000000000000000e+03
1.206000000000000000e+03,-1.798000000000000000e+03
1.224000000000000000e+03,-1.804000000000000000e+03
1.224000000000000000e+03,-1.804000000000000000e+03
1.224000000000000000e+03,-1.804000000000000000e+03
1.224000000000000000e+03,-1.804000000000000000e+03
1.224000000000000000e+03,-1.804000000000000000e+03
1.224000000000000000e+03,-1.804000000000000000e+03
1.224000000000000000e+03,-1.804000000000000000e+03
1.224000000000000000e+03,-1.804000000000000000e+03
1.224000000000000000e+03,-1.804000000000000000e+03
1.238000000000000000e+03,-1.792000000000000000e+03
1.238000000000000000e+03,-1.792000000000000000e+03
1.248000000000000000e+03,-1.775000000000000000e+03
1.248000000000000000e+03,-1.775000000000000000e+03
