7.580000000000000000e+02,-1.145000000000000000e+03
7.580000000000000000e+02,-1.145000000000000000e+03
7.580000000000000000e+02,-1.159000000000000000e+03
7.580000000000000000e+02,-1.159000000000000000e+03
7.510000000000000000e+02,-1.192000000000000000e+03
7.390000000000000000e+02,-1.228000000000000000e+03
7.310000000000000000e+02,-1.261000000000000000e+03
7.150000000000000000e+02,-1.307000000000000000e+03
7.040000000000000000e+02,-1.347000000000000000e+03
6.920000000000000000e+02,-1.396000000000000000e+03
6.870000000000000000e+02,-1.436000000000000000e+03
6.860000000000000000e+02,-1.478000000000000000e+03
6.930000000000000000e+02,-1.512000000000000000e+03
7.070000000000000000e+02,-1.543000000000000000e+03
7.310000000000000000e+02,-1.567000000000000000e+03
7.660000000000000000e+02,-1.589000000000000000e+03
8.080000000000000000e+02,-1.602000000000000000e+03
8.560000000000000000e+02,-1.611000000000000000e+03
9.040000000000000000e+02,-1.616000000000000000e+03
9.590000000000000000e+02,-1.613000000000000000e+03
1.009000000000000000e+03,-1.611000000000000000e+03
1.064000000000000000e+03,-1.602000000000000000e+03
1.105000000000000000e+03,-1.602000000000000000e+03
1.150000000000000000e+03,-1.593000000000000000e+03
1.174000000000000000e+03,-1.598000000000000000e+03
1.203000000000000000e+03,-1.592000000000000000e+03
1.220000000000000000e+03,-1.598000000000000000e+03
1.220000000000000000e+03,-1.598000000000000000e+03
1.233000000000000000e+03,-1.598000000000000000e+03
1.233000000000000000e+03,-1.598000000000000000e+03
