8.910000000000000000e+02,-7.100000000000000000e+02
8.920000000000000000e+02,-7.310000000000000000e+02
9.050000000000000000e+02,-7.400000000000000000e+02
9.130000000000000000e+02,-7.530000000000000000e+02
9.270000000000000000e+02,-7.570000000000000000e+02
9.440000000000000000e+02,-7.580000000000000000e+02
9.600000000000000000e+02,-7.560000000000000000e+02
9.790000000000000000e+02,-7.490000000000000000e+02
9.940000000000000000e+02,-7.380000000000000000e+02
1.008000000000000000e+03,-7.180000000000000000e+02
1.013000000000000000e+03,-6.930000000000000000e+02
1.015000000000000000e+03,-6.630000000000000000e+02
1.004000000000000000e+03,-6.350000000000000000e+02
9.860000000000000000e+02,-6.000000000000000000e+02
9.520000000000000000e+02,-5.730000000000000000e+02
9.090000000000000000e+02,-5.510000000000000000e+02
8.530000000000000000e+02,-5.400000000000000000e+02
7.970000000000000000e+02,-5.370000000000000000e+02
7.370000000000000000e+02,-5.470000000000000000e+02
6.830000000000000000e+02,-5.640000000000000000e+02
6.330000000000000000e+02,-5.870000000000000000e+02
5.930000000000000000e+02,-6.210000000000000000e+02
5.640000000000000000e+02,-6.540000000000000000e+02
5.490000000000000000e+02,-6.890000000000000000e+02
5.510000000000000000e+02,-7.240000000000000000e+02
5.690000000000000000e+02,-7.560000000000000000e+02
6.020000000000000000e+02,-7.870000000000000000e+02
6.460000000000000000e+02,-8.170000000000000000e+02
6.970000000000000000e+02,-8.480000000000000000e+02
7.510000000000000000e+02,-8.790000000000000000e+02
8.050000000000000000e+02,-9.130000000000000000e+02
8.520000000000000000e+02,-9.440000000000000000e+02
8.840000000000000000e+02,-9.780000000000000000e+02
8.840000000000000000e+02,-9.780000000000000000e+02
8.900000000000000000e+02,-1.050000000000000000e+03
8.610000000000000000e+02,-1.091000000000000000e+03
8.100000000000000000e+02,-1.125000000000000000e+03
7.450000000000000000e+02,-1.154000000000000000e+03
6.680000000000000000e+02,-1.176000000000000000e+03
5.880000000000000000e+02,-1.200000000000000000e+03
5.080000000000000000e+02,-1.211000000000000000e+03
4.360000000000000000e+02,-1.213000000000000000e+03
3.800000000000000000e+02,-1.210000000000000000e+03
3.340000000000000000e+02,-1.191000000000000000e+03
3.100000000000000000e+02,-1.169000000000000000e+03
2.950000000000000000e+02,-1.143000000000000000e+03
3.030000000000000000e+02,-1.111000000000000000e+03
3.120000000000000000e+02,-1.076000000000000000e+03
3.320000000000000000e+02,-1.041000000000000000e+03
3.590000000000000000e+02,-1.005000000000000000e+03
3.830000000000000000e+02,-9.700000000000000000e+02
4.120000000000000000e+02,-9.340000000000000000e+02
