-3.057524742403794349e-01,-6.986991684818790738e-01
-3.057524742403794349e-01,-6.986991684818790738e-01
-3.057524742403794349e-01,-6.986991684818790738e-01
-3.057524742403794349e-01,-6.986991684818790738e-01
-3.057524742403794349e-01,-6.986991684818790738e-01
-3.057524742403794349e-01,-6.986991684818790738e-01
-2.255738811359015161e-01,-7.427973946893419166e-01
-2.255738811359015161e-01,-7.427973946893419166e-01
-1.373774287209758305e-01,-7.548241836550135808e-01
-8.125241354784130954e-02,-7.788777615863569093e-01
-5.082750098587308051e-03,-7.708599022759091701e-01
6.707798369544279438e-02,-7.909045505520285735e-01
1.673012250760401720e-01,-7.788777615863569093e-01
2.635155368014136523e-01,-7.828866912415808343e-01
3.757655671476827219e-01,-7.588331133102373949e-01
4.920245271491756611e-01,-7.427973946893419166e-01
6.002656278402208612e-01,-7.307706057236701414e-01
7.205335174969377254e-01,-6.866723795162072985e-01
8.728728443954456573e-01,-6.385652236535206416e-01
9.690871561208191931e-01,-6.225295050326250523e-01
1.089355045777536057e+00,-5.744223491699382844e-01
1.149488990605894490e+00,-5.864491381356099486e-01
