-1.503348620708960630e-02,1.536756367835823422e-01
-1.503348620708960630e-02,1.536756367835823422e-01
5.712724758694050220e-02,1.897560036805973904e-01
5.712724758694050220e-02,1.897560036805973904e-01
5.712724758694050220e-02,1.897560036805973904e-01
5.712724758694050220e-02,1.055684809208956021e-01
2.906474000037323827e-02,2.538988781641769721e-02
9.020091724253763779e-03,-4.677084597761241302e-02
-2.706027517276128960e-02,-1.229405094268664206e-01
-3.106920482798518693e-02,-1.830744542552248388e-01
-8.719422000111971827e-02,-2.993334142567177780e-01
-9.120314965634361559e-02,-3.554584294298523406e-01
