6.440000000000000000e+02,-1.154000000000000000e+03
6.450000000000000000e+02,-1.132000000000000000e+03
6.540000000000000000e+02,-1.112000000000000000e+03
6.770000000000000000e+02,-1.087000000000000000e+03
7.130000000000000000e+02,-1.055000000000000000e+03
7.490000000000000000e+02,-1.034000000000000000e+03
8.080000000000000000e+02,-1.001000000000000000e+03
8.740000000000000000e+02,-9.800000000000000000e+02
9.560000000000000000e+02,-9.570000000000000000e+02
1.042000000000000000e+03,-9.450000000000000000e+02
1.131000000000000000e+03,-9.400000000000000000e+02
1.214000000000000000e+03,-9.520000000000000000e+02
1.290000000000000000e+03,-9.720000000000000000e+02
1.355000000000000000e+03,-1.004000000000000000e+03
1.403000000000000000e+03,-1.043000000000000000e+03
1.426000000000000000e+03,-1.091000000000000000e+03
1.428000000000000000e+03,-1.145000000000000000e+03
1.402000000000000000e+03,-1.209000000000000000e+03
1.360000000000000000e+03,-1.272000000000000000e+03
1.304000000000000000e+03,-1.328000000000000000e+03
1.239000000000000000e+03,-1.378000000000000000e+03
1.171000000000000000e+03,-1.417000000000000000e+03
1.094000000000000000e+03,-1.448000000000000000e+03
1.033000000000000000e+03,-1.459000000000000000e+03
9.770000000000000000e+02,-1.463000000000000000e+03
9.410000000000000000e+02,-1.456000000000000000e+03
9.210000000000000000e+02,-1.433000000000000000e+03
