-2.795191642366455786e-01,2.941033738444425172e-01
-2.434387973396305027e-01,2.339694290160840850e-01
-2.434387973396305027e-01,1.137015393593672347e-01
-2.514566566500783251e-01,5.460438668322076250e-03
-2.514566566500783251e-01,-1.308431696092903496e-01
-2.274030787187349412e-01,-2.551199889212311112e-01
-2.073584304426154545e-01,-3.954325268540674343e-01
-1.833048525112720983e-01,-4.956557682346647842e-01
-1.472244856142570224e-01,-5.958790096152621896e-01
-8.709054078589861803e-02,-6.720486730645162110e-01
-6.911947681420713141e-03,-7.281736882376507181e-01
7.727557507828107519e-02,-7.562361958242179716e-01
2.095702537006696176e-01,-7.402004772033223823e-01
3.298381433573864818e-01,-7.041201103063072786e-01
4.942042592215661334e-01,-6.079057985809338538e-01
6.545614454305219709e-01,-5.157004165107842431e-01
8.750525764678361851e-01,-3.713789489227240503e-01
1.071490129573807071e+00,-2.150306923689921379e-01
1.295990190266345099e+00,-2.661099857346908501e-02
1.500445602682763724e+00,1.417640469459345021e-01
1.708909944754406274e+00,2.981123034996663868e-01
1.869267130963362167e+00,4.464427007429505045e-01
2.017597528206646285e+00,5.667105903996673133e-01
2.125838628897691596e+00,6.629249021250408491e-01
2.177954714415601956e+00,7.150409876429514311e-01
2.177954714415601956e+00,7.150409876429514311e-01
2.222052940623064909e+00,7.711660028160860492e-01
2.222052940623064909e+00,7.711660028160860492e-01
2.189981503381273509e+00,7.150409876429514311e-01
