4.533970119746767447e-01,1.307363688693095272e+00
4.533970119746767447e-01,1.307363688693095272e+00
4.854684492164678677e-01,1.411595859728916436e+00
4.894773788716917928e-01,1.467720874902050943e+00
5.015041678373635126e-01,1.539881608696081150e+00
5.135309568030351768e-01,1.612042342490111357e+00
5.135309568030351768e-01,1.612042342490111357e+00
5.255577457687068410e-01,1.736319161802051925e+00
5.255577457687068410e-01,1.736319161802051925e+00
4.894773788716917928e-01,1.832533473527425461e+00
4.373612933537811553e-01,1.844560262493097236e+00
4.373612933537811553e-01,1.844560262493097236e+00
3.411469816284076750e-01,1.864604910769216639e+00
2.810130368000492429e-01,1.864604910769216639e+00
1.687630064537802010e-01,1.808479895596082132e+00
5.651297610751113837e-02,1.736319161802051925e+00
-8.379956182532517783e-02,1.600015553524439582e+00
-2.160942404477137202e-01,1.435649437660259986e+00
-3.844692859671173246e-01,1.219167236278169586e+00
-5.528443314865209013e-01,9.585868086886163431e-01
-7.132015176954766833e-01,6.579170845468242934e-01
-8.695497742492085402e-01,3.532384307498082632e-01
-1.001844452871597069e+00,2.851512867667277754e-02
-1.106076623907418455e+00,-2.921992437412387900e-01
-1.190264146667120215e+00,-6.048957568487026704e-01
-1.250398091495478647e+00,-8.975476216800469809e-01
-1.266433810116374126e+00,-1.162136978924823927e+00
-1.250398091495478647e+00,-1.386637039617362177e+00
-1.202290935632791768e+00,-1.575056733412885102e+00
-1.106076623907418455e+00,-1.731404989966617070e+00
-9.938265935611493296e-01,-1.843655020312886084e+00
-8.374783370074174726e-01,-1.911806824451692366e+00
-6.570765025223421762e-01,-1.927842543072587844e+00
-4.566300197611474210e-01,-1.887753246520349037e+00
-2.521746073447287961e-01,-1.819601442381542755e+00
-3.569240596263844462e-02,-1.723387130656169219e+00
1.527272878328846117e-01,-1.615146029965124130e+00
3.331291223179598804e-01,-1.494878140308407266e+00
4.894773788716917928e-01,-1.362583461686018849e+00
6.177631278388564517e-01,-1.218261994097958434e+00
7.139774395642298765e-01,-1.077949456165122166e+00
7.861381733582599729e-01,-9.576815665084054130e-01
8.302363995657228157e-01,-8.374136768516885487e-01
8.462721181866184050e-01,-7.091279278845238343e-01
8.462721181866184050e-01,-5.888600382278070811e-01
8.222185402552750766e-01,-4.726010782263140864e-01
7.620845954269166445e-01,-3.723778368457167365e-01
6.899238616328865481e-01,-2.881903140860149204e-01
5.856916905970652731e-01,-2.200385099472087214e-01
4.654238009403484089e-01,-1.639134947740741866e-01
3.531737705940793393e-01,-1.278331278770591384e-01
2.329058809373625027e-01,-1.158063389113874464e-01
1.206558505910934609e-01,-1.238241982218352272e-01
2.043260921049608325e-02,-1.358509871875069053e-01
-6.375491354920570508e-02,-1.599045651188502892e-01
-1.238888583775641372e-01,-1.959849320158653374e-01
-1.238888583775641372e-01,-1.959849320158653374e-01
-1.679870845850269800e-01,-2.801724547755671257e-01
-1.679870845850269800e-01,-2.801724547755671257e-01
-1.679870845850269800e-01,-2.801724547755671257e-01
-8.379956182532517783e-02,-3.643599775352689418e-01
-1.564775768651897186e-02,-3.763867665009406061e-01
