2.069771584898659200e-01,1.511301819863678952e+00
2.430575253868809682e-01,1.595489342623380713e+00
2.430575253868809682e-01,1.595489342623380713e+00
2.470664550421048655e-01,1.683685795038306399e+00
2.470664550421048655e-01,1.683685795038306399e+00
1.949503695241942280e-01,1.671659006072634845e+00
1.949503695241942280e-01,1.671659006072634845e+00
7.869140952270127498e-02,1.515310749518902877e+00
6.530675728671169085e-03,1.383016070896514460e+00
-1.137372139280456718e-01,1.170542799169647985e+00
-2.219783146190908441e-01,9.340159495114381816e-01
-3.743176415175988314e-01,6.213194364039743567e-01
-5.266569684161068743e-01,2.845693453651672034e-01
-6.950320139355103954e-01,-1.042968311915506291e-01
-8.393534815235706992e-01,-4.891540780930445642e-01
-9.836749491116308919e-01,-8.780202546497622995e-01
-1.091916049802676092e+00,-1.214770345688569453e+00
-1.184121431872825703e+00,-1.523457929140809464e+00
-1.244255376701184135e+00,-1.776020497419914745e+00
-1.280335743598199016e+00,-1.972458050525885742e+00
-1.288353602908646867e+00,-2.104752729148274160e+00
-1.244255376701184135e+00,-2.156868814666184964e+00
-1.244255376701184135e+00,-2.156868814666184964e+00
-1.148041064975810599e+00,-2.140833096045289263e+00
-1.067862471871332763e+00,-2.072681291906483203e+00
-1.003719597387750406e+00,-1.996511628457229071e+00
-9.195320746280485347e-01,-1.884261598110960056e+00
-8.393534815235706992e-01,-1.759984778799019267e+00
