8.037552298227838010e-01,1.576775332288850695e+00
8.197909484436793903e-01,1.648936066082880902e+00
7.837105815466642866e-01,1.701052151600791484e+00
7.315944960287537047e-01,1.737132518497806588e+00
6.634426918899474224e-01,1.745150377808254216e+00
5.471837318884544832e-01,1.693034292290343634e+00
4.309247718869615440e-01,1.644927136427656977e+00
3.226836711959163440e-01,1.556730684012731292e+00
2.104336408496473021e-01,1.452498512976909906e+00
1.062014698138260410e-01,1.344257412285864817e+00
4.606752498546762276e-02,1.244034170905267356e+00
-6.048560532443013858e-03,1.139801999869446192e+00
