6.960000000000000000e+02,-6.860000000000000000e+02
6.720000000000000000e+02,-6.860000000000000000e+02
6.570000000000000000e+02,-6.740000000000000000e+02
6.440000000000000000e+02,-6.710000000000000000e+02
6.270000000000000000e+02,-6.740000000000000000e+02
6.270000000000000000e+02,-6.740000000000000000e+02
6.080000000000000000e+02,-6.950000000000000000e+02
6.060000000000000000e+02,-7.110000000000000000e+02
5.950000000000000000e+02,-7.490000000000000000e+02
5.940000000000000000e+02,-7.880000000000000000e+02
5.880000000000000000e+02,-8.420000000000000000e+02
5.890000000000000000e+02,-8.980000000000000000e+02
5.890000000000000000e+02,-9.650000000000000000e+02
5.920000000000000000e+02,-1.029000000000000000e+03
5.970000000000000000e+02,-1.094000000000000000e+03
6.030000000000000000e+02,-1.153000000000000000e+03
6.140000000000000000e+02,-1.201000000000000000e+03
6.270000000000000000e+02,-1.242000000000000000e+03
6.390000000000000000e+02,-1.275000000000000000e+03
6.510000000000000000e+02,-1.296000000000000000e+03
6.510000000000000000e+02,-1.296000000000000000e+03
6.740000000000000000e+02,-1.307000000000000000e+03
6.740000000000000000e+02,-1.307000000000000000e+03
6.980000000000000000e+02,-1.293000000000000000e+03
6.980000000000000000e+02,-1.293000000000000000e+03
7.250000000000000000e+02,-1.266000000000000000e+03
7.450000000000000000e+02,-1.251000000000000000e+03
7.690000000000000000e+02,-1.237000000000000000e+03
7.990000000000000000e+02,-1.227000000000000000e+03
8.320000000000000000e+02,-1.222000000000000000e+03
8.680000000000000000e+02,-1.221000000000000000e+03
9.080000000000000000e+02,-1.228000000000000000e+03
9.440000000000000000e+02,-1.240000000000000000e+03
9.800000000000000000e+02,-1.261000000000000000e+03
1.010000000000000000e+03,-1.292000000000000000e+03
1.037000000000000000e+03,-1.328000000000000000e+03
1.058000000000000000e+03,-1.373000000000000000e+03
1.075000000000000000e+03,-1.420000000000000000e+03
1.085000000000000000e+03,-1.471000000000000000e+03
1.087000000000000000e+03,-1.522000000000000000e+03
1.084000000000000000e+03,-1.572000000000000000e+03
1.075000000000000000e+03,-1.616000000000000000e+03
1.058000000000000000e+03,-1.656000000000000000e+03
1.033000000000000000e+03,-1.691000000000000000e+03
9.960000000000000000e+02,-1.724000000000000000e+03
9.500000000000000000e+02,-1.753000000000000000e+03
8.980000000000000000e+02,-1.778000000000000000e+03
8.380000000000000000e+02,-1.800000000000000000e+03
7.730000000000000000e+02,-1.816000000000000000e+03
7.060000000000000000e+02,-1.825000000000000000e+03
6.420000000000000000e+02,-1.830000000000000000e+03
5.850000000000000000e+02,-1.830000000000000000e+03
5.370000000000000000e+02,-1.822000000000000000e+03
4.940000000000000000e+02,-1.813000000000000000e+03
4.660000000000000000e+02,-1.789000000000000000e+03
4.570000000000000000e+02,-1.765000000000000000e+03
4.570000000000000000e+02,-1.739000000000000000e+03
4.690000000000000000e+02,-1.712000000000000000e+03
