1.437773985634226648e+00,-1.183302403233586597e+00
1.297461447701390380e+00,-1.195329192199258372e+00
1.048907809077509024e+00,-1.259472066682840730e+00
8.043631001088513699e-01,-1.295552433579855611e+00
5.317558835536264628e-01,-1.359695308063437968e+00
2.350950890670582827e-01,-1.399784604615676997e+00
-5.755677576428604864e-02,-1.419829252891796401e+00
-3.221461330090631403e-01,-1.423838182547020326e+00
-5.346194047359295043e-01,-1.431856041857468176e+00
-7.511016061180199044e-01,-1.467936408754483057e+00
-8.473159178433933292e-01,-1.435864971512692101e+00
-9.395212999135429399e-01,-1.459918549444035429e+00
