9.459877290908938474e-02,1.659936216346586058e+00
9.459877290908938474e-02,1.720070161174944490e+00
9.459877290908938474e-02,1.720070161174944490e+00
8.257198394341769276e-02,1.784213035658526847e+00
8.257198394341769276e-02,1.784213035658526847e+00
3.446482808073095261e-02,1.872409488073452533e+00
3.446482808073095261e-02,1.872409488073452533e+00
-6.976734295509030848e-02,1.948579151522706443e+00
-1.419280767491204187e-01,1.972632729454049771e+00
-2.341334588192700017e-01,1.984659518419721547e+00
-3.423745595103151462e-01,1.980650588764497622e+00
-4.626424491670320105e-01,1.936552362557034890e+00
-6.029549870998683891e-01,1.864391628763004682e+00
-7.512853843431523959e-01,1.744123739106287818e+00
-9.036247112416604388e-01,1.599802271518227625e+00
-1.055964038140168482e+00,1.411382577722704479e+00
-1.192267646417780824e+00,1.194900376340614301e+00
-1.316544465729721614e+00,9.463467377167327221e-01
-1.400731988489423374e+00,6.697305915062840009e-01
-1.448839144352110253e+00,3.770787266749396904e-01
-1.452848074007333956e+00,8.041793218837146873e-02
-1.428794496075990628e+00,-2.202517919534206503e-01
-1.364651621592408270e+00,-5.088947271295410912e-01
-1.260419450556587107e+00,-7.895198029952137375e-01
-1.132133701589422392e+00,-1.046091300929542944e+00
-9.838033043461383853e-01,-1.266582431966857270e+00
-8.114193291715108280e-01,-1.426939618175812940e+00
-6.390353539968833818e-01,-1.555225367142977655e+00
-4.506156602013603463e-01,-1.615359311971336087e+00
-2.501691774401655910e-01,-1.623377171281783937e+00
-5.774055398941863038e-02,-1.583287874729544908e+00
1.346880694613283302e-01,-1.483064633348947448e+00
3.110809742911797016e-01,-1.342752095416111180e+00
4.874738791210310729e-01,-1.174377049896707659e+00
6.358042763643152462e-01,-9.819484264459606981e-01
7.761168142971515138e-01,-7.694751547190942231e-01
8.843579149881967139e-01,-5.449750940265560839e-01
9.565186487822268102e-01,-3.204750333340180002e-01
1.012643663955361317e+00,-8.795711333103212182e-02
1.024670452921033093e+00,1.445608066719537843e-01
9.925990156792418029e-01,3.730697970197158209e-01
9.284561411956595567e-01,6.095966466779255688e-01
8.322418294702860209e-01,8.381056370256876331e-01
7.079650101583453425e-01,1.030534260476434483e+00
5.636435425702850388e-01,1.206927165306285854e+00
4.273399342926726407e-01,1.343230773583898419e+00
2.870273963598363176e-01,1.419400437033152329e+00
1.106344915299849602e-01,1.419400437033152329e+00
1.442017980461147986e-02,1.423409366688376254e+00
-1.138655691625531513e-01,1.319177195652555090e+00
