-1.062837997417299674e+00,9.471685858945160241e-01
-1.062837997417299674e+00,9.471685858945160241e-01
-9.866683339680456521e-01,9.672132341706355385e-01
-9.265343891396872200e-01,9.191060783079487706e-01
-8.343290070695377203e-01,8.389274852034709351e-01
-7.220789767232685952e-01,7.306863845124257351e-01
-6.058200167217756560e-01,5.903738465795894674e-01
-4.574896194784915382e-01,4.580791679572008834e-01
-3.171770815456552151e-01,2.937130520930211763e-01
-1.528109656814755635e-01,1.453826548497370863e-01
3.537290872256351141e-03,9.079046572124650077e-03
1.438498288050926721e-01,-1.031709837741444091e-01
2.961891557036006595e-01,-1.913674361890700948e-01
4.324927639812131130e-01,-2.675370996383241162e-01
5.367249350170343325e-01,-3.276710444666825484e-01
6.489749653633034576e-01,-3.396978334323542126e-01
7.211356991573335540e-01,-3.517246223980258768e-01
7.973053626065875754e-01,-3.076263961905630340e-01
