-4.850804882820912711e-01,-7.734242496033441050e-01
-4.850804882820912711e-01,-7.734242496033441050e-01
-5.211608551791063748e-01,-7.012635158093140086e-01
-5.211608551791063748e-01,-7.012635158093140086e-01
-4.049018951776133801e-01,-6.331117116705077263e-01
-3.086875834522398998e-01,-6.291027820152838013e-01
-1.523393268985080151e-01,-5.930224151182688086e-01
2.405357793134337008e-02,-5.689688371869254802e-01
2.365268496582098035e-01,-5.328884702899103765e-01
4.690447696611956818e-01,-4.887902440824475336e-01
7.055716193194054853e-01,-4.607277364958802801e-01
9.701609765641825422e-01,-4.166295102884174373e-01
1.214705685532840196e+00,-4.286562992540891015e-01
1.467268253811945478e+00,-4.166295102884174373e-01
1.703795103470155281e+00,-4.166295102884174373e-01
1.920277304852245681e+00,-4.366741585645368962e-01
