9.230000000000000000e+02,-2.134000000000000000e+03
9.230000000000000000e+02,-2.134000000000000000e+03
9.420000000000000000e+02,-2.130000000000000000e+03
9.420000000000000000e+02,-2.130000000000000000e+03
9.570000000000000000e+02,-2.133000000000000000e+03
9.750000000000000000e+02,-2.127000000000000000e+03
9.900000000000000000e+02,-2.128000000000000000e+03
1.012000000000000000e+03,-2.124000000000000000e+03
1.030000000000000000e+03,-2.122000000000000000e+03
1.048000000000000000e+03,-2.119000000000000000e+03
1.070000000000000000e+03,-2.116000000000000000e+03
1.070000000000000000e+03,-2.116000000000000000e+03
1.093000000000000000e+03,-2.125000000000000000e+03
1.110000000000000000e+03,-2.122000000000000000e+03
1.110000000000000000e+03,-2.122000000000000000e+03
1.132000000000000000e+03,-2.128000000000000000e+03
