2.516825593303975706e-01,5.793392245658920414e-01
2.516825593303975706e-01,5.793392245658920414e-01
2.035754034677108582e-01,6.835713956017133164e-01
1.434414586393524260e-01,7.076249735330567558e-01
5.524500622442673342e-02,7.316785514644000843e-01
-3.696037584572284956e-02,7.437053404300717485e-01
-1.772729137785591658e-01,6.996071142226089057e-01
-2.975408034352760023e-01,6.635267473255939130e-01
-4.578979896442318398e-01,5.633035059449964521e-01
-5.982105275770681629e-01,4.630802645643991577e-01
-7.665855730964716841e-01,3.147498673211150400e-01
-8.868534627531885484e-01,1.584016107673831275e-01
-9.910856337890098233e-01,-3.803594233858773044e-02
-1.051219578617368366e+00,-2.304645657893346911e-01
-1.071264226893487770e+00,-4.228931892400816239e-01
-1.035183859996472666e+00,-6.032950237251568648e-01
-9.509963372367709056e-01,-7.796879285550082361e-01
-8.146927289591584520e-01,-9.240093961430685399e-01
-6.342908944740831556e-01,-1.040268356144561368e+00
-4.218176227472167361e-01,-1.112429089938591575e+00
-2.053354213651264470e-01,-1.152518386490830604e+00
4.321821725875504838e-02,-1.152518386490830604e+00
2.837539965721887492e-01,-1.124455878904263351e+00
5.082540572647268329e-01,-1.044277285799785293e+00
7.006826807154737935e-01,-9.360361851087402041e-01
8.690577262348774257e-01,-7.716700692445604970e-01
9.973434752020420291e-01,-5.912682347594852006e-01
1.081530997961743790e+00,-3.948306816535143704e-01
1.117611364858758893e+00,-1.943841988923196429e-01
1.105584575893087118e+00,1.808907283454679743e-02
1.025405982788609283e+00,2.065087666300698677e-01
9.131559524423402685e-01,3.788927418046973417e-01
7.568076958886083005e-01,5.192052797375336093e-01
5.683880020930852650e-01,6.154195914629071451e-01
3.679415193318905097e-01,6.715446066360416522e-01
1.634861069154718849e-01,6.835713956017133164e-01
-8.800089487077954230e-04,6.755535362912655772e-01
-1.452014765367680149e-01,5.993838728420115558e-01
-2.534425772278131594e-01,5.192052797375336093e-01
-3.015497330904999274e-01,4.229909680121601845e-01
-3.095675924009477220e-01,3.147498673211150400e-01
