5.130000000000000000e+02,-1.492000000000000000e+03
5.130000000000000000e+02,-1.492000000000000000e+03
5.130000000000000000e+02,-1.492000000000000000e+03
5.130000000000000000e+02,-1.492000000000000000e+03
5.170000000000000000e+02,-1.507000000000000000e+03
5.170000000000000000e+02,-1.507000000000000000e+03
5.350000000000000000e+02,-1.494000000000000000e+03
5.520000000000000000e+02,-1.483000000000000000e+03
5.680000000000000000e+02,-1.468000000000000000e+03
5.970000000000000000e+02,-1.442000000000000000e+03
6.270000000000000000e+02,-1.420000000000000000e+03
6.660000000000000000e+02,-1.382000000000000000e+03
7.070000000000000000e+02,-1.337000000000000000e+03
7.540000000000000000e+02,-1.287000000000000000e+03
7.960000000000000000e+02,-1.245000000000000000e+03
8.400000000000000000e+02,-1.185000000000000000e+03
8.760000000000000000e+02,-1.132000000000000000e+03
9.090000000000000000e+02,-1.076000000000000000e+03
9.320000000000000000e+02,-1.020000000000000000e+03
9.320000000000000000e+02,-1.020000000000000000e+03
9.660000000000000000e+02,-9.120000000000000000e+02
9.660000000000000000e+02,-9.120000000000000000e+02
9.840000000000000000e+02,-8.210000000000000000e+02
9.840000000000000000e+02,-8.210000000000000000e+02
9.870000000000000000e+02,-7.460000000000000000e+02
9.870000000000000000e+02,-7.460000000000000000e+02
9.870000000000000000e+02,-7.460000000000000000e+02
9.780000000000000000e+02,-6.690000000000000000e+02
9.780000000000000000e+02,-6.690000000000000000e+02
9.780000000000000000e+02,-6.690000000000000000e+02
9.780000000000000000e+02,-6.690000000000000000e+02
9.780000000000000000e+02,-6.690000000000000000e+02
9.170000000000000000e+02,-6.410000000000000000e+02
9.170000000000000000e+02,-6.410000000000000000e+02
8.820000000000000000e+02,-6.860000000000000000e+02
8.610000000000000000e+02,-7.320000000000000000e+02
8.430000000000000000e+02,-7.990000000000000000e+02
8.260000000000000000e+02,-8.680000000000000000e+02
8.100000000000000000e+02,-9.520000000000000000e+02
7.960000000000000000e+02,-1.046000000000000000e+03
7.840000000000000000e+02,-1.142000000000000000e+03
7.760000000000000000e+02,-1.245000000000000000e+03
7.720000000000000000e+02,-1.341000000000000000e+03
7.730000000000000000e+02,-1.427000000000000000e+03
7.760000000000000000e+02,-1.507000000000000000e+03
7.840000000000000000e+02,-1.581000000000000000e+03
7.940000000000000000e+02,-1.647000000000000000e+03
8.080000000000000000e+02,-1.696000000000000000e+03
8.200000000000000000e+02,-1.739000000000000000e+03
8.370000000000000000e+02,-1.771000000000000000e+03
8.530000000000000000e+02,-1.796000000000000000e+03
8.730000000000000000e+02,-1.812000000000000000e+03
8.940000000000000000e+02,-1.824000000000000000e+03
9.150000000000000000e+02,-1.825000000000000000e+03
9.360000000000000000e+02,-1.825000000000000000e+03
9.600000000000000000e+02,-1.819000000000000000e+03
9.830000000000000000e+02,-1.812000000000000000e+03
1.004000000000000000e+03,-1.796000000000000000e+03
1.022000000000000000e+03,-1.792000000000000000e+03
1.040000000000000000e+03,-1.784000000000000000e+03
1.040000000000000000e+03,-1.784000000000000000e+03
1.061000000000000000e+03,-1.769000000000000000e+03
1.061000000000000000e+03,-1.769000000000000000e+03
1.069000000000000000e+03,-1.754000000000000000e+03
1.069000000000000000e+03,-1.754000000000000000e+03
1.069000000000000000e+03,-1.754000000000000000e+03
1.069000000000000000e+03,-1.754000000000000000e+03
1.069000000000000000e+03,-1.754000000000000000e+03
1.069000000000000000e+03,-1.754000000000000000e+03
1.069000000000000000e+03,-1.754000000000000000e+03
1.069000000000000000e+03,-1.754000000000000000e+03
1.069000000000000000e+03,-1.754000000000000000e+03
1.051000000000000000e+03,-1.747000000000000000e+03
