-8.588296592639022009e-01,7.477489000670732855e-01
-7.145081916758418972e-01,7.357221111014016213e-01
-6.263117392609162115e-01,6.956328145491625925e-01
-4.980259902937516081e-01,6.635613773073714139e-01
-3.577134523609152850e-01,6.034274324790130928e-01
-1.853294771862878110e-01,5.673470655819979891e-01
-9.187130459886573650e-04,5.192399097193112212e-01
1.915099104047582879e-01,4.951863317879678927e-01
3.799296042002813789e-01,4.751416835118484339e-01
5.723582276510282840e-01,4.831595428222961730e-01
7.407332731704319162e-01,5.072131207536395570e-01
8.850547407584921089e-01,5.473024173058784747e-01
1.005322630415208973e+00,6.114452917894608319e-01
1.089510153174910734e+00,6.715792366178192641e-01
1.141626238692821316e+00,7.357221111014016213e-01
1.145635168348045241e+00,8.038739152402077925e-01
1.129599449727149763e+00,8.559900007581183745e-01
1.073474434554015255e+00,9.040971566208051424e-01
1.013340489725656823e+00,9.361685938625963210e-01
9.331618966211788768e-01,9.481953828282679853e-01
8.489743738614771162e-01,9.361685938625963210e-01
7.527600621361035804e-01,9.000882269655812173e-01
6.565457504107301556e-01,8.439632117924467103e-01
5.603314386853566198e-01,7.477489000670732855e-01
4.560992676495353448e-01,6.395077993760280854e-01
3.558760262689379950e-01,4.751416835118484339e-01
2.516438552331167200e-01,3.187934269581165214e-01
1.474116841972954450e-01,1.263648035073695608e-01
5.921523178236976631e-02,-7.408167925382519448e-02
-3.299015028777981667e-02,-2.745281620150199497e-01
-1.091598137370338173e-01,-4.709657151209907799e-01
-1.853294771862878110e-01,-6.473586199508422068e-01
-2.454634220146462431e-01,-8.037068765045740637e-01
-2.935705778773329833e-01,-9.239747661612909280e-01
-3.416777337400197512e-01,-1.020189077886664464e+00
-3.817670302922586689e-01,-1.088340882025470524e+00
-4.378920454653931760e-01,-1.112394459956814075e+00
-4.900081309833038135e-01,-1.136448037888157403e+00
-5.581599351221100402e-01,-1.132439108232933478e+00
-6.182938799504684724e-01,-1.112394459956814075e+00
-7.104992620206180831e-01,-1.100367670991142299e+00
-8.067135737459915079e-01,-1.088340882025470524e+00
-9.149546744370367080e-01,-1.080323022715022896e+00
-1.031213634438529647e+00,-1.076314093059798971e+00
-1.131436875819127108e+00,-1.076314093059798971e+00
-1.247695835820620047e+00,-1.088340882025470524e+00
-1.247695835820620047e+00,-1.088340882025470524e+00
-1.363954795822112986e+00,-1.100367670991142299e+00
