2.165824246234708261e-01,9.414971295293314002e-01
2.165824246234708261e-01,9.414971295293314002e-01
1.684752687607840860e-01,1.037711441254704825e+00
1.083413239324256677e-01,1.069782878496496004e+00
2.014487151749998206e-02,1.093836456427839332e+00
-7.606944020787349825e-02,1.105863245393511107e+00
-2.163819781407098075e-01,1.057756089530824228e+00
-3.486766567630983360e-01,1.001631074357689721e+00
-5.130427726272780431e-01,8.693363957353011928e-01
-6.413285215944426465e-01,7.210059984920171861e-01
-7.656053409063834359e-01,4.844791488338073271e-01
-8.497928636660851964e-01,2.238987212442541674e-01
-9.059178788392197035e-01,-8.478886220798574624e-02
-8.858732305631003001e-01,-3.734317973841062011e-01
-8.337571450451896071e-01,-6.660836622154504560e-01
-7.134892553884727429e-01,-9.226551601497797739e-01
-5.531320691795169608e-01,-1.167199869118437316e+00
-3.566945160735461307e-01,-1.351610633258736538e+00
-1.362033850362319165e-01,-1.499941030502020656e+00
1.043323942772017704e-01,-1.588137482916946341e+00
3.448681735906354850e-01,-1.636244638779632998e+00
5.693682342831736243e-01,-1.632235709124409073e+00
7.698147170443683240e-01,-1.572101764296050863e+00
9.381897625637719562e-01,-1.459851733949781627e+00
1.058457652220488709e+00,-1.287467758775154181e+00
1.138636245324966767e+00,-1.070985557393063781e+00
1.150663034290638320e+00,-8.104051298035107598e-01
1.114582667393623217e+00,-5.137443353169425242e-01
1.010350496357802053e+00,-1.810031739333592127e-01
8.700379584249656739e-01,1.437201281397762764e-01
6.856271942846665635e-01,4.283541336606728200e-01
4.731539225578000885e-01,6.769077722845543432e-01
2.486538618652620047e-01,8.573096067696295286e-01
8.118082551828295287e-03,9.615417778054508036e-01
-1.923284002093664513e-01,1.013657863323361497e+00
-4.168284609019045628e-01,9.615417778054508036e-01
-5.811945767660842144e-01,8.292470991830622751e-01
-6.894356774571294144e-01,6.728988426293304181e-01
-7.656053409063834359e-01,4.644345005576878682e-01
-7.736232002168311750e-01,2.599790881412692434e-01
