6.380000000000000000e+02,-1.399000000000000000e+03
6.360000000000000000e+02,-1.417000000000000000e+03
6.360000000000000000e+02,-1.417000000000000000e+03
6.350000000000000000e+02,-1.453000000000000000e+03
6.300000000000000000e+02,-1.483000000000000000e+03
6.330000000000000000e+02,-1.512000000000000000e+03
6.290000000000000000e+02,-1.554000000000000000e+03
6.360000000000000000e+02,-1.590000000000000000e+03
6.410000000000000000e+02,-1.635000000000000000e+03
6.560000000000000000e+02,-1.673000000000000000e+03
6.720000000000000000e+02,-1.712000000000000000e+03
7.010000000000000000e+02,-1.744000000000000000e+03
7.330000000000000000e+02,-1.772000000000000000e+03
7.750000000000000000e+02,-1.793000000000000000e+03
8.220000000000000000e+02,-1.809000000000000000e+03
8.700000000000000000e+02,-1.819000000000000000e+03
9.230000000000000000e+02,-1.822000000000000000e+03
9.660000000000000000e+02,-1.824000000000000000e+03
1.010000000000000000e+03,-1.818000000000000000e+03
1.052000000000000000e+03,-1.806000000000000000e+03
1.084000000000000000e+03,-1.790000000000000000e+03
1.105000000000000000e+03,-1.771000000000000000e+03
