3.530000000000000000e+02,-6.950000000000000000e+02
3.450000000000000000e+02,-7.100000000000000000e+02
3.430000000000000000e+02,-7.290000000000000000e+02
3.500000000000000000e+02,-7.560000000000000000e+02
3.740000000000000000e+02,-7.830000000000000000e+02
4.000000000000000000e+02,-8.260000000000000000e+02
4.420000000000000000e+02,-8.650000000000000000e+02
4.860000000000000000e+02,-9.130000000000000000e+02
5.410000000000000000e+02,-9.580000000000000000e+02
5.940000000000000000e+02,-1.005000000000000000e+03
6.470000000000000000e+02,-1.050000000000000000e+03
6.970000000000000000e+02,-1.084000000000000000e+03
7.430000000000000000e+02,-1.114000000000000000e+03
7.820000000000000000e+02,-1.131000000000000000e+03
8.050000000000000000e+02,-1.148000000000000000e+03
8.270000000000000000e+02,-1.157000000000000000e+03
8.390000000000000000e+02,-1.156000000000000000e+03
8.390000000000000000e+02,-1.156000000000000000e+03
8.370000000000000000e+02,-1.143000000000000000e+03
