1.762497287707360527e-01,1.361532734155415314e+00
1.562050804946165661e-01,1.437702397604669224e+00
1.562050804946165661e-01,1.437702397604669224e+00
1.361604322184970794e-01,1.513872061053923357e+00
1.361604322184970794e-01,1.513872061053923357e+00
1.361604322184970794e-01,1.513872061053923357e+00
1.361604322184970794e-01,1.513872061053923357e+00
1.241336432528254013e-01,1.445720256915117075e+00
1.441782915289448741e-01,1.365541663810639239e+00
1.361604322184970794e-01,1.233246985188250600e+00
1.481872211841687714e-01,1.080907658289742557e+00
1.441782915289448741e-01,8.764522458733240429e-01
1.562050804946165661e-01,6.599700444912337538e-01
1.562050804946165661e-01,4.194342651778000253e-01
1.802586584259599500e-01,1.829074155195901941e-01
1.882765177364077169e-01,-5.361943413861959551e-02
2.043122363573033062e-01,-2.781194948311577209e-01
2.123300956677511009e-01,-4.745570479371285511e-01
2.243568846334227929e-01,-6.389231638013082026e-01
2.243568846334227929e-01,-7.792357017341445813e-01
2.163390253229749982e-01,-8.914857320804135954e-01
1.802586584259599500e-01,-9.836911141505632061e-01
1.241336432528254013e-01,-1.039816129323697824e+00
3.994612049312361302e-02,-1.079905425875936631e+00
-6.829498019792154540e-02,-1.136030441049071138e+00
-1.925717995098622792e-01,-1.188146526566981942e+00
-3.449111264083702943e-01,-1.248280471395340374e+00
-4.972504533068782817e-01,-1.328459064499818210e+00
-6.415719208949385299e-01,-1.416655516914743895e+00
-7.618398105516553942e-01,-1.516878758295341134e+00
-8.460273333113571548e-01,-1.641155577607281923e+00
-8.700809112427004832e-01,-1.773450256229670563e+00
-8.420184036561332297e-01,-1.901736005196835055e+00
-7.498130215859837300e-01,-2.034030683819223473e+00
-6.095004836531473513e-01,-2.154298573475940337e+00
-4.371165084785199051e-01,-2.262539674166985648e+00
-2.366700257173251221e-01,-2.362762915547583109e+00
-3.221461330090649722e-02,-2.446950438307284870e+00
1.762497287707360527e-01,-2.507084383135643080e+00
3.486337039453635267e-01,-2.547173679687882331e+00
4.929551715334237194e-01,-2.583254046584897434e+00
6.452944984319317623e-01,-2.571227257619225437e+00
7.655623880886486265e-01,-2.543164750032658183e+00
8.337141922274547978e-01,-2.519111172101315077e+00
9.098838556767088193e-01,-2.434923649341613316e+00
9.539820818841716621e-01,-2.342718267271463706e+00
