-8.041662330275681780e-01,1.185954143161781271e+00
-8.041662330275681780e-01,1.185954143161781271e+00
-8.041662330275681780e-01,1.185954143161781271e+00
-8.041662330275681780e-01,1.185954143161781271e+00
-8.041662330275681780e-01,1.185954143161781271e+00
-8.041662330275681780e-01,1.185954143161781271e+00
-6.277733281977168067e-01,1.470588148682677732e+00
-6.277733281977168067e-01,1.470588148682677732e+00
-6.277733281977168067e-01,1.470588148682677732e+00
-3.752107599186114140e-01,1.574820319718499118e+00
-3.752107599186114140e-01,1.574820319718499118e+00
-3.752107599186114140e-01,1.574820319718499118e+00
-3.752107599186114140e-01,1.574820319718499118e+00
-2.348982219857750908e-01,1.197980932127453046e+00
-2.348982219857750908e-01,1.197980932127453046e+00
-3.311125337111485711e-01,8.171326148811829393e-01
-3.311125337111485711e-01,8.171326148811829393e-01
-5.034965088857760174e-01,5.004271721184953003e-01
-5.034965088857760174e-01,5.004271721184953003e-01
-5.034965088857760174e-01,5.004271721184953003e-01
-7.841215847514486637e-01,3.280431969438677986e-01
-7.841215847514486637e-01,3.280431969438677986e-01
-7.841215847514486637e-01,3.280431969438677986e-01
-9.204251930290611172e-01,6.006504134990926502e-01
-9.204251930290611172e-01,6.006504134990926502e-01
-9.204251930290611172e-01,6.006504134990926502e-01
-7.921394440618965138e-01,9.093379969513325500e-01
-7.921394440618965138e-01,9.093379969513325500e-01
