7.020000000000000000e+02,-1.260000000000000000e+03
6.770000000000000000e+02,-1.257000000000000000e+03
6.530000000000000000e+02,-1.251000000000000000e+03
6.300000000000000000e+02,-1.249000000000000000e+03
6.050000000000000000e+02,-1.254000000000000000e+03
6.050000000000000000e+02,-1.254000000000000000e+03
5.830000000000000000e+02,-1.252000000000000000e+03
5.830000000000000000e+02,-1.252000000000000000e+03
5.830000000000000000e+02,-1.252000000000000000e+03
6.170000000000000000e+02,-1.252000000000000000e+03
6.480000000000000000e+02,-1.254000000000000000e+03
6.920000000000000000e+02,-1.255000000000000000e+03
7.430000000000000000e+02,-1.255000000000000000e+03
8.020000000000000000e+02,-1.258000000000000000e+03
8.650000000000000000e+02,-1.264000000000000000e+03
9.270000000000000000e+02,-1.271000000000000000e+03
9.840000000000000000e+02,-1.281000000000000000e+03
1.034000000000000000e+03,-1.293000000000000000e+03
1.072000000000000000e+03,-1.310000000000000000e+03
1.100000000000000000e+03,-1.328000000000000000e+03
1.116000000000000000e+03,-1.352000000000000000e+03
1.122000000000000000e+03,-1.376000000000000000e+03
1.114000000000000000e+03,-1.402000000000000000e+03
1.094000000000000000e+03,-1.429000000000000000e+03
1.064000000000000000e+03,-1.459000000000000000e+03
1.025000000000000000e+03,-1.492000000000000000e+03
9.770000000000000000e+02,-1.530000000000000000e+03
9.200000000000000000e+02,-1.569000000000000000e+03
8.590000000000000000e+02,-1.611000000000000000e+03
7.940000000000000000e+02,-1.656000000000000000e+03
7.330000000000000000e+02,-1.702000000000000000e+03
6.740000000000000000e+02,-1.745000000000000000e+03
6.240000000000000000e+02,-1.787000000000000000e+03
5.790000000000000000e+02,-1.825000000000000000e+03
5.460000000000000000e+02,-1.857000000000000000e+03
5.200000000000000000e+02,-1.884000000000000000e+03
5.050000000000000000e+02,-1.907000000000000000e+03
4.970000000000000000e+02,-1.923000000000000000e+03
4.970000000000000000e+02,-1.923000000000000000e+03
5.160000000000000000e+02,-1.943000000000000000e+03
5.410000000000000000e+02,-1.947000000000000000e+03
5.770000000000000000e+02,-1.946000000000000000e+03
6.240000000000000000e+02,-1.940000000000000000e+03
6.830000000000000000e+02,-1.931000000000000000e+03
7.480000000000000000e+02,-1.919000000000000000e+03
8.160000000000000000e+02,-1.905000000000000000e+03
8.850000000000000000e+02,-1.893000000000000000e+03
9.480000000000000000e+02,-1.882000000000000000e+03
1.001000000000000000e+03,-1.873000000000000000e+03
1.046000000000000000e+03,-1.867000000000000000e+03
1.081000000000000000e+03,-1.867000000000000000e+03
1.105000000000000000e+03,-1.869000000000000000e+03
1.120000000000000000e+03,-1.872000000000000000e+03
1.120000000000000000e+03,-1.872000000000000000e+03
1.120000000000000000e+03,-1.872000000000000000e+03
1.120000000000000000e+03,-1.872000000000000000e+03
1.134000000000000000e+03,-1.876000000000000000e+03
1.134000000000000000e+03,-1.876000000000000000e+03
1.134000000000000000e+03,-1.876000000000000000e+03
1.111000000000000000e+03,-1.866000000000000000e+03
1.111000000000000000e+03,-1.866000000000000000e+03
