7.910000000000000000e+02,-1.696000000000000000e+03
7.910000000000000000e+02,-1.696000000000000000e+03
7.630000000000000000e+02,-1.704000000000000000e+03
7.630000000000000000e+02,-1.704000000000000000e+03
7.630000000000000000e+02,-1.704000000000000000e+03
7.630000000000000000e+02,-1.704000000000000000e+03
7.920000000000000000e+02,-1.714000000000000000e+03
8.190000000000000000e+02,-1.716000000000000000e+03
8.550000000000000000e+02,-1.714000000000000000e+03
8.990000000000000000e+02,-1.713000000000000000e+03
9.500000000000000000e+02,-1.710000000000000000e+03
1.003000000000000000e+03,-1.705000000000000000e+03
1.074000000000000000e+03,-1.690000000000000000e+03
1.128000000000000000e+03,-1.687000000000000000e+03
1.201000000000000000e+03,-1.668000000000000000e+03
