-7.629995366304880289e-01,2.084643420716443540e-02
-7.629995366304880289e-01,2.084643420716443540e-02
-7.629995366304880289e-01,2.084643420716443540e-02
-8.030888331827269466e-01,-1.523393268985061798e-02
-8.391692000797419393e-01,-5.933215889731346254e-02
-8.391692000797419393e-01,-9.541252579432851766e-02
-8.872763559424287072e-01,-1.836089782092542033e-01
-8.993031449081003714e-01,-2.677965009689560194e-01
-9.353835118051154751e-01,-4.000911795913445479e-01
-9.434013711155632143e-01,-5.323858582137330764e-01
-9.393924414603394002e-01,-6.927430444226888584e-01
-8.912852855976526323e-01,-8.330555823555251260e-01
-8.151156221483986108e-01,-9.693591906331375796e-01
-6.908388028364578215e-01,-1.069582432013735040e+00
-5.384994759379498896e-01,-1.129716376842093473e+00
-3.420619228319790039e-01,-1.137734236152541101e+00
-1.255797214498886871e-01,-1.093636009945078369e+00
1.109471282083211163e-01,-9.813859795988092438e-01
3.394561185560830974e-01,-8.370645120107490511e-01
5.439115309725017777e-01,-6.446358885600020905e-01
7.203044358023531490e-01,-4.441894057988073907e-01
8.566080440799656026e-01,-2.557697120032842997e-01
9.528223558053390274e-01,-7.135894786298514758e-02
9.929116523575779452e-01,6.895359006985117556e-02
9.808848633919062809e-01,1.731857611056724366e-01
9.047151999426522595e-01,2.052571983474636153e-01
8.245366068381744240e-01,2.092661280026874848e-01
7.082776468366814848e-01,1.491321831743290804e-01
5.799918978695167704e-01,6.494466041462727823e-02
4.517061489023521670e-01,-2.325179200029840743e-02
3.394561185560830974e-01,-1.355018223465674632e-01
