9.140000000000000000e+02,-1.337000000000000000e+03
9.140000000000000000e+02,-1.337000000000000000e+03
9.290000000000000000e+02,-1.329000000000000000e+03
9.290000000000000000e+02,-1.329000000000000000e+03
9.240000000000000000e+02,-1.352000000000000000e+03
9.170000000000000000e+02,-1.367000000000000000e+03
8.980000000000000000e+02,-1.391000000000000000e+03
8.820000000000000000e+02,-1.412000000000000000e+03
8.580000000000000000e+02,-1.442000000000000000e+03
8.350000000000000000e+02,-1.471000000000000000e+03
8.080000000000000000e+02,-1.500000000000000000e+03
7.870000000000000000e+02,-1.528000000000000000e+03
7.670000000000000000e+02,-1.552000000000000000e+03
7.540000000000000000e+02,-1.575000000000000000e+03
7.430000000000000000e+02,-1.595000000000000000e+03
7.390000000000000000e+02,-1.608000000000000000e+03
7.390000000000000000e+02,-1.608000000000000000e+03
7.450000000000000000e+02,-1.622000000000000000e+03
7.450000000000000000e+02,-1.622000000000000000e+03
7.690000000000000000e+02,-1.634000000000000000e+03
7.870000000000000000e+02,-1.638000000000000000e+03
8.080000000000000000e+02,-1.641000000000000000e+03
8.320000000000000000e+02,-1.647000000000000000e+03
8.610000000000000000e+02,-1.653000000000000000e+03
8.890000000000000000e+02,-1.661000000000000000e+03
9.200000000000000000e+02,-1.671000000000000000e+03
9.480000000000000000e+02,-1.685000000000000000e+03
9.750000000000000000e+02,-1.691000000000000000e+03
9.960000000000000000e+02,-1.699000000000000000e+03
1.016000000000000000e+03,-1.705000000000000000e+03
1.030000000000000000e+03,-1.709000000000000000e+03
1.030000000000000000e+03,-1.709000000000000000e+03
1.049000000000000000e+03,-1.714000000000000000e+03
1.049000000000000000e+03,-1.714000000000000000e+03
1.049000000000000000e+03,-1.714000000000000000e+03
1.073000000000000000e+03,-1.706000000000000000e+03
1.073000000000000000e+03,-1.706000000000000000e+03
1.106000000000000000e+03,-1.697000000000000000e+03
1.128000000000000000e+03,-1.694000000000000000e+03
