-1.100425158348210974e+00,8.959697459317919055e-01
-1.100425158348210974e+00,9.681304797258220018e-01
-1.044300143175076467e+00,1.092407299037762680e+00
-1.016237635588509214e+00,1.184612681107912291e+00
-9.841661983467180352e-01,1.260782344557166423e+00
-9.440769017944791175e-01,1.340960937661644259e+00
-9.440769017944791175e-01,1.340960937661644259e+00
-8.879518866213446104e-01,1.389068093524330916e+00
-8.999786755870162747e-01,1.328934148695972484e+00
-8.839429569661206854e-01,1.256773414901942498e+00
-9.079965348974641248e-01,1.100425158348210530e+00
-9.200233238631357890e-01,9.120054645526874948e-01
-9.601126204153747068e-01,6.474161073079104378e-01
-9.801572686914942212e-01,3.748088907526855862e-01
-1.020246565243733139e+00,6.612130730044568638e-02
-1.044300143175076467e+00,-2.345484168413464188e-01
-1.076371580416867646e+00,-5.272002816726907293e-01
-1.088398369382539421e+00,-7.717449906413483829e-01
-1.092407299037763346e+00,-9.922361216786625970e-01
-1.080380510072091571e+00,-1.140566518921946715e+00
-1.056326932140748243e+00,-1.232771900992096326e+00
-1.056326932140748243e+00,-1.232771900992096326e+00
-9.561036907601507817e-01,-1.256825478923439654e+00
-9.120054645526879389e-01,-1.176646885818961819e+00
-8.598893790347773569e-01,-1.056378996162244954e+00
-7.997554342064189248e-01,-8.960218099532890612e-01
-7.356125597228365676e-01,-6.995842568473182865e-01
-6.634518259288064712e-01,-4.911199147756756811e-01
-6.033178811004480391e-01,-2.946823616697048509e-01
-5.552107252377613822e-01,-1.222983864950773630e-01
-5.071035693750746143e-01,2.202308109298284702e-02
-4.469696245467161821e-01,1.342731114392519132e-01
-3.868356797183577500e-01,1.863891969571625506e-01
-3.186838755795515232e-01,1.984159859228342149e-01
-2.465231417855214269e-01,1.583266893705952694e-01
-1.703534783362674054e-01,8.616595557656517301e-02
-7.814809626611783633e-02,9.996292127311163719e-03
1.806621545925564398e-02,-6.216444166671894478e-02
1.222983864950769189e-01,-1.263073161503012742e-01
2.305394871861220774e-01,-1.864412609786596786e-01
3.307627285667194550e-01,-2.104948389100030626e-01
4.349948996025407300e-01,-1.944591202891074733e-01
5.312092113279142103e-01,-1.383341051159729385e-01
6.274235230532876351e-01,-3.811086373537557470e-02
7.076021161577655816e-01,9.819274454223685111e-02
7.917896389174673422e-01,2.665677900616404417e-01
8.559325134010496994e-01,4.710232024780590665e-01
9.200753878846320566e-01,6.834964742049255415e-01
9.802093327129903777e-01,8.999786755870158306e-01
1.028316488575677257e+00,1.100425158348210530e+00
1.056378996162244510e+00,1.272809133522837977e+00
1.076423644438363914e+00,1.421139530766122094e+00
1.080432574093587839e+00,1.521362772146719555e+00
1.076423644438363914e+00,1.577487787319854062e+00
1.076423644438363914e+00,1.577487787319854062e+00
1.032325418230900960e+00,1.505327053525824077e+00
9.842182623682143028e-01,1.373032374903435437e+00
9.441289658159753850e-01,1.184612681107912291e+00
8.880039506428408780e-01,9.440769017944786734e-01
8.439057244353780352e-01,6.594428962735821020e-01
7.917896389174673422e-01,3.427374535108944631e-01
7.476914127100044993e-01,1.801415143775895317e-02
6.995842568473177314e-01,-3.067091506353765151e-01
6.715217492607504779e-01,-6.153967340876164149e-01
6.394503120189594103e-01,-8.839950209876173970e-01
6.274235230532876351e-01,-1.116512940990603386e+00
6.234145933980638210e-01,-1.292905845820454758e+00
6.234145933980638210e-01,-1.425200524442843175e+00
6.394503120189594103e-01,-1.509388047202544936e+00
6.594949602950788137e-01,-1.569521992030903368e+00
6.594949602950788137e-01,-1.569521992030903368e+00
7.236378347786611709e-01,-1.629655936859261800e+00
7.957985685726912672e-01,-1.605602358927918472e+00
8.559325134010496994e-01,-1.593575569962246696e+00
9.120575285741842064e-01,-1.581548780996575143e+00
9.802093327129903777e-01,-1.557495203065231815e+00
1.040343277541348810e+00,-1.533441625133888486e+00
