1.031000000000000000e+03,-2.068000000000000000e+03
1.031000000000000000e+03,-2.068000000000000000e+03
1.027000000000000000e+03,-2.086000000000000000e+03
1.027000000000000000e+03,-2.086000000000000000e+03
1.063000000000000000e+03,-2.110000000000000000e+03
1.088000000000000000e+03,-2.128000000000000000e+03
1.132000000000000000e+03,-2.131000000000000000e+03
1.188000000000000000e+03,-2.134000000000000000e+03
1.248000000000000000e+03,-2.140000000000000000e+03
1.308000000000000000e+03,-2.134000000000000000e+03
1.367000000000000000e+03,-2.119000000000000000e+03
1.420000000000000000e+03,-2.099000000000000000e+03
