3.660000000000000000e+02,-6.280000000000000000e+02
3.660000000000000000e+02,-6.280000000000000000e+02
3.610000000000000000e+02,-6.100000000000000000e+02
3.610000000000000000e+02,-6.100000000000000000e+02
3.640000000000000000e+02,-5.940000000000000000e+02
3.790000000000000000e+02,-5.870000000000000000e+02
3.910000000000000000e+02,-5.870000000000000000e+02
4.150000000000000000e+02,-5.840000000000000000e+02
4.400000000000000000e+02,-5.840000000000000000e+02
4.730000000000000000e+02,-5.830000000000000000e+02
5.080000000000000000e+02,-5.840000000000000000e+02
5.450000000000000000e+02,-5.840000000000000000e+02
5.770000000000000000e+02,-5.840000000000000000e+02
6.050000000000000000e+02,-5.850000000000000000e+02
6.260000000000000000e+02,-5.860000000000000000e+02
6.390000000000000000e+02,-5.880000000000000000e+02
6.390000000000000000e+02,-5.880000000000000000e+02
6.390000000000000000e+02,-5.880000000000000000e+02
6.260000000000000000e+02,-6.000000000000000000e+02
6.060000000000000000e+02,-6.070000000000000000e+02
5.810000000000000000e+02,-6.180000000000000000e+02
5.550000000000000000e+02,-6.300000000000000000e+02
5.290000000000000000e+02,-6.460000000000000000e+02
5.050000000000000000e+02,-6.670000000000000000e+02
4.830000000000000000e+02,-6.920000000000000000e+02
4.670000000000000000e+02,-7.210000000000000000e+02
4.530000000000000000e+02,-7.540000000000000000e+02
4.430000000000000000e+02,-7.900000000000000000e+02
4.330000000000000000e+02,-8.300000000000000000e+02
4.230000000000000000e+02,-8.710000000000000000e+02
4.140000000000000000e+02,-9.130000000000000000e+02
3.990000000000000000e+02,-9.530000000000000000e+02
3.820000000000000000e+02,-9.890000000000000000e+02
3.710000000000000000e+02,-1.017000000000000000e+03
3.540000000000000000e+02,-1.041000000000000000e+03
3.430000000000000000e+02,-1.053000000000000000e+03
