7.914098778194939010e-01,5.062256270518015189e-01
7.914098778194939010e-01,5.062256270518015189e-01
7.713652295433744976e-01,5.743774311906078012e-01
7.112312847150160655e-01,5.783863608458316152e-01
6.350616212657620441e-01,5.182524160174731831e-01
5.548830281612840976e-01,4.661363304995626011e-01
4.346151385045672888e-01,3.378505815323979422e-01
3.063293895374026299e-01,2.055559029100094137e-01
1.700257812597902041e-01,6.123443532194920713e-02
4.174003229262557985e-02,-8.709596192133491066e-02
-6.650106839841958550e-02,-2.354263591646190146e-01
-1.466796615028974904e-01,-3.917746157183509270e-01
-1.867689580551364359e-01,-5.080335757198438662e-01
-1.747421690894647439e-01,-6.042478874452174020e-01
-1.346528725372257984e-01,-6.844264805496952375e-01
-4.244749046707621543e-02,-7.605961439989492590e-01
5.376682125829726488e-02,-8.528015260690988697e-01
1.860614998806857934e-01,-9.369890488288006303e-01
2.943026005717309657e-01,-1.057256938485517495e+00
4.346151385045672888e-01,-1.165498039176562584e+00
5.428562391956124333e-01,-1.337882014351190030e+00
6.510973398866576334e-01,-1.482203481939250445e+00
7.553295109224789083e-01,-1.654587457113877891e+00
8.074455964403894903e-01,-1.826971432288505337e+00
8.755974005791957726e-01,-1.975301829531789455e+00
9.597849233388975332e-01,-2.083542930222834766e+00
1.015909938512032040e+00,-2.175748312292984377e+00
1.092079601961285951e+00,-2.235882257121342587e+00
