-2.827249913993613029e-01,1.087438077430494143e+00
-3.268232176068241457e-01,1.175634529845419829e+00
-4.029928810560781671e-01,1.235768474673778261e+00
-4.831714741605560581e-01,1.319955997433480022e+00
-5.312786300232428260e-01,1.404143520193181782e+00
-6.154661527829445866e-01,1.472295324331988065e+00
-6.635733086456313545e-01,1.576527495367809228e+00
-7.557786907157809653e-01,1.616616791920048257e+00
-8.038858465784676222e-01,1.684768596058854317e+00
-8.960912286486172329e-01,1.688777525714078243e+00
-9.482073141665279259e-01,1.688777525714078243e+00
-1.016359118305334208e+00,1.612607862264824332e+00
-1.068475203823244790e+00,1.520402480194674721e+00
-1.116582359685931447e+00,1.356036364330495125e+00
-1.140635937617274775e+00,1.163607740879748054e+00
-1.152662726582946551e+00,9.391076801872099145e-01
-1.136627007962050850e+00,7.105986898394479612e-01
-1.092528781754588119e+00,4.740718401812381577e-01
-1.016359118305334208e+00,2.696164277648194774e-01
-9.201448065799606724e-01,9.322352293496811992e-02
-7.838411983023482188e-01,-2.704436672174873046e-02
-6.475375900247357652e-01,-9.920510051577884070e-02
-4.711446851948843939e-01,-1.112318894814505188e-01
-3.027696396754808172e-01,-6.713366327398767597e-02
-1.343945941560772128e-01,9.036000175266324652e-03
5.917943776759104248e-03,1.252949601767592847e-01
1.261858334334759468e-01,2.696164277648194774e-01
2.103733561931777352e-01,4.339825436289991845e-01
2.705073010215361951e-01,6.023575891484027611e-01
3.025787382633273181e-01,7.707326346678063933e-01
3.025787382633273181e-01,9.391076801872099145e-01
2.825340899872078593e-01,1.067393429154374518e+00
2.584805120558644753e-01,1.175634529845419829e+00
2.424447934349689138e-01,1.243786333984225889e+00
2.424447934349689138e-01,1.243786333984225889e+00
2.424447934349689138e-01,1.243786333984225889e+00
2.705073010215361951e-01,1.139554162948404725e+00
3.266323161946707021e-01,9.912237657051206074e-01
4.068109092991485931e-01,7.707326346678063933e-01
4.909984320588504092e-01,5.061432774230293363e-01
5.912216734394477591e-01,2.054735532812371757e-01
7.195074224066123625e-01,-1.112318894814505188e-01
8.598199603394487411e-01,-4.359551915545860079e-01
9.840967796513894195e-01,-7.446427750068259632e-01
1.104364669308106395e+00,-1.029276780527722535e+00
1.216614699654375409e+00,-1.289857208117275666e+00
1.292784363103629319e+00,-1.506339409499365845e+00
1.348909378276763826e+00,-1.662687666053097812e+00
1.364945096897659527e+00,-1.782955555709814677e+00
1.336882589311092273e+00,-1.879169867435188213e+00
1.256703996206614216e+00,-1.951330601229218198e+00
1.136436106549897573e+00,-2.003446686747128780e+00
9.680610610304938302e-01,-2.039527053644143884e+00
7.756324375797469806e-01,-2.043535983299368031e+00
5.671680955081044306e-01,-2.043535983299368031e+00
3.707305424021335449e-01,-2.039527053644143884e+00
1.702840596409387897e-01,-2.039527053644143884e+00
1.393580308720689456e-02,-2.015473475712800777e+00
-1.504303127769728021e-01,-2.015473475712800777e+00
-2.546624838127940493e-01,-1.975384179160561748e+00
-3.147964286411524815e-01,-1.971375249505337823e+00
-3.147964286411524815e-01,-1.971375249505337823e+00
-3.147964286411524815e-01,-1.971375249505337823e+00
