2.212200273382638194e-01,1.328194839590723708e+00
2.212200273382638194e-01,1.328194839590723708e+00
2.853629018218461488e-01,1.412382362350425469e+00
2.853629018218461488e-01,1.412382362350425469e+00
3.334700576845328612e-01,1.472516307178783901e+00
3.334700576845328612e-01,1.472516307178783901e+00
3.334700576845328612e-01,1.472516307178783901e+00
3.334700576845328612e-01,1.472516307178783901e+00
2.492825349248310729e-01,1.460489518213112126e+00
1.570771528546814899e-01,1.412382362350425469e+00
3.680926319796464646e-02,1.364275206487738812e+00
-9.949434507964778629e-02,1.292114472693708604e+00
-2.638604609438274795e-01,1.195900160968335069e+00
-4.522801547393505150e-01,1.075632271311618204e+00
-6.447087781900975312e-01,9.232929444131102725e-01
-8.251106126751727166e-01,7.469000395832589012e-01
-1.009521376815471827e+00,5.344267678563924262e-01
-1.153842844403532242e+00,3.179445664743021371e-01
-1.274110734060248884e+00,7.740878716086845024e-02
-1.350280397509503016e+00,-1.591180624973413671e-01
-1.394378623716965748e+00,-4.076717011212228625e-01
-1.382351834751294195e+00,-6.401896211242087409e-01
-1.314200030612487913e+00,-8.606807521615229550e-01
-1.205958929921442824e+00,-1.041082586646598251e+00
-1.045601743712486931e+00,-1.185404054234658444e+00
-8.371374016408444918e-01,-1.289636225270479830e+00
-6.046194816378585024e-01,-1.329725521822718637e+00
-3.600747726692009598e-01,-1.353779099754061965e+00
-1.195389933557672590e-01,-1.341752310788390412e+00
1.049610673367708663e-01,-1.289636225270479830e+00
2.853629018218461488e-01,-1.209457632166001773e+00
4.377022287203541362e-01,-1.121261179751076087e+00
5.258986811352798219e-01,-1.009011149404807073e+00
5.699969073427426647e-01,-9.007700487137618728e-01
5.579701183770710005e-01,-8.005468073331645229e-01
5.018451032039364934e-01,-6.963146362973432479e-01
4.256754397546824720e-01,-6.121271135376414874e-01
3.094164797531894773e-01,-5.319485204331635408e-01
1.931575197516965381e-01,-4.718145756048051642e-01
8.090748940542749623e-02,-4.237074197421183963e-01
-2.332468163039377873e-02,-3.956449121555511428e-01
-9.548541542442388896e-02,-3.715913342242077588e-01
-9.548541542442388896e-02,-3.715913342242077588e-01
-9.548541542442388896e-02,-3.715913342242077588e-01
-9.548541542442388896e-02,-3.715913342242077588e-01
8.491641906065137968e-02,-2.914127411197298678e-01
2.332468163039354836e-01,-2.673591631883865394e-01
4.256754397546824720e-01,-2.312787962913714634e-01
6.381487114815488360e-01,-1.871805700839086206e-01
8.546309128636392360e-01,-1.390734142212218805e-01
1.067104184590505600e+00,-8.695732870331124298e-02
1.275568526662148150e+00,-1.880552456450503007e-02
1.379800697697969536e+00,-2.682338387495282125e-02
1.500068587354686400e+00,1.727484233251002158e-02
1.500068587354686400e+00,1.727484233251002158e-02
