-1.013311637580410540e+00,6.522892997199752907e-01
-1.061418793443097419e+00,6.643160886856470659e-01
-1.061418793443097419e+00,6.643160886856470659e-01
-1.117543808616231926e+00,6.763428776513187302e-01
-1.073445582408768972e+00,6.923785962722143195e-01
-1.037365215511754091e+00,6.723339479960948051e-01
-9.411509037863805549e-01,6.723339479960948051e-01
-8.329098030953353549e-01,6.522892997199752907e-01
-6.845794058520512371e-01,6.402625107543036265e-01
-5.242222196430954551e-01,6.202178624781842231e-01
-3.478293148132440837e-01,6.162089328229602980e-01
-1.594096210177210204e-01,6.041821438572886338e-01
3.702793208824984444e-02,6.041821438572886338e-01
2.294565555389967981e-01,6.041821438572886338e-01
4.018405307136242999e-01,6.041821438572886338e-01
5.621977169225800264e-01,6.081910735125124479e-01
7.145370438210880693e-01,6.162089328229602980e-01
8.548495817539244479e-01,6.202178624781842231e-01
9.791264010658651262e-01,6.202178624781842231e-01
1.083358572101686512e+00,6.162089328229602980e-01
1.159528235550940423e+00,6.081910735125124479e-01
1.243715758310642183e+00,6.081910735125124479e-01
1.243715758310642183e+00,6.081910735125124479e-01
1.311867562449448466e+00,5.640928473050496050e-01
1.311867562449448466e+00,5.640928473050496050e-01
1.311867562449448466e+00,5.640928473050496050e-01
1.311867562449448466e+00,5.640928473050496050e-01
