6.860000000000000000e+02,-1.231000000000000000e+03
6.860000000000000000e+02,-1.231000000000000000e+03
6.860000000000000000e+02,-1.231000000000000000e+03
7.090000000000000000e+02,-1.224000000000000000e+03
7.460000000000000000e+02,-1.222000000000000000e+03
7.840000000000000000e+02,-1.225000000000000000e+03
8.380000000000000000e+02,-1.219000000000000000e+03
8.940000000000000000e+02,-1.221000000000000000e+03
9.500000000000000000e+02,-1.221000000000000000e+03
1.007000000000000000e+03,-1.218000000000000000e+03
1.057000000000000000e+03,-1.216000000000000000e+03
1.093000000000000000e+03,-1.219000000000000000e+03
1.120000000000000000e+03,-1.216000000000000000e+03
1.140000000000000000e+03,-1.215000000000000000e+03
