8.830000000000000000e+02,-9.280000000000000000e+02
8.810000000000000000e+02,-9.390000000000000000e+02
8.690000000000000000e+02,-9.630000000000000000e+02
8.600000000000000000e+02,-9.840000000000000000e+02
8.500000000000000000e+02,-1.009000000000000000e+03
8.370000000000000000e+02,-1.037000000000000000e+03
8.370000000000000000e+02,-1.037000000000000000e+03
8.240000000000000000e+02,-1.085000000000000000e+03
8.260000000000000000e+02,-1.100000000000000000e+03
8.260000000000000000e+02,-1.100000000000000000e+03
8.390000000000000000e+02,-1.117000000000000000e+03
8.490000000000000000e+02,-1.118000000000000000e+03
8.660000000000000000e+02,-1.113000000000000000e+03
8.790000000000000000e+02,-1.104000000000000000e+03
8.950000000000000000e+02,-1.090000000000000000e+03
9.050000000000000000e+02,-1.073000000000000000e+03
9.130000000000000000e+02,-1.057000000000000000e+03
9.160000000000000000e+02,-1.039000000000000000e+03
9.170000000000000000e+02,-1.024000000000000000e+03
9.110000000000000000e+02,-1.012000000000000000e+03
9.040000000000000000e+02,-9.990000000000000000e+02
8.970000000000000000e+02,-9.900000000000000000e+02
8.840000000000000000e+02,-9.850000000000000000e+02
8.840000000000000000e+02,-9.850000000000000000e+02
8.700000000000000000e+02,-9.780000000000000000e+02
8.700000000000000000e+02,-9.780000000000000000e+02
8.610000000000000000e+02,-9.820000000000000000e+02
