8.710000000000000000e+02,-1.465000000000000000e+03
8.500000000000000000e+02,-1.463000000000000000e+03
8.310000000000000000e+02,-1.457000000000000000e+03
8.030000000000000000e+02,-1.459000000000000000e+03
7.700000000000000000e+02,-1.468000000000000000e+03
7.420000000000000000e+02,-1.475000000000000000e+03
7.070000000000000000e+02,-1.495000000000000000e+03
6.830000000000000000e+02,-1.515000000000000000e+03
6.560000000000000000e+02,-1.545000000000000000e+03
6.390000000000000000e+02,-1.578000000000000000e+03
6.290000000000000000e+02,-1.617000000000000000e+03
6.300000000000000000e+02,-1.653000000000000000e+03
6.420000000000000000e+02,-1.692000000000000000e+03
6.650000000000000000e+02,-1.727000000000000000e+03
6.950000000000000000e+02,-1.757000000000000000e+03
7.310000000000000000e+02,-1.778000000000000000e+03
7.750000000000000000e+02,-1.790000000000000000e+03
8.230000000000000000e+02,-1.790000000000000000e+03
8.700000000000000000e+02,-1.780000000000000000e+03
9.140000000000000000e+02,-1.762000000000000000e+03
9.480000000000000000e+02,-1.735000000000000000e+03
9.750000000000000000e+02,-1.699000000000000000e+03
9.900000000000000000e+02,-1.661000000000000000e+03
9.950000000000000000e+02,-1.622000000000000000e+03
9.870000000000000000e+02,-1.581000000000000000e+03
9.690000000000000000e+02,-1.545000000000000000e+03
9.410000000000000000e+02,-1.513000000000000000e+03
9.060000000000000000e+02,-1.491000000000000000e+03
8.700000000000000000e+02,-1.472000000000000000e+03
8.280000000000000000e+02,-1.471000000000000000e+03
7.900000000000000000e+02,-1.474000000000000000e+03
7.670000000000000000e+02,-1.486000000000000000e+03
7.510000000000000000e+02,-1.509000000000000000e+03
7.510000000000000000e+02,-1.528000000000000000e+03
