-4.808210005234159201e-01,1.176996690963390435e+00
-4.447406336264008164e-01,1.325327088206674553e+00
-4.447406336264008164e-01,1.377443173724585135e+00
-4.447406336264008164e-01,1.377443173724585135e+00
-4.567674225920725362e-01,1.309291369585778853e+00
-4.848299301786397897e-01,1.164969901997718660e+00
-4.968567191443114539e-01,9.925859268230912136e-01
-5.369460156965504272e-01,7.480412178544336710e-01
-5.409549453517743522e-01,5.075054385409999425e-01
-5.529817343174460165e-01,2.429160812962228855e-01
-5.369460156965504272e-01,6.389231638013082894e-03
-5.088835081099831736e-01,-2.181108290545250294e-01
-4.367227743159530773e-01,-3.945037338843764285e-01
-3.405084625905795970e-01,-5.267984125067649570e-01
-2.082137839681910407e-01,-6.149948649216906427e-01
-3.983873844878745712e-02,-6.590930911291534855e-01
1.365541663810639073e-01,-6.751288097500490748e-01
3.410095787974825599e-01,-6.390484428530339711e-01
5.895632174213640830e-01,-5.668877090590038748e-01
7.900097001825587828e-01,-4.907180456097499088e-01
9.744204643228580043e-01,-3.624322966425852499e-01
