8.820000000000000000e+02,-9.960000000000000000e+02
8.650000000000000000e+02,-9.900000000000000000e+02
8.650000000000000000e+02,-9.900000000000000000e+02
8.650000000000000000e+02,-9.900000000000000000e+02
8.650000000000000000e+02,-1.041000000000000000e+03
8.820000000000000000e+02,-1.087000000000000000e+03
8.920000000000000000e+02,-1.162000000000000000e+03
9.150000000000000000e+02,-1.233000000000000000e+03
9.300000000000000000e+02,-1.326000000000000000e+03
9.540000000000000000e+02,-1.417000000000000000e+03
9.710000000000000000e+02,-1.512000000000000000e+03
9.870000000000000000e+02,-1.598000000000000000e+03
1.001000000000000000e+03,-1.679000000000000000e+03
1.009000000000000000e+03,-1.751000000000000000e+03
1.019000000000000000e+03,-1.806000000000000000e+03
1.021000000000000000e+03,-1.864000000000000000e+03
1.019000000000000000e+03,-1.907000000000000000e+03
1.019000000000000000e+03,-1.923000000000000000e+03
1.019000000000000000e+03,-1.923000000000000000e+03
1.019000000000000000e+03,-1.923000000000000000e+03
