1.414905464930636514e+00,1.900726063302923041e+00
1.414905464930636514e+00,1.900726063302923041e+00
1.475039409758994946e+00,1.936806430199938145e+00
1.475039409758994946e+00,1.936806430199938145e+00
1.475039409758994946e+00,1.936806430199938145e+00
1.374816168378397485e+00,1.888699274337251488e+00
1.250539349066456696e+00,1.820547470198445206e+00
1.138289318720187682e+00,1.804511751577549505e+00
9.618964138903363104e-01,1.744377806749191295e+00
7.855035090604849390e-01,1.724333158473071670e+00
5.690213076783946500e-01,1.676226002610385013e+00
3.525391062963043054e-01,1.664199213644713238e+00
1.360569049142139886e-01,1.652172424679041685e+00
-6.438957784698076670e-02,1.652172424679041685e+00
-2.568182012977276996e-01,1.652172424679041685e+00
-4.211843171619074067e-01,1.660190283989489313e+00
-5.655057847499675994e-01,1.652172424679041685e+00
-6.817647447514605386e-01,1.640145635713369909e+00
-7.619433378559384851e-01,1.624109917092474431e+00
-7.619433378559384851e-01,1.624109917092474431e+00
-8.220772826842969172e-01,1.531904535022324820e+00
-8.260862123395208423e-01,1.451725941917846763e+00
-8.220772826842969172e-01,1.367538419158145002e+00
-8.140594233738490670e-01,1.255288388811875988e+00
-7.980237047529535888e-01,1.118984780534263646e+00
-7.900058454425057386e-01,9.706543832909794167e-01
-7.980237047529535888e-01,7.942614784611280454e-01
-8.140594233738490670e-01,6.178685736312766741e-01
-8.341040716499685814e-01,4.254399501805297690e-01
-8.501397902708641707e-01,2.330113267297828084e-01
-8.501397902708641707e-01,5.661842189993143010e-02
-8.501397902708641707e-01,-1.037387643090243727e-01
-8.381130013051925065e-01,-2.320245132761890039e-01
-8.220772826842969172e-01,-3.482834732776819431e-01
-7.779790564768340744e-01,-4.244531367269359645e-01
-7.378897599245951566e-01,-4.926049408657421913e-01
-6.697379557857888743e-01,-5.286853077627572395e-01
-6.136129406126543673e-01,-5.527388856941005679e-01
-5.534789957842959351e-01,-5.647656746597722321e-01
-4.893361213007136334e-01,-5.767924636254440074e-01
-4.171753875066835371e-01,-5.888192525911156716e-01
-3.369967944022056461e-01,-6.008460415567873358e-01
-2.287556937111604460e-01,-6.128728305224590001e-01
-1.004699447439958288e-01,-6.369264084538024395e-01
4.786045249928828904e-02,-6.609799863851457680e-01
2.242533573291396742e-01,-6.930514236269369466e-01
4.126730511246627375e-01,-7.331407201791758643e-01
6.010927449201858286e-01,-8.012925243179820356e-01
7.734767200948132748e-01,-8.894889767329077213e-01
9.258160469933213177e-01,-1.025792585010520286e+00
1.022030358718694742e+00,-1.206194419495595360e+00
1.090182162857501025e+00,-1.422676620877685760e+00
1.090182162857501025e+00,-1.663212400191119489e+00
1.034057147684366518e+00,-1.911766038815001068e+00
9.137892580276495424e-01,-2.172346466404554199e+00
7.494231421634699464e-01,-2.400855456752316375e+00
5.289320111261557322e-01,-2.601301939513510852e+00
2.843873021574980786e-01,-2.733596618135899270e+00
4.385152284406439172e-02,-2.793730562964257924e+00
-2.087110454350409872e-01,-2.789721633309033777e+00
-4.091575281962357424e-01,-2.697516251238884166e+00
-5.895593626813110388e-01,-2.557203713306047899e+00
-7.539254785454907459e-01,-2.444953682959778885e+00
-8.100504937186252530e-01,-2.280587567095599510e+00
-8.260862123395208423e-01,-2.172346466404554199e+00
