1.129000000000000000e+03,-1.665000000000000000e+03
1.129000000000000000e+03,-1.665000000000000000e+03
1.129000000000000000e+03,-1.665000000000000000e+03
1.129000000000000000e+03,-1.665000000000000000e+03
1.129000000000000000e+03,-1.665000000000000000e+03
1.129000000000000000e+03,-1.665000000000000000e+03
1.162000000000000000e+03,-1.727000000000000000e+03
1.162000000000000000e+03,-1.727000000000000000e+03
1.162000000000000000e+03,-1.727000000000000000e+03
1.229000000000000000e+03,-1.756000000000000000e+03
1.229000000000000000e+03,-1.756000000000000000e+03
1.229000000000000000e+03,-1.756000000000000000e+03
1.299000000000000000e+03,-1.711000000000000000e+03
1.299000000000000000e+03,-1.711000000000000000e+03
1.319000000000000000e+03,-1.646000000000000000e+03
1.319000000000000000e+03,-1.646000000000000000e+03
1.307000000000000000e+03,-1.584000000000000000e+03
1.307000000000000000e+03,-1.584000000000000000e+03
1.307000000000000000e+03,-1.584000000000000000e+03
1.307000000000000000e+03,-1.584000000000000000e+03
1.224000000000000000e+03,-1.534000000000000000e+03
1.224000000000000000e+03,-1.534000000000000000e+03
1.224000000000000000e+03,-1.534000000000000000e+03
1.224000000000000000e+03,-1.534000000000000000e+03
1.159000000000000000e+03,-1.589000000000000000e+03
1.159000000000000000e+03,-1.589000000000000000e+03
