-9.377358102351656122e-01,1.205155000177747571e+00
-9.377358102351656122e-01,1.205155000177747571e+00
-9.377358102351656122e-01,1.205155000177747571e+00
-9.377358102351656122e-01,1.205155000177747571e+00
-6.290482267829257124e-01,9.365567132777465886e-01
-6.290482267829257124e-01,9.365567132777465886e-01
-3.203606433306858126e-01,5.917887629284915851e-01
-3.203606433306858126e-01,5.917887629284915851e-01
6.449660357080809481e-02,1.788690084404304104e-01
6.449660357080809481e-02,1.788690084404304104e-01
4.533627801275258995e-01,-2.300418163924068671e-01
4.533627801275258995e-01,-2.300418163924068671e-01
7.941218008215569224e-01,-6.229169226043486107e-01
7.941218008215569224e-01,-6.229169226043486107e-01
1.086773665652901233e+00,-9.636759432983796891e-01
1.086773665652901233e+00,-9.636759432983796891e-01
1.315282656000663408e+00,-1.208220652267037121e+00
1.315282656000663408e+00,-1.208220652267037121e+00
