4.410000000000000000e+02,-1.084000000000000000e+03
4.410000000000000000e+02,-1.084000000000000000e+03
4.410000000000000000e+02,-1.084000000000000000e+03
4.510000000000000000e+02,-1.071000000000000000e+03
4.610000000000000000e+02,-1.069000000000000000e+03
4.790000000000000000e+02,-1.063000000000000000e+03
5.000000000000000000e+02,-1.056000000000000000e+03
5.270000000000000000e+02,-1.045000000000000000e+03
5.560000000000000000e+02,-1.035000000000000000e+03
5.870000000000000000e+02,-1.024000000000000000e+03
6.180000000000000000e+02,-1.015000000000000000e+03
6.450000000000000000e+02,-1.000000000000000000e+03
6.690000000000000000e+02,-9.900000000000000000e+02
6.870000000000000000e+02,-9.780000000000000000e+02
6.980000000000000000e+02,-9.690000000000000000e+02
6.980000000000000000e+02,-9.690000000000000000e+02
6.940000000000000000e+02,-9.550000000000000000e+02
6.800000000000000000e+02,-9.540000000000000000e+02
6.570000000000000000e+02,-9.510000000000000000e+02
6.290000000000000000e+02,-9.540000000000000000e+02
6.000000000000000000e+02,-9.570000000000000000e+02
5.640000000000000000e+02,-9.610000000000000000e+02
5.300000000000000000e+02,-9.700000000000000000e+02
4.960000000000000000e+02,-9.810000000000000000e+02
4.670000000000000000e+02,-9.930000000000000000e+02
4.380000000000000000e+02,-1.008000000000000000e+03
4.130000000000000000e+02,-1.024000000000000000e+03
3.880000000000000000e+02,-1.042000000000000000e+03
3.690000000000000000e+02,-1.062000000000000000e+03
3.520000000000000000e+02,-1.086000000000000000e+03
3.390000000000000000e+02,-1.108000000000000000e+03
3.300000000000000000e+02,-1.131000000000000000e+03
3.230000000000000000e+02,-1.151000000000000000e+03
3.240000000000000000e+02,-1.171000000000000000e+03
3.280000000000000000e+02,-1.189000000000000000e+03
3.390000000000000000e+02,-1.207000000000000000e+03
3.540000000000000000e+02,-1.228000000000000000e+03
3.750000000000000000e+02,-1.242000000000000000e+03
3.990000000000000000e+02,-1.251000000000000000e+03
4.290000000000000000e+02,-1.255000000000000000e+03
4.630000000000000000e+02,-1.261000000000000000e+03
4.970000000000000000e+02,-1.261000000000000000e+03
5.380000000000000000e+02,-1.257000000000000000e+03
5.780000000000000000e+02,-1.253000000000000000e+03
6.150000000000000000e+02,-1.238000000000000000e+03
6.520000000000000000e+02,-1.227000000000000000e+03
6.820000000000000000e+02,-1.224000000000000000e+03
7.080000000000000000e+02,-1.218000000000000000e+03
7.380000000000000000e+02,-1.206000000000000000e+03
7.560000000000000000e+02,-1.202000000000000000e+03
7.800000000000000000e+02,-1.192000000000000000e+03
