2.040000000000000000e+02,-8.240000000000000000e+02
1.950000000000000000e+02,-8.130000000000000000e+02
1.950000000000000000e+02,-8.130000000000000000e+02
2.120000000000000000e+02,-8.130000000000000000e+02
2.400000000000000000e+02,-8.130000000000000000e+02
2.660000000000000000e+02,-8.200000000000000000e+02
3.080000000000000000e+02,-8.210000000000000000e+02
3.490000000000000000e+02,-8.300000000000000000e+02
3.990000000000000000e+02,-8.340000000000000000e+02
4.490000000000000000e+02,-8.410000000000000000e+02
4.990000000000000000e+02,-8.470000000000000000e+02
5.480000000000000000e+02,-8.520000000000000000e+02
5.870000000000000000e+02,-8.620000000000000000e+02
6.200000000000000000e+02,-8.660000000000000000e+02
6.470000000000000000e+02,-8.660000000000000000e+02
6.640000000000000000e+02,-8.660000000000000000e+02
6.760000000000000000e+02,-8.600000000000000000e+02
