7.160000000000000000e+02,-9.750000000000000000e+02
7.190000000000000000e+02,-9.620000000000000000e+02
7.190000000000000000e+02,-9.620000000000000000e+02
7.190000000000000000e+02,-9.620000000000000000e+02
7.340000000000000000e+02,-9.490000000000000000e+02
7.550000000000000000e+02,-9.420000000000000000e+02
7.810000000000000000e+02,-9.370000000000000000e+02
8.110000000000000000e+02,-9.330000000000000000e+02
8.460000000000000000e+02,-9.310000000000000000e+02
8.820000000000000000e+02,-9.310000000000000000e+02
9.180000000000000000e+02,-9.340000000000000000e+02
9.530000000000000000e+02,-9.400000000000000000e+02
9.840000000000000000e+02,-9.460000000000000000e+02
1.013000000000000000e+03,-9.540000000000000000e+02
1.036000000000000000e+03,-9.620000000000000000e+02
1.052000000000000000e+03,-9.690000000000000000e+02
1.052000000000000000e+03,-9.690000000000000000e+02
1.069000000000000000e+03,-9.770000000000000000e+02
1.069000000000000000e+03,-9.770000000000000000e+02
1.069000000000000000e+03,-9.770000000000000000e+02
1.049000000000000000e+03,-9.720000000000000000e+02
1.033000000000000000e+03,-9.690000000000000000e+02
1.013000000000000000e+03,-9.660000000000000000e+02
9.920000000000000000e+02,-9.660000000000000000e+02
9.710000000000000000e+02,-9.690000000000000000e+02
9.530000000000000000e+02,-9.810000000000000000e+02
9.380000000000000000e+02,-9.980000000000000000e+02
9.240000000000000000e+02,-1.028000000000000000e+03
9.140000000000000000e+02,-1.066000000000000000e+03
9.080000000000000000e+02,-1.117000000000000000e+03
9.060000000000000000e+02,-1.174000000000000000e+03
9.030000000000000000e+02,-1.243000000000000000e+03
9.010000000000000000e+02,-1.314000000000000000e+03
9.010000000000000000e+02,-1.388000000000000000e+03
9.030000000000000000e+02,-1.462000000000000000e+03
9.060000000000000000e+02,-1.534000000000000000e+03
9.140000000000000000e+02,-1.601000000000000000e+03
9.180000000000000000e+02,-1.656000000000000000e+03
9.260000000000000000e+02,-1.706000000000000000e+03
9.330000000000000000e+02,-1.744000000000000000e+03
9.410000000000000000e+02,-1.777000000000000000e+03
9.440000000000000000e+02,-1.801000000000000000e+03
9.440000000000000000e+02,-1.819000000000000000e+03
9.440000000000000000e+02,-1.819000000000000000e+03
9.350000000000000000e+02,-1.836000000000000000e+03
9.350000000000000000e+02,-1.836000000000000000e+03
9.090000000000000000e+02,-1.842000000000000000e+03
8.920000000000000000e+02,-1.842000000000000000e+03
8.770000000000000000e+02,-1.837000000000000000e+03
8.620000000000000000e+02,-1.833000000000000000e+03
8.620000000000000000e+02,-1.833000000000000000e+03
8.440000000000000000e+02,-1.822000000000000000e+03
8.440000000000000000e+02,-1.822000000000000000e+03
8.440000000000000000e+02,-1.822000000000000000e+03
8.590000000000000000e+02,-1.807000000000000000e+03
8.770000000000000000e+02,-1.801000000000000000e+03
8.980000000000000000e+02,-1.795000000000000000e+03
9.260000000000000000e+02,-1.792000000000000000e+03
9.560000000000000000e+02,-1.790000000000000000e+03
9.840000000000000000e+02,-1.787000000000000000e+03
1.016000000000000000e+03,-1.781000000000000000e+03
1.046000000000000000e+03,-1.775000000000000000e+03
1.070000000000000000e+03,-1.769000000000000000e+03
1.090000000000000000e+03,-1.762000000000000000e+03
1.120000000000000000e+03,-1.744000000000000000e+03
1.137000000000000000e+03,-1.733000000000000000e+03
1.165000000000000000e+03,-1.699000000000000000e+03
