7.990000000000000000e+02,-1.542000000000000000e+03
7.990000000000000000e+02,-1.542000000000000000e+03
8.170000000000000000e+02,-1.558000000000000000e+03
8.220000000000000000e+02,-1.572000000000000000e+03
8.220000000000000000e+02,-1.572000000000000000e+03
8.520000000000000000e+02,-1.587000000000000000e+03
8.710000000000000000e+02,-1.593000000000000000e+03
8.980000000000000000e+02,-1.610000000000000000e+03
9.290000000000000000e+02,-1.611000000000000000e+03
9.660000000000000000e+02,-1.614000000000000000e+03
1.007000000000000000e+03,-1.604000000000000000e+03
1.049000000000000000e+03,-1.590000000000000000e+03
1.091000000000000000e+03,-1.569000000000000000e+03
1.128000000000000000e+03,-1.542000000000000000e+03
1.161000000000000000e+03,-1.509000000000000000e+03
1.185000000000000000e+03,-1.463000000000000000e+03
1.200000000000000000e+03,-1.423000000000000000e+03
1.206000000000000000e+03,-1.376000000000000000e+03
1.198000000000000000e+03,-1.341000000000000000e+03
1.185000000000000000e+03,-1.295000000000000000e+03
1.152000000000000000e+03,-1.266000000000000000e+03
1.119000000000000000e+03,-1.237000000000000000e+03
1.069000000000000000e+03,-1.228000000000000000e+03
1.022000000000000000e+03,-1.222000000000000000e+03
9.600000000000000000e+02,-1.237000000000000000e+03
9.040000000000000000e+02,-1.263000000000000000e+03
8.400000000000000000e+02,-1.301000000000000000e+03
7.820000000000000000e+02,-1.347000000000000000e+03
7.270000000000000000e+02,-1.402000000000000000e+03
6.770000000000000000e+02,-1.462000000000000000e+03
6.330000000000000000e+02,-1.524000000000000000e+03
6.080000000000000000e+02,-1.592000000000000000e+03
5.910000000000000000e+02,-1.662000000000000000e+03
5.950000000000000000e+02,-1.726000000000000000e+03
6.170000000000000000e+02,-1.789000000000000000e+03
6.590000000000000000e+02,-1.842000000000000000e+03
7.190000000000000000e+02,-1.884000000000000000e+03
7.970000000000000000e+02,-1.913000000000000000e+03
8.980000000000000000e+02,-1.929000000000000000e+03
9.990000000000000000e+02,-1.926000000000000000e+03
1.097000000000000000e+03,-1.910000000000000000e+03
1.197000000000000000e+03,-1.869000000000000000e+03
1.280000000000000000e+03,-1.813000000000000000e+03
