9.170000000000000000e+02,-1.659000000000000000e+03
9.170000000000000000e+02,-1.659000000000000000e+03
9.170000000000000000e+02,-1.659000000000000000e+03
9.170000000000000000e+02,-1.659000000000000000e+03
9.170000000000000000e+02,-1.659000000000000000e+03
9.170000000000000000e+02,-1.659000000000000000e+03
9.170000000000000000e+02,-1.659000000000000000e+03
9.170000000000000000e+02,-1.659000000000000000e+03
9.170000000000000000e+02,-1.659000000000000000e+03
9.170000000000000000e+02,-1.659000000000000000e+03
9.170000000000000000e+02,-1.659000000000000000e+03
9.170000000000000000e+02,-1.659000000000000000e+03
9.170000000000000000e+02,-1.659000000000000000e+03
9.060000000000000000e+02,-1.724000000000000000e+03
9.060000000000000000e+02,-1.724000000000000000e+03
9.060000000000000000e+02,-1.724000000000000000e+03
9.660000000000000000e+02,-1.733000000000000000e+03
9.660000000000000000e+02,-1.733000000000000000e+03
9.660000000000000000e+02,-1.733000000000000000e+03
9.660000000000000000e+02,-1.733000000000000000e+03
9.660000000000000000e+02,-1.733000000000000000e+03
9.660000000000000000e+02,-1.733000000000000000e+03
1.004000000000000000e+03,-1.665000000000000000e+03
1.004000000000000000e+03,-1.665000000000000000e+03
1.004000000000000000e+03,-1.665000000000000000e+03
1.004000000000000000e+03,-1.665000000000000000e+03
9.350000000000000000e+02,-1.634000000000000000e+03
9.350000000000000000e+02,-1.634000000000000000e+03
9.350000000000000000e+02,-1.634000000000000000e+03
9.350000000000000000e+02,-1.634000000000000000e+03
9.350000000000000000e+02,-1.634000000000000000e+03
