-1.042205509498640881e+00,1.643080154343937949e+00
-1.094321595016551685e+00,1.635062295033490098e+00
-1.094321595016551685e+00,1.635062295033490098e+00
-1.094321595016551685e+00,1.635062295033490098e+00
-1.094321595016551685e+00,1.635062295033490098e+00
-1.114366243292671088e+00,1.707223028827520306e+00
-1.114366243292671088e+00,1.707223028827520306e+00
-1.114366243292671088e+00,1.707223028827520306e+00
-1.114366243292671088e+00,1.707223028827520306e+00
-1.030178720532969328e+00,1.783392692276774216e+00
-1.030178720532969328e+00,1.783392692276774216e+00
-9.018929715658046131e-01,1.811455199863341470e+00
-8.136965191508789275e-01,1.811455199863341470e+00
-6.974375591493859883e-01,1.831499848139461095e+00
-5.771696694926691240e-01,1.831499848139461095e+00
-4.248303425941611366e-01,1.831499848139461095e+00
-2.724910156956531493e-01,1.823481988829013245e+00
-1.121338294866973534e-01,1.819473059173789320e+00
4.020549741181064785e-02,1.799428410897669917e+00
1.965537539655425603e-01,1.787401621931998141e+00
3.288484325879310610e-01,1.763348044000654813e+00
4.451073925894240557e-01,1.739294466069311484e+00
5.413217043147975360e-01,1.695196239861848531e+00
6.215002974192753715e-01,1.655106943309609724e+00
6.696074532819621394e-01,1.574928350205131666e+00
6.976699608685293930e-01,1.498758686755877756e+00
6.976699608685293930e-01,1.406553304685728145e+00
6.856431719028577287e-01,1.298312203994683056e+00
6.495628050058426251e-01,1.166017525372294417e+00
5.974467194879320431e-01,1.021696057784234224e+00
5.252859856939019467e-01,8.573299419200545168e-01
4.330806036237523360e-01,6.809370370902031455e-01
3.288484325879310610e-01,5.085530619155756993e-01
2.286251912073337111e-01,3.201333681200526082e-01
1.083573015506168608e-01,1.317136743245295727e-01
-1.992844741654777388e-02,-4.868816016054569595e-02
-1.401963370732646208e-01,-2.290899946456209646e-01
-2.604642267299814851e-01,-4.014739698202484663e-01
-3.847410460419222189e-01,-5.698490153396520430e-01
-5.050089356986390277e-01,-7.181794125829361608e-01
-6.052321770792363775e-01,-8.665098098262202786e-01
-6.974375591493859883e-01,-1.002813418103832621e+00
-7.776161522538639348e-01,-1.135108096726221261e+00
-8.297322377717745168e-01,-1.263393845693385753e+00
-8.778393936344612847e-01,-1.383661735350102617e+00
-8.978840419105807991e-01,-1.499920695351595556e+00
-9.018929715658046131e-01,-1.608161796042640868e+00
-8.738304639792373596e-01,-1.692349318802342628e+00
-8.257233081165507027e-01,-1.776536841562044389e+00
-7.575715039777444204e-01,-1.844688645700850671e+00
-6.613571922523709956e-01,-1.908831520184433028e+00
-5.330714432852062812e-01,-1.944911887081447910e+00
-3.847410460419222189e-01,-1.968965465012791460e+00
-2.003302819016230529e-01,-1.968965465012791460e+00
8.134060170019490055e-03,-1.964956535357567535e+00
2.326341208625576085e-01,-1.952929746391895760e+00
4.731699001759913092e-01,-1.932885098115776357e+00
7.217235387998728324e-01,-1.916849379494880656e+00
9.462235994924108606e-01,-1.892795801563537328e+00
1.162705800874501261e+00,-1.872751153287417925e+00
1.351125494670024185e+00,-1.860724364321746149e+00
1.503464821568532228e+00,-1.856715434666522224e+00
1.623732711225249092e+00,-1.848697575356074596e+00
1.699902374674503225e+00,-1.860724364321746149e+00
1.800125616055100464e+00,-1.848697575356074596e+00
1.800125616055100464e+00,-1.848697575356074596e+00
1.884313138814802224e+00,-1.904822590529209103e+00
1.884313138814802224e+00,-1.904822590529209103e+00
1.984536380195399685e+00,-1.944911887081447910e+00
