-5.838235094822984417e-01,8.054248056549051515e-01
-5.717967205166267775e-01,6.971837049638600625e-01
-6.199038763793134343e-01,5.207908001340086912e-01
-6.319306653449852096e-01,3.724604028907245734e-01
-6.559842432763285380e-01,1.840407090952014824e-01
-6.760288915524480524e-01,-2.843256263166493714e-02
-6.880556805181197166e-01,-2.288790453928596924e-01
-7.040913991390153059e-01,-4.333344578092783173e-01
-7.241360474151347093e-01,-6.097273626391297441e-01
-7.281449770703586344e-01,-7.460309709167420866e-01
-7.401717660360302986e-01,-8.622899309182351368e-01
-7.521985550017019628e-01,-9.224238757465934579e-01
-7.521985550017019628e-01,-9.224238757465934579e-01
-7.521985550017019628e-01,-9.224238757465934579e-01
-7.602164143121498130e-01,-8.061649157451005188e-01
