8.880000000000000000e+02,-1.133000000000000000e+03
8.920000000000000000e+02,-1.106000000000000000e+03
8.920000000000000000e+02,-1.106000000000000000e+03
8.920000000000000000e+02,-1.106000000000000000e+03
8.920000000000000000e+02,-1.106000000000000000e+03
8.920000000000000000e+02,-1.106000000000000000e+03
8.980000000000000000e+02,-1.132000000000000000e+03
9.000000000000000000e+02,-1.170000000000000000e+03
9.110000000000000000e+02,-1.209000000000000000e+03
9.120000000000000000e+02,-1.269000000000000000e+03
9.210000000000000000e+02,-1.331000000000000000e+03
9.210000000000000000e+02,-1.409000000000000000e+03
9.270000000000000000e+02,-1.485000000000000000e+03
9.270000000000000000e+02,-1.560000000000000000e+03
9.230000000000000000e+02,-1.631000000000000000e+03
9.270000000000000000e+02,-1.694000000000000000e+03
9.360000000000000000e+02,-1.751000000000000000e+03
9.360000000000000000e+02,-1.803000000000000000e+03
9.470000000000000000e+02,-1.831000000000000000e+03
9.510000000000000000e+02,-1.861000000000000000e+03
