7.840000000000000000e+02,-1.236000000000000000e+03
7.840000000000000000e+02,-1.236000000000000000e+03
8.200000000000000000e+02,-1.221000000000000000e+03
8.460000000000000000e+02,-1.216000000000000000e+03
8.800000000000000000e+02,-1.210000000000000000e+03
9.170000000000000000e+02,-1.206000000000000000e+03
9.540000000000000000e+02,-1.204000000000000000e+03
9.950000000000000000e+02,-1.206000000000000000e+03
1.022000000000000000e+03,-1.216000000000000000e+03
1.048000000000000000e+03,-1.227000000000000000e+03
1.055000000000000000e+03,-1.251000000000000000e+03
1.057000000000000000e+03,-1.280000000000000000e+03
1.040000000000000000e+03,-1.320000000000000000e+03
1.021000000000000000e+03,-1.362000000000000000e+03
9.860000000000000000e+02,-1.414000000000000000e+03
9.530000000000000000e+02,-1.463000000000000000e+03
9.200000000000000000e+02,-1.519000000000000000e+03
8.920000000000000000e+02,-1.572000000000000000e+03
8.700000000000000000e+02,-1.623000000000000000e+03
8.530000000000000000e+02,-1.668000000000000000e+03
8.470000000000000000e+02,-1.712000000000000000e+03
8.530000000000000000e+02,-1.739000000000000000e+03
8.590000000000000000e+02,-1.768000000000000000e+03
8.710000000000000000e+02,-1.784000000000000000e+03
