5.710000000000000000e+02,-1.368000000000000000e+03
5.710000000000000000e+02,-1.368000000000000000e+03
5.800000000000000000e+02,-1.337000000000000000e+03
5.980000000000000000e+02,-1.325000000000000000e+03
6.330000000000000000e+02,-1.316000000000000000e+03
6.870000000000000000e+02,-1.302000000000000000e+03
7.450000000000000000e+02,-1.296000000000000000e+03
8.160000000000000000e+02,-1.287000000000000000e+03
8.890000000000000000e+02,-1.283000000000000000e+03
9.600000000000000000e+02,-1.281000000000000000e+03
1.034000000000000000e+03,-1.277000000000000000e+03
1.110000000000000000e+03,-1.271000000000000000e+03
1.165000000000000000e+03,-1.275000000000000000e+03
1.217000000000000000e+03,-1.272000000000000000e+03
