1.328000000000000000e+03,-3.680000000000000000e+02
1.328000000000000000e+03,-3.680000000000000000e+02
1.327000000000000000e+03,-3.540000000000000000e+02
1.327000000000000000e+03,-3.540000000000000000e+02
1.327000000000000000e+03,-3.540000000000000000e+02
1.312000000000000000e+03,-3.470000000000000000e+02
1.312000000000000000e+03,-3.470000000000000000e+02
1.312000000000000000e+03,-3.470000000000000000e+02
1.287000000000000000e+03,-3.380000000000000000e+02
1.287000000000000000e+03,-3.380000000000000000e+02
1.274000000000000000e+03,-3.300000000000000000e+02
1.274000000000000000e+03,-3.300000000000000000e+02
1.259000000000000000e+03,-3.230000000000000000e+02
1.259000000000000000e+03,-3.230000000000000000e+02
1.242000000000000000e+03,-3.200000000000000000e+02
1.242000000000000000e+03,-3.200000000000000000e+02
1.224000000000000000e+03,-3.180000000000000000e+02
1.224000000000000000e+03,-3.180000000000000000e+02
1.198000000000000000e+03,-3.210000000000000000e+02
1.180000000000000000e+03,-3.230000000000000000e+02
1.159000000000000000e+03,-3.270000000000000000e+02
1.137000000000000000e+03,-3.290000000000000000e+02
1.110000000000000000e+03,-3.360000000000000000e+02
1.082000000000000000e+03,-3.420000000000000000e+02
1.052000000000000000e+03,-3.510000000000000000e+02
1.021000000000000000e+03,-3.620000000000000000e+02
9.890000000000000000e+02,-3.720000000000000000e+02
9.590000000000000000e+02,-3.840000000000000000e+02
9.300000000000000000e+02,-3.990000000000000000e+02
9.030000000000000000e+02,-4.170000000000000000e+02
8.790000000000000000e+02,-4.370000000000000000e+02
8.550000000000000000e+02,-4.600000000000000000e+02
8.340000000000000000e+02,-4.850000000000000000e+02
8.160000000000000000e+02,-5.120000000000000000e+02
7.990000000000000000e+02,-5.430000000000000000e+02
7.820000000000000000e+02,-5.740000000000000000e+02
7.690000000000000000e+02,-6.070000000000000000e+02
7.540000000000000000e+02,-6.420000000000000000e+02
7.420000000000000000e+02,-6.780000000000000000e+02
7.270000000000000000e+02,-7.160000000000000000e+02
7.120000000000000000e+02,-7.550000000000000000e+02
6.960000000000000000e+02,-7.960000000000000000e+02
6.810000000000000000e+02,-8.360000000000000000e+02
6.690000000000000000e+02,-8.770000000000000000e+02
6.570000000000000000e+02,-9.180000000000000000e+02
6.480000000000000000e+02,-9.560000000000000000e+02
6.410000000000000000e+02,-9.930000000000000000e+02
6.360000000000000000e+02,-1.026000000000000000e+03
6.380000000000000000e+02,-1.058000000000000000e+03
6.420000000000000000e+02,-1.085000000000000000e+03
6.500000000000000000e+02,-1.111000000000000000e+03
6.650000000000000000e+02,-1.132000000000000000e+03
6.840000000000000000e+02,-1.150000000000000000e+03
7.100000000000000000e+02,-1.160000000000000000e+03
7.390000000000000000e+02,-1.170000000000000000e+03
7.760000000000000000e+02,-1.173000000000000000e+03
8.160000000000000000e+02,-1.174000000000000000e+03
8.610000000000000000e+02,-1.171000000000000000e+03
9.110000000000000000e+02,-1.167000000000000000e+03
9.660000000000000000e+02,-1.157000000000000000e+03
1.022000000000000000e+03,-1.153000000000000000e+03
1.079000000000000000e+03,-1.147000000000000000e+03
1.135000000000000000e+03,-1.147000000000000000e+03
1.189000000000000000e+03,-1.148000000000000000e+03
1.238000000000000000e+03,-1.157000000000000000e+03
1.283000000000000000e+03,-1.168000000000000000e+03
1.321000000000000000e+03,-1.186000000000000000e+03
1.349000000000000000e+03,-1.210000000000000000e+03
1.372000000000000000e+03,-1.239000000000000000e+03
1.385000000000000000e+03,-1.271000000000000000e+03
1.391000000000000000e+03,-1.304000000000000000e+03
1.391000000000000000e+03,-1.343000000000000000e+03
1.382000000000000000e+03,-1.382000000000000000e+03
1.367000000000000000e+03,-1.424000000000000000e+03
1.345000000000000000e+03,-1.468000000000000000e+03
1.316000000000000000e+03,-1.513000000000000000e+03
1.280000000000000000e+03,-1.557000000000000000e+03
1.239000000000000000e+03,-1.602000000000000000e+03
1.192000000000000000e+03,-1.644000000000000000e+03
1.144000000000000000e+03,-1.685000000000000000e+03
1.091000000000000000e+03,-1.724000000000000000e+03
1.037000000000000000e+03,-1.763000000000000000e+03
9.810000000000000000e+02,-1.795000000000000000e+03
9.230000000000000000e+02,-1.824000000000000000e+03
8.670000000000000000e+02,-1.851000000000000000e+03
8.100000000000000000e+02,-1.873000000000000000e+03
7.540000000000000000e+02,-1.893000000000000000e+03
6.960000000000000000e+02,-1.908000000000000000e+03
6.450000000000000000e+02,-1.919000000000000000e+03
5.910000000000000000e+02,-1.928000000000000000e+03
5.440000000000000000e+02,-1.932000000000000000e+03
4.940000000000000000e+02,-1.940000000000000000e+03
4.630000000000000000e+02,-1.935000000000000000e+03
4.300000000000000000e+02,-1.935000000000000000e+03
3.980000000000000000e+02,-1.935000000000000000e+03
3.710000000000000000e+02,-1.934000000000000000e+03
3.420000000000000000e+02,-1.934000000000000000e+03
