-5.466504676138134178e-01,2.779564450802549214e+00
-6.067844124421718499e-01,2.803618028733892764e+00
-6.829540758914258713e-01,2.823662677010012168e+00
-7.430880207197843035e-01,2.859743043907027271e+00
-7.791683876167992961e-01,2.911859129424937631e+00
-8.473201917556054674e-01,2.907850199769713928e+00
-8.473201917556054674e-01,2.907850199769713928e+00
-8.473201917556054674e-01,2.907850199769713928e+00
-8.473201917556054674e-01,2.907850199769713928e+00
-8.473201917556054674e-01,2.976002003908519988e+00
-8.473201917556054674e-01,2.976002003908519988e+00
-8.473201917556054674e-01,2.976002003908519988e+00
-8.473201917556054674e-01,2.976002003908519988e+00
