7.938270265822020555e-01,1.793642291625467733e+00
8.659877603762321518e-01,1.881838744040393419e+00
9.301306348598145091e-01,1.949990548179199479e+00
1.042380665206083634e+00,2.030169141283677536e+00
1.162648554862800498e+00,2.106338804732931447e+00
1.294943233485188916e+00,2.162463819906065954e+00
1.471336138315040287e+00,2.198544186803081057e+00
1.631693324523996180e+00,2.222597764734424608e+00
1.828130877629966955e+00,2.286740639218006521e+00
2.000514852804594401e+00,2.322821006115021625e+00
