5.620000000000000000e+02,-1.314000000000000000e+03
5.620000000000000000e+02,-1.314000000000000000e+03
5.710000000000000000e+02,-1.281000000000000000e+03
5.740000000000000000e+02,-1.267000000000000000e+03
5.790000000000000000e+02,-1.249000000000000000e+03
5.820000000000000000e+02,-1.236000000000000000e+03
5.820000000000000000e+02,-1.236000000000000000e+03
5.830000000000000000e+02,-1.216000000000000000e+03
5.830000000000000000e+02,-1.216000000000000000e+03
5.800000000000000000e+02,-1.198000000000000000e+03
5.800000000000000000e+02,-1.198000000000000000e+03
5.770000000000000000e+02,-1.185000000000000000e+03
5.770000000000000000e+02,-1.185000000000000000e+03
5.770000000000000000e+02,-1.185000000000000000e+03
5.770000000000000000e+02,-1.185000000000000000e+03
5.770000000000000000e+02,-1.185000000000000000e+03
5.770000000000000000e+02,-1.185000000000000000e+03
5.770000000000000000e+02,-1.185000000000000000e+03
5.770000000000000000e+02,-1.185000000000000000e+03
5.770000000000000000e+02,-1.185000000000000000e+03
5.670000000000000000e+02,-1.204000000000000000e+03
5.700000000000000000e+02,-1.218000000000000000e+03
5.680000000000000000e+02,-1.237000000000000000e+03
5.710000000000000000e+02,-1.260000000000000000e+03
5.700000000000000000e+02,-1.289000000000000000e+03
5.730000000000000000e+02,-1.320000000000000000e+03
5.730000000000000000e+02,-1.361000000000000000e+03
5.770000000000000000e+02,-1.403000000000000000e+03
5.790000000000000000e+02,-1.454000000000000000e+03
5.860000000000000000e+02,-1.507000000000000000e+03
6.000000000000000000e+02,-1.560000000000000000e+03
6.230000000000000000e+02,-1.614000000000000000e+03
6.530000000000000000e+02,-1.668000000000000000e+03
6.930000000000000000e+02,-1.723000000000000000e+03
7.390000000000000000e+02,-1.772000000000000000e+03
7.880000000000000000e+02,-1.818000000000000000e+03
8.410000000000000000e+02,-1.858000000000000000e+03
8.940000000000000000e+02,-1.893000000000000000e+03
9.420000000000000000e+02,-1.922000000000000000e+03
9.860000000000000000e+02,-1.940000000000000000e+03
1.018000000000000000e+03,-1.952000000000000000e+03
1.045000000000000000e+03,-1.952000000000000000e+03
1.067000000000000000e+03,-1.943000000000000000e+03
1.085000000000000000e+03,-1.922000000000000000e+03
1.102000000000000000e+03,-1.891000000000000000e+03
1.117000000000000000e+03,-1.848000000000000000e+03
1.128000000000000000e+03,-1.796000000000000000e+03
1.137000000000000000e+03,-1.735000000000000000e+03
1.146000000000000000e+03,-1.668000000000000000e+03
1.152000000000000000e+03,-1.596000000000000000e+03
1.153000000000000000e+03,-1.522000000000000000e+03
1.155000000000000000e+03,-1.451000000000000000e+03
1.153000000000000000e+03,-1.385000000000000000e+03
1.152000000000000000e+03,-1.326000000000000000e+03
1.150000000000000000e+03,-1.275000000000000000e+03
1.150000000000000000e+03,-1.233000000000000000e+03
1.152000000000000000e+03,-1.198000000000000000e+03
1.158000000000000000e+03,-1.171000000000000000e+03
1.165000000000000000e+03,-1.150000000000000000e+03
1.171000000000000000e+03,-1.136000000000000000e+03
1.186000000000000000e+03,-1.121000000000000000e+03
1.203000000000000000e+03,-1.117000000000000000e+03
1.203000000000000000e+03,-1.117000000000000000e+03
1.224000000000000000e+03,-1.111000000000000000e+03
1.224000000000000000e+03,-1.111000000000000000e+03
