-1.716006211040664586e-01,9.165703422075691664e-01
-1.716006211040664586e-01,9.165703422075691664e-01
-1.716006211040664586e-01,9.165703422075691664e-01
-1.716006211040664586e-01,9.165703422075691664e-01
-1.716006211040664586e-01,9.165703422075691664e-01
-1.716006211040664586e-01,9.165703422075691664e-01
-1.716006211040664586e-01,9.165703422075691664e-01
-1.716006211040664586e-01,9.165703422075691664e-01
-1.716006211040664586e-01,9.165703422075691664e-01
-1.716006211040664586e-01,9.165703422075691664e-01
-1.716006211040664586e-01,9.165703422075691664e-01
-1.716006211040664586e-01,9.165703422075691664e-01
-1.716006211040664586e-01,9.165703422075691664e-01
-1.716006211040664586e-01,9.165703422075691664e-01
-1.716006211040664586e-01,9.165703422075691664e-01
-1.716006211040664586e-01,9.165703422075691664e-01
-1.716006211040664586e-01,9.165703422075691664e-01
-1.716006211040664586e-01,9.165703422075691664e-01
-1.716006211040664586e-01,9.165703422075691664e-01
-1.716006211040664586e-01,9.165703422075691664e-01
-1.716006211040664586e-01,9.165703422075691664e-01
-1.716006211040664586e-01,9.165703422075691664e-01
-4.842971342115302558e-01,9.927400056568231879e-01
-4.842971342115302558e-01,9.927400056568231879e-01
-4.842971342115302558e-01,9.927400056568231879e-01
-4.842971342115302558e-01,9.927400056568231879e-01
-7.488864914563073683e-01,7.401774373777177951e-01
-7.488864914563073683e-01,7.401774373777177951e-01
-7.488864914563073683e-01,7.401774373777177951e-01
-7.488864914563073683e-01,7.401774373777177951e-01
-9.934312004249649108e-01,4.755880801329407381e-01
-9.934312004249649108e-01,4.755880801329407381e-01
-9.934312004249649108e-01,4.755880801329407381e-01
-9.934312004249649108e-01,4.755880801329407381e-01
-9.934312004249649108e-01,4.755880801329407381e-01
-1.213922331462279125e+00,1.989719339224919892e-01
-1.213922331462279125e+00,1.989719339224919892e-01
-1.233966979738398528e+00,-1.057067198745240411e-01
-1.233966979738398528e+00,-1.057067198745240411e-01
-1.177841964565264021e+00,-5.146175447073613185e-01
-1.177841964565264021e+00,-5.146175447073613185e-01
-1.077618723184666782e+00,-9.435730178163180826e-01
-1.077618723184666782e+00,-9.435730178163180826e-01
-9.332972555966064787e-01,-1.324421335062588190e+00
-9.332972555966064787e-01,-1.324421335062588190e+00
-9.332972555966064787e-01,-1.324421335062588190e+00
-6.366364611100382431e-01,-1.512841028858111114e+00
-6.366364611100382431e-01,-1.512841028858111114e+00
-6.366364611100382431e-01,-1.512841028858111114e+00
-2.678149328294399667e-01,-1.224198093681990729e+00
-2.678149328294399667e-01,-1.224198093681990729e+00
-3.128808317123014243e-02,-7.631711833312427862e-01
5.289943958847165284e-02,-5.025907557416896543e-01
1.571316106242929278e-01,-2.580460467730320562e-01
2.333012740735469215e-01,-1.474548838702769349e-03
2.333012740735469215e-01,-1.474548838702769349e-03
3.214977264884726349e-01,3.954094870284628471e-01
3.214977264884726349e-01,3.954094870284628471e-01
3.214977264884726349e-01,3.954094870284628471e-01
3.214977264884726349e-01,3.954094870284628471e-01
3.214977264884726349e-01,3.954094870284628471e-01
3.214977264884726349e-01,3.954094870284628471e-01
3.214977264884726349e-01,3.954094870284628471e-01
3.214977264884726349e-01,3.954094870284628471e-01
3.214977264884726349e-01,3.954094870284628471e-01
3.335245154541442991e-01,3.460581805831228208e-02
3.335245154541442991e-01,3.460581805831228208e-02
3.856406009720549366e-01,-2.861085543595993097e-01
3.856406009720549366e-01,-2.861085543595993097e-01
5.379799278705629240e-01,-5.707425598804958256e-01
5.379799278705629240e-01,-5.707425598804958256e-01
7.544621292526532130e-01,-8.192961985043772932e-01
7.544621292526532130e-01,-8.192961985043772932e-01
1.039096134773549895e+00,-1.039787329541691507e+00
1.039096134773549895e+00,-1.039787329541691507e+00
1.299676562363103027e+00,-1.176090937819304072e+00
1.299676562363103027e+00,-1.176090937819304072e+00
1.299676562363103027e+00,-1.176090937819304072e+00
1.596337356849671263e+00,-1.240233812302886207e+00
1.596337356849671263e+00,-1.240233812302886207e+00
1.596337356849671263e+00,-1.240233812302886207e+00
1.684533809264596949e+00,-9.996980329894525896e-01
1.684533809264596949e+00,-9.996980329894525896e-01
1.684533809264596949e+00,-9.996980329894525896e-01
1.648453442367581845e+00,-7.351086757446755326e-01
1.648453442367581845e+00,-7.351086757446755326e-01
1.648453442367581845e+00,-7.351086757446755326e-01
