1.342000000000000000e+03,-1.320000000000000000e+03
1.370000000000000000e+03,-1.307000000000000000e+03
1.370000000000000000e+03,-1.307000000000000000e+03
1.379000000000000000e+03,-1.320000000000000000e+03
1.379000000000000000e+03,-1.320000000000000000e+03
1.375000000000000000e+03,-1.356000000000000000e+03
1.372000000000000000e+03,-1.379000000000000000e+03
1.355000000000000000e+03,-1.420000000000000000e+03
1.342000000000000000e+03,-1.457000000000000000e+03
1.313000000000000000e+03,-1.510000000000000000e+03
1.286000000000000000e+03,-1.564000000000000000e+03
1.245000000000000000e+03,-1.635000000000000000e+03
1.203000000000000000e+03,-1.711000000000000000e+03
1.155000000000000000e+03,-1.793000000000000000e+03
1.105000000000000000e+03,-1.878000000000000000e+03
1.058000000000000000e+03,-1.965000000000000000e+03
1.016000000000000000e+03,-2.047000000000000000e+03
9.800000000000000000e+02,-2.116000000000000000e+03
9.470000000000000000e+02,-2.176000000000000000e+03
9.300000000000000000e+02,-2.209000000000000000e+03
9.230000000000000000e+02,-2.232000000000000000e+03
9.230000000000000000e+02,-2.232000000000000000e+03
9.230000000000000000e+02,-2.232000000000000000e+03
9.330000000000000000e+02,-2.205000000000000000e+03
