3.850000000000000000e+02,-7.350000000000000000e+02
3.850000000000000000e+02,-7.350000000000000000e+02
4.000000000000000000e+02,-6.950000000000000000e+02
4.000000000000000000e+02,-6.950000000000000000e+02
4.000000000000000000e+02,-6.950000000000000000e+02
4.000000000000000000e+02,-6.950000000000000000e+02
4.600000000000000000e+02,-7.240000000000000000e+02
4.600000000000000000e+02,-7.240000000000000000e+02
5.020000000000000000e+02,-7.980000000000000000e+02
5.250000000000000000e+02,-8.480000000000000000e+02
5.460000000000000000e+02,-9.040000000000000000e+02
5.620000000000000000e+02,-9.660000000000000000e+02
5.710000000000000000e+02,-1.028000000000000000e+03
5.750000000000000000e+02,-1.093000000000000000e+03
5.680000000000000000e+02,-1.164000000000000000e+03
5.560000000000000000e+02,-1.224000000000000000e+03
5.380000000000000000e+02,-1.289000000000000000e+03
5.140000000000000000e+02,-1.342000000000000000e+03
4.850000000000000000e+02,-1.384000000000000000e+03
4.850000000000000000e+02,-1.384000000000000000e+03
4.280000000000000000e+02,-1.445000000000000000e+03
