-1.042321710358212611e-01,4.886963856181754662e-01
-1.042321710358212611e-01,4.886963856181754662e-01
-1.042321710358212611e-01,4.886963856181754662e-01
-1.563482565537319124e-01,5.287856821704144394e-01
-1.563482565537319124e-01,5.287856821704144394e-01
-1.563482565537319124e-01,5.287856821704144394e-01
-2.004464827611947553e-01,4.766695966525038020e-01
-2.204911310373142141e-01,4.085177925136975752e-01
-2.325179200029859061e-01,3.483838476853391430e-01
-2.445447089686575981e-01,2.762231138913090467e-01
-2.325179200029859061e-01,2.080713097525028477e-01
-2.245000606925381115e-01,1.319016463032488262e-01
-1.964375531059708579e-01,7.176770147489040796e-02
-1.322946786223885285e-01,3.969626423309925017e-02
-4.810715586268674016e-02,4.771412354354704483e-02
4.810715586268674016e-02,7.577663113011430529e-02
1.443214675880602205e-01,1.319016463032488262e-01
2.485536386238814954e-01,2.160891690629506423e-01
3.327411613835832838e-01,3.123034807883240949e-01
4.049018951776133801e-01,4.125267221689215003e-01
4.570179806955240176e-01,5.368035414808621786e-01
4.690447696611956818e-01,6.490535718271313037e-01
4.449911917298523534e-01,7.452678835525047285e-01
4.089108248328373052e-01,8.294554063122066001e-01
3.447679503492549480e-01,8.935982807957888463e-01
2.645893572447770570e-01,9.296786476928039500e-01
1.683750455194035767e-01,9.216607883823560998e-01
7.216073379403011023e-02,8.855804214853411072e-01
-2.004464827611947622e-02,8.254464766569826750e-01
-6.815180413880621291e-02,7.452678835525047285e-01
-1.403125379328363231e-01,6.009464159644445358e-01
-1.042321710358212611e-01,5.047321042390711110e-01
-1.082411006910451584e-01,3.403659883748913484e-01
