-1.135882223579424144e+00,-1.101100524035509842e+00
-1.135882223579424144e+00,-1.101100524035509842e+00
-1.135882223579424144e+00,-1.101100524035509842e+00
-1.135882223579424144e+00,-1.101100524035509842e+00
-1.043676841509274533e+00,-1.040966579207151410e+00
-1.043676841509274533e+00,-1.040966579207151410e+00
-9.314268111630054081e-01,-9.607879861026734636e-01
-9.314268111630054081e-01,-9.607879861026734636e-01
-8.031410621958408047e-01,-8.605647447220760027e-01
-7.189535394361390441e-01,-7.924129405832698314e-01
-6.387749463316610976e-01,-7.202522067892397351e-01
-5.545874235719593370e-01,-6.360646840295379745e-01
-4.824266897779291852e-01,-5.518771612698361029e-01
-4.062570263286752192e-01,-4.676896385101343423e-01
-3.381052221898689925e-01,-3.714753267847608620e-01
-2.699534180510627657e-01,-2.792699447146113068e-01
-2.178373325331521282e-01,-1.710288440235661345e-01
-1.737391063256892854e-01,-6.679667298774485951e-02
-1.376587394286742372e-01,4.144442770330030584e-02
-1.136051614973308671e-01,1.296408801182259984e-01
-8.554265391076359970e-02,2.178373325331516841e-01
-7.351586494509192160e-02,2.819802070167339858e-01
-7.351586494509192160e-02,2.819802070167339858e-01
-6.148907597942023656e-02,3.781945187421074661e-01
-6.148907597942023656e-02,3.781945187421074661e-01
-6.148907597942023656e-02,3.781945187421074661e-01
-6.148907597942023656e-02,3.781945187421074661e-01
-6.148907597942023656e-02,3.781945187421074661e-01
-6.148907597942023656e-02,3.781945187421074661e-01
-6.148907597942023656e-02,3.781945187421074661e-01
-6.148907597942023656e-02,3.781945187421074661e-01
-6.148907597942023656e-02,3.781945187421074661e-01
-7.752479460031581893e-02,3.020248552928535002e-01
-8.955158356598749703e-02,2.218462621883755814e-01
-1.095962318421069698e-01,1.136051614973304091e-01
-1.336498097734503399e-01,-6.662728159386435180e-03
-1.617123173600175934e-01,-1.509841957474466478e-01
-1.937837546018087720e-01,-2.993145929907307656e-01
-2.178373325331521282e-01,-4.476449902340148834e-01
-2.418909104644955121e-01,-5.999843171325228708e-01
-2.659444883958388961e-01,-7.443057847205830635e-01
-2.779712773615105603e-01,-8.725915336877477779e-01
-2.779712773615105603e-01,-9.848415640340167920e-01
-2.699534180510627657e-01,-1.089073735069838067e+00
-2.458998401197194095e-01,-1.173261257829539828e+00
-2.178373325331521282e-01,-1.245421991623570035e+00
-1.737391063256892854e-01,-1.305555936451928467e+00
-1.136051614973308671e-01,-1.365689881280286899e+00
-4.946228701374855152e-02,-1.397761318522078078e+00
3.071630609072934989e-02,-1.421814896453421406e+00
1.229216881608789363e-01,-1.413797037142973556e+00
2.191359998862524028e-01,-1.397761318522078078e+00
3.193592412668497804e-01,-1.353663092314615124e+00
4.476449902340144393e-01,-1.277493428865361214e+00
5.198057240280444802e-01,-1.233395202657898260e+00
6.521004026504330087e-01,-1.109118383345957470e+00
7.202522067892392910e-01,-1.028939790241479635e+00
