9.140000000000000000e+02,-7.240000000000000000e+02
9.060000000000000000e+02,-7.140000000000000000e+02
8.960000000000000000e+02,-6.990000000000000000e+02
8.740000000000000000e+02,-6.900000000000000000e+02
8.390000000000000000e+02,-6.880000000000000000e+02
7.940000000000000000e+02,-6.920000000000000000e+02
7.310000000000000000e+02,-7.110000000000000000e+02
6.660000000000000000e+02,-7.310000000000000000e+02
5.890000000000000000e+02,-7.710000000000000000e+02
5.200000000000000000e+02,-8.110000000000000000e+02
4.520000000000000000e+02,-8.640000000000000000e+02
3.970000000000000000e+02,-9.180000000000000000e+02
3.540000000000000000e+02,-9.760000000000000000e+02
3.300000000000000000e+02,-1.032000000000000000e+03
3.260000000000000000e+02,-1.081000000000000000e+03
3.420000000000000000e+02,-1.124000000000000000e+03
3.720000000000000000e+02,-1.156000000000000000e+03
4.140000000000000000e+02,-1.177000000000000000e+03
4.640000000000000000e+02,-1.187000000000000000e+03
5.140000000000000000e+02,-1.185000000000000000e+03
5.600000000000000000e+02,-1.173000000000000000e+03
5.980000000000000000e+02,-1.154000000000000000e+03
6.210000000000000000e+02,-1.132000000000000000e+03
6.250000000000000000e+02,-1.107000000000000000e+03
6.100000000000000000e+02,-1.083000000000000000e+03
5.750000000000000000e+02,-1.065000000000000000e+03
5.260000000000000000e+02,-1.055000000000000000e+03
4.680000000000000000e+02,-1.054000000000000000e+03
4.150000000000000000e+02,-1.058000000000000000e+03
3.590000000000000000e+02,-1.074000000000000000e+03
3.150000000000000000e+02,-1.088000000000000000e+03
2.880000000000000000e+02,-1.105000000000000000e+03
2.780000000000000000e+02,-1.123000000000000000e+03
2.850000000000000000e+02,-1.136000000000000000e+03
