4.450000000000000000e+02,-4.540000000000000000e+02
4.450000000000000000e+02,-4.540000000000000000e+02
4.450000000000000000e+02,-4.540000000000000000e+02
4.470000000000000000e+02,-4.770000000000000000e+02
4.430000000000000000e+02,-5.050000000000000000e+02
4.520000000000000000e+02,-5.470000000000000000e+02
4.530000000000000000e+02,-6.070000000000000000e+02
4.590000000000000000e+02,-6.760000000000000000e+02
4.610000000000000000e+02,-7.630000000000000000e+02
4.630000000000000000e+02,-8.490000000000000000e+02
4.640000000000000000e+02,-9.380000000000000000e+02
4.640000000000000000e+02,-1.021000000000000000e+03
4.660000000000000000e+02,-1.091000000000000000e+03
4.680000000000000000e+02,-1.147000000000000000e+03
4.700000000000000000e+02,-1.190000000000000000e+03
4.740000000000000000e+02,-1.216000000000000000e+03
4.740000000000000000e+02,-1.216000000000000000e+03
4.900000000000000000e+02,-1.216000000000000000e+03
5.010000000000000000e+02,-1.197000000000000000e+03
5.130000000000000000e+02,-1.167000000000000000e+03
5.270000000000000000e+02,-1.134000000000000000e+03
5.410000000000000000e+02,-1.096000000000000000e+03
5.600000000000000000e+02,-1.059000000000000000e+03
5.800000000000000000e+02,-1.022000000000000000e+03
6.040000000000000000e+02,-9.950000000000000000e+02
6.310000000000000000e+02,-9.720000000000000000e+02
6.600000000000000000e+02,-9.590000000000000000e+02
6.920000000000000000e+02,-9.550000000000000000e+02
7.260000000000000000e+02,-9.640000000000000000e+02
7.630000000000000000e+02,-9.790000000000000000e+02
7.970000000000000000e+02,-9.960000000000000000e+02
8.280000000000000000e+02,-1.021000000000000000e+03
8.510000000000000000e+02,-1.047000000000000000e+03
8.680000000000000000e+02,-1.076000000000000000e+03
8.740000000000000000e+02,-1.109000000000000000e+03
8.720000000000000000e+02,-1.138000000000000000e+03
8.560000000000000000e+02,-1.165000000000000000e+03
8.310000000000000000e+02,-1.190000000000000000e+03
7.940000000000000000e+02,-1.217000000000000000e+03
7.530000000000000000e+02,-1.236000000000000000e+03
7.050000000000000000e+02,-1.250000000000000000e+03
6.550000000000000000e+02,-1.260000000000000000e+03
6.070000000000000000e+02,-1.258000000000000000e+03
5.580000000000000000e+02,-1.258000000000000000e+03
5.170000000000000000e+02,-1.247000000000000000e+03
4.890000000000000000e+02,-1.237000000000000000e+03
4.700000000000000000e+02,-1.224000000000000000e+03
4.640000000000000000e+02,-1.209000000000000000e+03
