-1.057897387871131745e+00,5.959503953044307245e-01
-1.061906317526355670e+00,6.641021994432368958e-01
-1.061906317526355670e+00,6.641021994432368958e-01
-1.065915247181579595e+00,6.200039732357740530e-01
-1.045870598905459969e+00,5.678878877178634710e-01
-1.049879528560683895e+00,4.516289277163704763e-01
-1.029834880284564491e+00,3.433878270253253318e-01
-1.025825950629340566e+00,1.750127815059217551e-01
-1.009790232008444866e+00,2.628806331294267652e-03
-9.937545133875493875e-01,-1.777730281537810153e-01
-9.777187947666537982e-01,-3.421391440179606946e-01
-9.576741464905343948e-01,-4.864606116060208874e-01
-9.296116389039670302e-01,-6.067285012627378071e-01
-8.895223423517281125e-01,-6.909160240224395677e-01
-8.414151864890413446e-01,-7.350142502299024105e-01
-7.812812416606829125e-01,-7.229874612642307463e-01
-7.091205078666528161e-01,-6.708713757463200533e-01
-6.409687037278466448e-01,-5.826749233313943677e-01
-5.728168995890404736e-01,-4.664159633299014285e-01
-5.006561657950103772e-01,-3.261034253970651053e-01
-4.325043616562040949e-01,-1.577283798776615287e-01
-3.723704168278456628e-01,1.866452495218984611e-02
-3.282721906203828199e-01,1.870395704715934471e-01
-2.881828940681439022e-01,3.393788973701014622e-01
-2.521025271711288540e-01,4.516289277163704763e-01
-2.160221602741137781e-01,5.318075208208483673e-01
-1.839507230323226272e-01,5.678878877178634710e-01
-1.839507230323226272e-01,5.678878877178634710e-01
-1.398524968248597844e-01,4.997360835790572442e-01
-1.198078485487403116e-01,3.874860532327881746e-01
-9.575427061739694157e-02,2.592003042656235157e-01
-7.570962234127745494e-02,1.028520477118916449e-01
-4.764711475471019447e-02,-6.151406815228804836e-02
-1.557567751291903668e-02,-2.138533950507960635e-01
1.248683007364822725e-02,-3.381302143627368251e-01
5.658505628111107355e-02,-4.303355964328863803e-01
1.087011417990217110e-01,-4.904695412612448124e-01
1.648261569721562458e-01,-5.065052598821403462e-01
2.249601018005146502e-01,-4.864606116060208874e-01
2.931119059393208492e-01,-4.343445260881103054e-01
3.652726397333510011e-01,-3.421391440179606946e-01
4.454512328378288921e-01,-2.178623247060199608e-01
5.176119666318589330e-01,-8.957657573885531577e-02
5.977905597363368795e-01,5.875382150442879509e-02
6.819780824960386401e-01,1.990663594372651113e-01
7.541388162900687364e-01,3.313610380596536675e-01
8.343174093945466829e-01,4.436110684059226816e-01
9.064781431885767793e-01,5.277985911656245532e-01
9.706210176721591365e-01,5.718968173730873961e-01
1.026746032845293533e+00,5.718968173730873961e-01
1.078862118363204337e+00,5.318075208208483673e-01
1.118951414915443143e+00,4.476199980611466067e-01
1.147013922502010397e+00,3.353699677148775371e-01
1.167058570778130022e+00,1.990663594372651113e-01
1.187103219054249426e+00,5.073596219398100737e-02
1.203138937675145126e+00,-1.136301536701986858e-01
1.199130008019921201e+00,-2.779962695343783929e-01
1.203138937675145126e+00,-4.223177371224385857e-01
1.215165726640816679e+00,-5.425856267791554499e-01
1.223183585951264529e+00,-6.347910088493050607e-01
1.251246093537831783e+00,-6.989338833328873068e-01
