6.920000000000000000e+02,-8.670000000000000000e+02
6.920000000000000000e+02,-8.670000000000000000e+02
6.650000000000000000e+02,-8.670000000000000000e+02
6.650000000000000000e+02,-8.670000000000000000e+02
6.390000000000000000e+02,-8.680000000000000000e+02
6.230000000000000000e+02,-8.800000000000000000e+02
6.230000000000000000e+02,-8.800000000000000000e+02
5.940000000000000000e+02,-9.090000000000000000e+02
5.940000000000000000e+02,-9.090000000000000000e+02
5.740000000000000000e+02,-9.400000000000000000e+02
5.740000000000000000e+02,-9.400000000000000000e+02
5.700000000000000000e+02,-9.690000000000000000e+02
5.700000000000000000e+02,-9.690000000000000000e+02
5.800000000000000000e+02,-9.870000000000000000e+02
5.950000000000000000e+02,-9.860000000000000000e+02
5.950000000000000000e+02,-9.860000000000000000e+02
6.230000000000000000e+02,-9.770000000000000000e+02
6.230000000000000000e+02,-9.770000000000000000e+02
6.440000000000000000e+02,-9.510000000000000000e+02
6.470000000000000000e+02,-9.340000000000000000e+02
6.480000000000000000e+02,-9.160000000000000000e+02
6.440000000000000000e+02,-9.000000000000000000e+02
6.360000000000000000e+02,-8.860000000000000000e+02
6.360000000000000000e+02,-8.860000000000000000e+02
6.170000000000000000e+02,-8.730000000000000000e+02
6.170000000000000000e+02,-8.730000000000000000e+02
6.170000000000000000e+02,-8.730000000000000000e+02
6.170000000000000000e+02,-8.730000000000000000e+02
6.440000000000000000e+02,-8.890000000000000000e+02
