-6.290010629046289825e-01,6.628097029970170251e-01
-6.370189222150768327e-01,7.069079292044798679e-01
-6.931439373882113397e-01,6.828543512731364284e-01
-6.931439373882113397e-01,6.828543512731364284e-01
-7.572868118717936969e-01,5.625864616164195642e-01
-8.053939677344803538e-01,4.343007126492549608e-01
-8.334564753210476074e-01,2.819613857507469734e-01
-8.655279125628387860e-01,8.151490298955223202e-02
-8.655279125628387860e-01,-1.109137204611947286e-01
-8.575100532523910468e-01,-3.193780625328372924e-01
-7.973761084240326147e-01,-4.997798970179125333e-01
-7.332332339404502575e-01,-6.681549425373161100e-01
-6.169742739389573183e-01,-8.004496211597046385e-01
-4.846795953165687898e-01,-8.966639328850781743e-01
-3.082866904867174185e-01,-9.407621590925410171e-01
-1.158580670359704717e-01,-9.487800184029887562e-01
8.458841572522426966e-02,-9.086907218507498385e-01
2.810259688311951276e-01,-8.365299880567197421e-01
4.774635219371659578e-01,-7.242799577104506170e-01
6.418296378013457204e-01,-5.799584901223904243e-01
7.821421757341819880e-01,-4.115834446029868476e-01
8.903832764252271881e-01,-2.191548211522398870e-01
9.505172212535856202e-01,-1.870833839104514562e-02
9.946154474610484630e-01,2.017827926462690824e-01
9.906065178058245380e-01,3.942114160970160430e-01
9.865975881506006129e-01,5.946578988582107428e-01
9.665529398744812095e-01,7.590240147223904499e-01
9.184457840117944416e-01,8.712740450686595750e-01
8.863743467700032630e-01,9.674883567940329998e-01
8.422761205625404202e-01,9.995597940358241784e-01
