-4.488642254645600072e-01,2.793884229889764370e+00
-4.488642254645600072e-01,2.793884229889764370e+00
-4.769267330511272607e-01,3.058473587134541649e+00
-4.769267330511272607e-01,3.058473587134541649e+00
-4.769267330511272607e-01,3.058473587134541649e+00
-4.769267330511272607e-01,3.058473587134541649e+00
-4.769267330511272607e-01,3.058473587134541649e+00
-5.330517482242618232e-01,2.745777074027077713e+00
-5.370606778794856373e-01,2.533303802300211238e+00
-5.490874668451574125e-01,2.244660867124090853e+00
-5.571053261556051517e-01,1.891875057464388110e+00
-5.731410447765007410e-01,1.519044599528565742e+00
-5.811589040869484801e-01,1.106124845040504567e+00
-5.931856930526202554e-01,6.891961608972195785e-01
-5.971946227078440694e-01,2.442049691673672251e-01
-6.252571302944113230e-01,-2.088040818729329229e-01
-6.412928489153069123e-01,-6.457774142923374816e-01
-6.533196378809785765e-01,-1.006581083262487963e+00
-6.733642861570980909e-01,-1.371393681887862481e+00
-6.894000047779936802e-01,-1.664045546719206792e+00
-7.094446530541131946e-01,-1.912599185343088148e+00
-7.254803716750087839e-01,-2.101018879138611517e+00
-7.615607385720237765e-01,-2.233313557760999934e+00
-7.936321758138149551e-01,-2.301465361899805995e+00
-7.936321758138149551e-01,-2.301465361899805995e+00
-8.457482613317255371e-01,-2.301465361899805995e+00
-8.577750502973973123e-01,-2.209259979829656384e+00
-8.657929096078450515e-01,-2.105027808793835220e+00
-8.577750502973973123e-01,-1.948679552240103252e+00
-8.457482613317255371e-01,-1.744224139823684627e+00
-7.976411054690388802e-01,-1.507697290165474824e+00
-7.254803716750087839e-01,-1.235090073610249917e+00
-6.372839192600830982e-01,-9.304114198132339419e-01
-5.330517482242618232e-01,-6.337506253266658174e-01
-4.127838585675449590e-01,-3.130362529087541978e-01
-2.804891799451563750e-01,-8.357599111738165873e-03
-1.401766420123200796e-01,2.602406877882628145e-01
4.144825575740136540e-03,4.727139595151292339e-01
1.484662931638003613e-01,6.771693719315479143e-01
2.967966904070844514e-01,8.134729802091602568e-01
4.451270876503685692e-01,9.096872919345337927e-01
5.774217662727570977e-01,9.618033774524443746e-01
7.297610931712651405e-01,9.698212367628922248e-01
8.620557717936536690e-01,9.257230105554293820e-01
9.943504504160421975e-01,8.655890657270709498e-01
1.098582621451863472e+00,7.453211760703540856e-01
1.194796933177237008e+00,5.569014822748310500e-01
1.250921948350371515e+00,3.163657029613973215e-01
1.291011244902610322e+00,7.582992364796362073e-02
1.311055893178729947e+00,-2.088040818729329229e-01
1.323082682144401501e+00,-5.174916653251727672e-01
1.315064822833953873e+00,-7.820810225699499352e-01
1.315064822833953873e+00,-1.054688239125174842e+00
1.327091611799625426e+00,-1.255134721886369542e+00
1.327091611799625426e+00,-1.431527626716220913e+00
1.363171978696640529e+00,-1.543777657062489927e+00
1.431323782835446812e+00,-1.627965179822191688e+00
1.491457727663805244e+00,-1.664045546719206792e+00
1.571636320768283079e+00,-1.635983039132639538e+00
