-2.692921401095588751e-01,9.124940653698077053e-01
-3.374439442483651019e-01,9.485744322668228090e-01
-4.055957483871712732e-01,1.020735166060852794e+00
-4.897832711468730893e-01,1.060824462613091823e+00
-6.020333014931421589e-01,1.068842321923539673e+00
-7.102744021841873590e-01,1.072851251578763598e+00
-8.706315883931431410e-01,1.000690517784733391e+00
-9.908994780498600052e-01,9.165029950250316304e-01
-1.139229875293144012e+00,7.361011605399563340e-01
-1.251479905639413026e+00,5.316457481235377092e-01
-1.351703147020010487e+00,2.510206722578650629e-01
-1.395801373227473441e+00,-2.559547395258367913e-02
-1.395801373227473441e+00,-3.342830574048236136e-01
-1.327649569088667159e+00,-6.189170629257201295e-01
-1.215399538742398144e+00,-8.875153498257211115e-01
-1.043015563567770698e+00,-1.099988621552587587e+00
-8.265333621856802981e-01,-1.264354737416767183e+00
-5.539261456304553910e-01,-1.356560119486916793e+00
-2.773099994200066698e-01,-1.372595838107812272e+00
1.133293575611377287e-02,-1.328497611900349540e+00
2.799312226561147532e-01,-1.220256511209304451e+00
5.405116502456679406e-01,-1.063908254655572483e+00
7.569938516277582297e-01,-8.394081939630343436e-01
9.454135454232812652e-01,-5.748188367182572867e-01
1.045636786803878726e+00,-2.741491125764651815e-01
1.089735013011341458e+00,4.656525984144643110e-02
1.069690364735222055e+00,3.793064212250297218e-01
1.005547490251639697e+00,7.000207936429413413e-01
8.772617412844750939e-01,9.846547991638378017e-01
7.088866957650714618e-01,1.221181648822047716e+00
5.204670019695484262e-01,1.401583483307123013e+00
3.079937302426820067e-01,1.513833513653392027e+00
1.396186847232784023e-01,1.569958528826526534e+00
-3.677422010657296902e-02,1.549913880550407130e+00
-1.369974614871703467e-01,1.497797795032496326e+00
-2.091581952812004430e-01,1.369512046065331834e+00
-2.532564214886632858e-01,1.213163789511599866e+00
-2.452385621782154912e-01,1.044788743992196345e+00
-2.211849842468721350e-01,8.403333315757776090e-01
