7.510000000000000000e+02,-1.516000000000000000e+03
7.510000000000000000e+02,-1.516000000000000000e+03
7.640000000000000000e+02,-1.528000000000000000e+03
7.810000000000000000e+02,-1.548000000000000000e+03
7.930000000000000000e+02,-1.579000000000000000e+03
8.190000000000000000e+02,-1.610000000000000000e+03
8.380000000000000000e+02,-1.658000000000000000e+03
8.650000000000000000e+02,-1.703000000000000000e+03
8.910000000000000000e+02,-1.754000000000000000e+03
9.180000000000000000e+02,-1.800000000000000000e+03
9.420000000000000000e+02,-1.843000000000000000e+03
9.630000000000000000e+02,-1.875000000000000000e+03
9.830000000000000000e+02,-1.896000000000000000e+03
9.890000000000000000e+02,-1.910000000000000000e+03
9.890000000000000000e+02,-1.910000000000000000e+03
9.960000000000000000e+02,-1.885000000000000000e+03
9.860000000000000000e+02,-1.858000000000000000e+03
9.830000000000000000e+02,-1.813000000000000000e+03
