1.610000000000000000e+03,-5.020000000000000000e+02
1.610000000000000000e+03,-5.020000000000000000e+02
1.619000000000000000e+03,-4.840000000000000000e+02
1.619000000000000000e+03,-4.840000000000000000e+02
1.604000000000000000e+03,-4.640000000000000000e+02
1.574000000000000000e+03,-4.690000000000000000e+02
1.541000000000000000e+03,-4.720000000000000000e+02
1.488000000000000000e+03,-4.870000000000000000e+02
1.434000000000000000e+03,-5.080000000000000000e+02
1.375000000000000000e+03,-5.350000000000000000e+02
1.308000000000000000e+03,-5.680000000000000000e+02
1.248000000000000000e+03,-5.940000000000000000e+02
1.204000000000000000e+03,-6.250000000000000000e+02
1.177000000000000000e+03,-6.530000000000000000e+02
1.173000000000000000e+03,-6.660000000000000000e+02
