3.810000000000000000e+02,-8.200000000000000000e+02
3.810000000000000000e+02,-8.200000000000000000e+02
3.810000000000000000e+02,-8.200000000000000000e+02
3.810000000000000000e+02,-8.200000000000000000e+02
3.880000000000000000e+02,-8.390000000000000000e+02
3.900000000000000000e+02,-8.560000000000000000e+02
3.860000000000000000e+02,-8.840000000000000000e+02
3.880000000000000000e+02,-9.140000000000000000e+02
3.820000000000000000e+02,-9.560000000000000000e+02
3.830000000000000000e+02,-9.930000000000000000e+02
3.770000000000000000e+02,-1.039000000000000000e+03
3.760000000000000000e+02,-1.079000000000000000e+03
3.720000000000000000e+02,-1.119000000000000000e+03
3.720000000000000000e+02,-1.152000000000000000e+03
3.710000000000000000e+02,-1.182000000000000000e+03
3.710000000000000000e+02,-1.204000000000000000e+03
3.720000000000000000e+02,-1.220000000000000000e+03
3.740000000000000000e+02,-1.233000000000000000e+03
3.740000000000000000e+02,-1.243000000000000000e+03
3.740000000000000000e+02,-1.243000000000000000e+03
3.790000000000000000e+02,-1.256000000000000000e+03
3.790000000000000000e+02,-1.256000000000000000e+03
3.790000000000000000e+02,-1.256000000000000000e+03
3.900000000000000000e+02,-1.264000000000000000e+03
3.900000000000000000e+02,-1.264000000000000000e+03
3.980000000000000000e+02,-1.264000000000000000e+03
3.980000000000000000e+02,-1.264000000000000000e+03
