-1.360723238744261654e-01,2.583446783587549644e-01
-1.921973390475606724e-01,3.425322011184567250e-01
-2.563402135311430019e-01,3.305054121527850608e-01
-3.244920176699492287e-01,3.184786231871133966e-01
-4.086795404296509893e-01,2.703714673244266287e-01
-5.048938521550244696e-01,1.861839445647248403e-01
-5.970992342251740803e-01,9.397856249457525735e-02
-7.173671238818909446e-01,-3.831611612781327808e-02
-8.015546466415927052e-01,-1.666018650949779023e-01
-9.178136066430856443e-01,-3.470036995800531709e-01
-9.819564811266680016e-01,-5.073608857890089530e-01
-1.054117214920698098e+00,-7.078073685502037637e-01
-1.078170792852041426e+00,-8.882092030352789491e-01
-1.090197581817713202e+00,-1.096673545106921610e+00
-1.038081496299802620e+00,-1.265048590626325131e+00
-9.538939735401007480e-01,-1.433423636145728652e+00
-8.175903652624882945e-01,-1.553691525802445517e+00
-6.692599680192041767e-01,-1.645896907872595127e+00
-4.768313445684572160e-01,-1.685986204424834156e+00
-2.763848618072624608e-01,-1.673959415459162381e+00
-6.391159008039604128e-02,-1.609816540975580024e+00
1.405438223360225836e-01,-1.481530792008415531e+00
3.209456568210978800e-01,-1.317164676144235713e+00
4.813028430300536620e-01,-1.120727123038264939e+00
5.775171547554271978e-01,-9.122627809666223886e-01
6.376510995837855189e-01,-6.957805795845319885e-01
6.376510995837855189e-01,-4.953340968233372887e-01
5.935528733763226761e-01,-3.149322623382620479e-01
4.933296319957253262e-01,-1.786286540606495943e-01
3.530170940628890031e-01,-7.439648302482833320e-02
1.645974002673659675e-01,-2.628932716214159304e-02
-1.981336387293319845e-02,-6.244678886022116820e-03
-2.322866355997996179e-01,-4.232504578303716847e-02
-4.006616811192031946e-01,-9.043220164572390862e-02
-5.890813749147262302e-01,-1.906554430263212863e-01
-7.093492645714430944e-01,-2.748429657860230746e-01
-7.815099983654731908e-01,-3.590304885457248907e-01
-8.296171542281599587e-01,-4.592537299263222406e-01
-8.055635762968166302e-01,-5.153787450994568031e-01
-7.895278576759210409e-01,-5.715037602725913102e-01
