6.380000000000000000e+02,-1.187000000000000000e+03
5.760000000000000000e+02,-1.221000000000000000e+03
5.760000000000000000e+02,-1.221000000000000000e+03
5.760000000000000000e+02,-1.221000000000000000e+03
5.700000000000000000e+02,-1.291000000000000000e+03
5.700000000000000000e+02,-1.291000000000000000e+03
5.700000000000000000e+02,-1.291000000000000000e+03
5.940000000000000000e+02,-1.363000000000000000e+03
5.940000000000000000e+02,-1.363000000000000000e+03
5.940000000000000000e+02,-1.363000000000000000e+03
5.940000000000000000e+02,-1.363000000000000000e+03
6.560000000000000000e+02,-1.371000000000000000e+03
6.560000000000000000e+02,-1.371000000000000000e+03
6.560000000000000000e+02,-1.371000000000000000e+03
6.890000000000000000e+02,-1.295000000000000000e+03
6.890000000000000000e+02,-1.295000000000000000e+03
6.890000000000000000e+02,-1.295000000000000000e+03
6.630000000000000000e+02,-1.218000000000000000e+03
6.630000000000000000e+02,-1.218000000000000000e+03
6.630000000000000000e+02,-1.218000000000000000e+03
5.910000000000000000e+02,-1.215000000000000000e+03
5.910000000000000000e+02,-1.215000000000000000e+03
5.910000000000000000e+02,-1.215000000000000000e+03
5.250000000000000000e+02,-1.276000000000000000e+03
5.250000000000000000e+02,-1.276000000000000000e+03
5.250000000000000000e+02,-1.276000000000000000e+03
5.280000000000000000e+02,-1.342000000000000000e+03
