7.140000000000000000e+02,-9.830000000000000000e+02
7.140000000000000000e+02,-1.023000000000000000e+03
7.240000000000000000e+02,-1.055000000000000000e+03
7.310000000000000000e+02,-1.080000000000000000e+03
7.470000000000000000e+02,-1.098000000000000000e+03
7.700000000000000000e+02,-1.101000000000000000e+03
7.950000000000000000e+02,-1.093000000000000000e+03
8.210000000000000000e+02,-1.077000000000000000e+03
8.420000000000000000e+02,-1.052000000000000000e+03
8.590000000000000000e+02,-1.019000000000000000e+03
8.690000000000000000e+02,-9.860000000000000000e+02
8.700000000000000000e+02,-9.530000000000000000e+02
8.610000000000000000e+02,-9.230000000000000000e+02
8.460000000000000000e+02,-9.040000000000000000e+02
8.230000000000000000e+02,-8.930000000000000000e+02
7.960000000000000000e+02,-8.900000000000000000e+02
7.660000000000000000e+02,-8.960000000000000000e+02
7.360000000000000000e+02,-9.080000000000000000e+02
7.070000000000000000e+02,-9.320000000000000000e+02
6.880000000000000000e+02,-9.540000000000000000e+02
6.730000000000000000e+02,-9.860000000000000000e+02
6.690000000000000000e+02,-1.014000000000000000e+03
6.740000000000000000e+02,-1.039000000000000000e+03
6.870000000000000000e+02,-1.064000000000000000e+03
7.090000000000000000e+02,-1.083000000000000000e+03
7.420000000000000000e+02,-1.095000000000000000e+03
7.750000000000000000e+02,-1.101000000000000000e+03
8.150000000000000000e+02,-1.095000000000000000e+03
