-2.984504952255073729e-01,9.823309415889696083e-01
-2.984504952255073729e-01,9.823309415889696083e-01
-3.144862138464029622e-01,9.342237857262828404e-01
-3.465576510881941408e-01,8.259826850352376404e-01
-3.946648069508808532e-01,6.696344284815057835e-01
-4.307451738478959569e-01,4.972504533068782817e-01
-4.948880483314782586e-01,2.567146739934446087e-01
-5.349773448837171763e-01,3.221461330090649722e-02
-5.870934304016278693e-01,-2.283658142886466624e-01
-6.151559379881951228e-01,-4.568748046364086712e-01
-6.352005862643145262e-01,-6.733570060184990158e-01
-6.231737972986428620e-01,-8.457409811931264620e-01
-5.951112897120756084e-01,-9.860535191259628407e-01
-5.309684152284932512e-01,-1.090285690161784116e+00
-4.547987517792392853e-01,-1.154428564645366473e+00
-3.505665807434180103e-01,-1.186500001887157651e+00
-2.463344097075967631e-01,-1.194517861197605280e+00
-1.340843793613276935e-01,-1.182491072231933726e+00
-2.584327867028254205e-02,-1.158437494300590398e+00
7.037103305509093132e-02,-1.126366057058799219e+00
1.625764151252405143e-01,-1.086276760506560191e+00
2.227103599535989464e-01,-1.054205323264769012e+00
2.908621640924051732e-01,-1.010107097057306280e+00
2.908621640924051732e-01,-1.010107097057306280e+00
3.830675461625547285e-01,-9.379463632632760728e-01
4.191479130595697766e-01,-9.018659963662609691e-01
4.472104206461370302e-01,-8.577677701587981263e-01
4.832907875431521338e-01,-7.936248956752158801e-01
5.113532951297193874e-01,-7.214641618811857837e-01
