-1.011395681589341428e-01,2.139623027416640844e-01
-3.298776402012792985e-02,2.740962475700224887e-01
2.313725115300659801e-02,3.141855441222614620e-01
9.529798494703670131e-02,3.622926999849481744e-01
1.834944373619623870e-01,3.983730668819632781e-01
2.636730304664403057e-01,4.023819965371871477e-01
3.558784125365898610e-01,4.103998558476349423e-01
4.360570056410677520e-01,3.743194889506198941e-01
5.242534580559934376e-01,3.342301923983809209e-01
5.803784732291279447e-01,2.580605289491269549e-01
6.324945587470386377e-01,1.658551468789773442e-01
6.365034884022625628e-01,3.756939791181270610e-02
6.164588401261430484e-01,-9.071635105535193200e-02
5.442981063321129520e-01,-2.350378186434121386e-01
4.561016539171872664e-01,-3.713414269210245644e-01
3.157891159843509432e-01,-5.036361055434130929e-01
1.514230001201712361e-01,-6.158861358896821070e-01
-4.100562333057572451e-02,-7.000736586493839786e-01
-2.294253171260987878e-01,-7.441718848568468214e-01
-4.098271516111740564e-01,-7.561986738225184856e-01
-5.621664785096820438e-01,-7.241272365807273070e-01
-6.904522274768466472e-01,-6.519665027866972107e-01
-7.626129612708768546e-01,-5.357075427852042715e-01
-7.946843985126679222e-01,-3.913860751971440233e-01
-7.626129612708768546e-01,-2.270199593329643439e-01
-6.944611571320705723e-01,-6.265384346878466459e-02
-5.942379157514732224e-01,1.017122723953950286e-01
-4.699610964395324886e-01,2.380158806730074683e-01
-3.416753474723678297e-01,3.542748406745004353e-01
-1.893360205738598423e-01,4.344534337789783263e-01
-7.307706057236687536e-02,4.504891523998738601e-01
5.520868839479775581e-02,4.464802227446499905e-01
1.754765780515145923e-01,4.103998558476349423e-01
2.877266083977836342e-01,3.502659110192765102e-01
4.160123573649482931e-01,2.781051772252464138e-01
