9.860000000000000000e+02,-1.453000000000000000e+03
9.800000000000000000e+02,-1.418000000000000000e+03
9.680000000000000000e+02,-1.390000000000000000e+03
9.590000000000000000e+02,-1.359000000000000000e+03
9.560000000000000000e+02,-1.331000000000000000e+03
9.390000000000000000e+02,-1.320000000000000000e+03
9.300000000000000000e+02,-1.307000000000000000e+03
9.040000000000000000e+02,-1.319000000000000000e+03
8.820000000000000000e+02,-1.332000000000000000e+03
8.490000000000000000e+02,-1.368000000000000000e+03
8.220000000000000000e+02,-1.417000000000000000e+03
7.930000000000000000e+02,-1.483000000000000000e+03
7.760000000000000000e+02,-1.560000000000000000e+03
7.730000000000000000e+02,-1.647000000000000000e+03
7.940000000000000000e+02,-1.730000000000000000e+03
8.350000000000000000e+02,-1.807000000000000000e+03
8.970000000000000000e+02,-1.869000000000000000e+03
9.770000000000000000e+02,-1.908000000000000000e+03
1.072000000000000000e+03,-1.922000000000000000e+03
1.171000000000000000e+03,-1.905000000000000000e+03
1.268000000000000000e+03,-1.860000000000000000e+03
1.352000000000000000e+03,-1.790000000000000000e+03
1.423000000000000000e+03,-1.700000000000000000e+03
1.473000000000000000e+03,-1.596000000000000000e+03
1.500000000000000000e+03,-1.485000000000000000e+03
1.498000000000000000e+03,-1.379000000000000000e+03
1.465000000000000000e+03,-1.286000000000000000e+03
1.406000000000000000e+03,-1.215000000000000000e+03
1.330000000000000000e+03,-1.173000000000000000e+03
1.247000000000000000e+03,-1.159000000000000000e+03
1.153000000000000000e+03,-1.182000000000000000e+03
1.064000000000000000e+03,-1.225000000000000000e+03
9.950000000000000000e+02,-1.305000000000000000e+03
9.390000000000000000e+02,-1.406000000000000000e+03
9.110000000000000000e+02,-1.518000000000000000e+03
