7.020000000000000000e+02,-1.494000000000000000e+03
6.870000000000000000e+02,-1.504000000000000000e+03
6.870000000000000000e+02,-1.504000000000000000e+03
6.690000000000000000e+02,-1.506000000000000000e+03
6.560000000000000000e+02,-1.510000000000000000e+03
6.560000000000000000e+02,-1.510000000000000000e+03
6.330000000000000000e+02,-1.507000000000000000e+03
6.330000000000000000e+02,-1.507000000000000000e+03
6.140000000000000000e+02,-1.491000000000000000e+03
6.090000000000000000e+02,-1.472000000000000000e+03
6.090000000000000000e+02,-1.472000000000000000e+03
5.950000000000000000e+02,-1.438000000000000000e+03
5.910000000000000000e+02,-1.417000000000000000e+03
5.940000000000000000e+02,-1.388000000000000000e+03
6.000000000000000000e+02,-1.362000000000000000e+03
6.150000000000000000e+02,-1.334000000000000000e+03
6.380000000000000000e+02,-1.305000000000000000e+03
6.690000000000000000e+02,-1.275000000000000000e+03
7.100000000000000000e+02,-1.246000000000000000e+03
7.580000000000000000e+02,-1.219000000000000000e+03
8.100000000000000000e+02,-1.200000000000000000e+03
8.650000000000000000e+02,-1.188000000000000000e+03
9.200000000000000000e+02,-1.183000000000000000e+03
9.720000000000000000e+02,-1.188000000000000000e+03
1.018000000000000000e+03,-1.207000000000000000e+03
1.055000000000000000e+03,-1.234000000000000000e+03
1.079000000000000000e+03,-1.271000000000000000e+03
1.094000000000000000e+03,-1.310000000000000000e+03
1.097000000000000000e+03,-1.353000000000000000e+03
1.088000000000000000e+03,-1.397000000000000000e+03
1.069000000000000000e+03,-1.439000000000000000e+03
1.036000000000000000e+03,-1.480000000000000000e+03
9.900000000000000000e+02,-1.513000000000000000e+03
9.380000000000000000e+02,-1.545000000000000000e+03
8.820000000000000000e+02,-1.572000000000000000e+03
8.260000000000000000e+02,-1.596000000000000000e+03
7.730000000000000000e+02,-1.622000000000000000e+03
7.250000000000000000e+02,-1.643000000000000000e+03
6.860000000000000000e+02,-1.664000000000000000e+03
6.600000000000000000e+02,-1.685000000000000000e+03
6.510000000000000000e+02,-1.706000000000000000e+03
6.570000000000000000e+02,-1.729000000000000000e+03
6.770000000000000000e+02,-1.756000000000000000e+03
7.120000000000000000e+02,-1.783000000000000000e+03
7.540000000000000000e+02,-1.812000000000000000e+03
8.050000000000000000e+02,-1.837000000000000000e+03
8.580000000000000000e+02,-1.863000000000000000e+03
9.150000000000000000e+02,-1.881000000000000000e+03
9.690000000000000000e+02,-1.896000000000000000e+03
1.016000000000000000e+03,-1.899000000000000000e+03
1.052000000000000000e+03,-1.887000000000000000e+03
1.072000000000000000e+03,-1.864000000000000000e+03
1.076000000000000000e+03,-1.828000000000000000e+03
1.058000000000000000e+03,-1.783000000000000000e+03
1.016000000000000000e+03,-1.727000000000000000e+03
9.540000000000000000e+02,-1.668000000000000000e+03
8.820000000000000000e+02,-1.610000000000000000e+03
8.020000000000000000e+02,-1.558000000000000000e+03
7.220000000000000000e+02,-1.516000000000000000e+03
6.500000000000000000e+02,-1.483000000000000000e+03
5.890000000000000000e+02,-1.457000000000000000e+03
5.470000000000000000e+02,-1.445000000000000000e+03
5.470000000000000000e+02,-1.445000000000000000e+03
5.530000000000000000e+02,-1.430000000000000000e+03
5.910000000000000000e+02,-1.429000000000000000e+03
6.480000000000000000e+02,-1.426000000000000000e+03
