1.341310270451040010e+00,1.293267774744082166e+00
1.445542441486861396e+00,1.381464227159007851e+00
1.445542441486861396e+00,1.381464227159007851e+00
1.517703175280891381e+00,1.401508875435127477e+00
1.517703175280891381e+00,1.401508875435127477e+00
1.517703175280891381e+00,1.253178478191843359e+00
1.513694245625667678e+00,1.140928447845574345e+00
1.481622808383876500e+00,9.645355430157228627e-01
1.461578160107756874e+00,7.841337085306475663e-01
1.425497793210741992e+00,5.676515071485572772e-01
1.409462074589846292e+00,3.431514464560191935e-01
1.385408496658502964e+00,9.459780783213768418e-02
1.365363848382383560e+00,-1.299022528604004412e-01
1.349328129761487860e+00,-3.584112432081624222e-01
1.337301340795816307e+00,-5.588577259693572330e-01
1.329283481485368457e+00,-7.272327714887607542e-01
1.293203114588353353e+00,-8.915988873529404612e-01
1.265140607001786099e+00,-9.918221287335378111e-01
1.233069169759994921e+00,-1.047947143906672318e+00
1.148881647000293160e+00,-1.108081088735030750e+00
1.064694124240591400e+00,-1.100063229424582900e+00
9.203726566525310959e-01,-1.096054299769359197e+00
