-3.099577393826077887e-01,1.339895429419733164e+00
-3.099577393826077887e-01,1.339895429419733164e+00
-3.700916842109661653e-01,1.339895429419733164e+00
-3.700916842109661653e-01,1.339895429419733164e+00
-3.700916842109661653e-01,1.339895429419733164e+00
-4.422524180049963172e-01,1.339895429419733164e+00
-4.422524180049963172e-01,1.339895429419733164e+00
-4.422524180049963172e-01,1.339895429419733164e+00
-3.300023876587272476e-01,1.359940077695852567e+00
-2.377970055885776646e-01,1.363949007351076492e+00
-9.748446765574132755e-02,1.400029374248091596e+00
3.881914062187109826e-02,1.432100811489882553e+00
2.031852564860507915e-01,1.472190108042121581e+00
3.555245833845587788e-01,1.508270474939136685e+00
4.998460509726190271e-01,1.552368701146599417e+00
6.201139406293358913e-01,1.576422279077942967e+00
7.163282523547093161e-01,1.580431208733166670e+00
7.724532675278438232e-01,1.552368701146599417e+00
7.724532675278438232e-01,1.552368701146599417e+00
8.245693530457545162e-01,1.456154389421226103e+00
8.486229309770978446e-01,1.400029374248091596e+00
8.486229309770978446e-01,1.400029374248091596e+00
9.167747351159041269e-01,1.315841851488389613e+00
9.769086799442625590e-01,1.311832921833165910e+00
1.041051554427844916e+00,1.311832921833165910e+00
1.041051554427844916e+00,1.311832921833165910e+00
1.129248006842770602e+00,1.375975796316748045e+00
1.129248006842770602e+00,1.375975796316748045e+00
