9.530000000000000000e+02,-8.820000000000000000e+02
9.560000000000000000e+02,-9.090000000000000000e+02
9.570000000000000000e+02,-9.370000000000000000e+02
9.570000000000000000e+02,-9.630000000000000000e+02
9.530000000000000000e+02,-9.960000000000000000e+02
9.590000000000000000e+02,-1.017000000000000000e+03
9.620000000000000000e+02,-1.040000000000000000e+03
9.660000000000000000e+02,-1.056000000000000000e+03
9.710000000000000000e+02,-1.073000000000000000e+03
9.750000000000000000e+02,-1.087000000000000000e+03
9.750000000000000000e+02,-1.087000000000000000e+03
9.860000000000000000e+02,-1.102000000000000000e+03
9.860000000000000000e+02,-1.102000000000000000e+03
1.002000000000000000e+03,-1.094000000000000000e+03
1.002000000000000000e+03,-1.094000000000000000e+03
1.002000000000000000e+03,-1.094000000000000000e+03
