-1.281820697519433505e+00,1.177450287529983708e+00
-1.281820697519433505e+00,1.253619950979237840e+00
-1.281820697519433505e+00,1.253619950979237840e+00
-1.269793908553761730e+00,1.369878910980730780e+00
-1.213668893380627223e+00,1.434021785464313137e+00
-1.141508159586597237e+00,1.470102152361328240e+00
-1.005204551308984673e+00,1.530236097189686451e+00
-8.528652244104767410e-01,1.582352182707597255e+00
-6.524187416492820413e-01,1.642486127535955687e+00
-4.479633292328633609e-01,1.690593283398642344e+00
-2.114364795746535852e-01,1.754736157882224701e+00
2.509037008355622517e-02,1.802843313744911358e+00
2.535993604313182548e-01,1.862977258573269790e+00
4.420190542268412903e-01,1.887030836504613118e+00
6.023762404357970723e-01,1.895048695815060968e+00
7.146262707820661975e-01,1.834914750986702536e+00
7.787691452656484437e-01,1.750727228227000776e+00
7.747602156104246296e-01,1.594378971673268808e+00
7.426887783686334510e-01,1.397941418567298033e+00
6.504833962984838402e-01,1.157405639253864305e+00
5.542690845731103044e-01,8.687627040777439191e-01
4.299922652611696261e-01,5.400304723493845049e-01
3.217511645701244261e-01,2.153071702762490158e-01
2.095011342238553842e-01,-1.214429207625581514e-01
1.333314707746013905e-01,-4.541840821461414213e-01
6.517966663579517761e-02,-7.708895249088291157e-01
4.112608870445180753e-02,-1.059532460084949612e+00
2.909929973878011902e-02,-1.332139676640174519e+00
4.112608870445180753e-02,-1.548621878022264697e+00
6.117073698057128028e-02,-1.725014782852116069e+00
8.522431491191465036e-02,-1.857309461474504708e+00
1.132868224984819178e-01,-1.929470195268534694e+00
1.132868224984819178e-01,-1.929470195268534694e+00
1.132868224984819178e-01,-1.929470195268534694e+00
1.373404004298252878e-01,-1.845282672508832933e+00
1.012600335328102258e-01,-1.725014782852116069e+00
4.112608870445180753e-02,-1.572675455953608026e+00
-3.504357474480220003e-02,-1.396282551123756654e+00
-1.352668161253995638e-01,-1.223898575949129208e+00
-2.314811278507730441e-01,-1.055523530429725687e+00
-3.317043692313704217e-01,-8.911574145655459800e-01
-4.158918919910722378e-01,-7.588627359431574515e-01
-4.880526257851023342e-01,-6.546305649073361765e-01
-5.281419223373412519e-01,-5.784609014580821551e-01
-5.281419223373412519e-01,-5.784609014580821551e-01
-4.639990478537589502e-01,-5.022912380088281337e-01
-3.798115250940571341e-01,-4.902644490431564694e-01
-2.555347057821164003e-01,-4.862555193879325999e-01
-1.031953788836084129e-01,-4.862555193879325999e-01
8.522431491191465036e-02,-4.782376600774848052e-01
2.776529383626615832e-01,-4.742287304222608801e-01
4.821083507790802636e-01,-4.622019414565892159e-01
6.585012556089315794e-01,-4.541840821461414213e-01
8.509298790596785400e-01,-4.301305042147980373e-01
1.003269205958186694e+00,-4.501751524909175517e-01
1.119528165959679633e+00,-4.501751524909175517e-01
1.215742477685052947e+00,-4.381483635252458320e-01
1.267858563202963751e+00,-4.261215745595741677e-01
