1.188000000000000000e+03,-6.340000000000000000e+02
1.204000000000000000e+03,-6.380000000000000000e+02
1.218000000000000000e+03,-6.410000000000000000e+02
1.232000000000000000e+03,-6.380000000000000000e+02
1.250000000000000000e+03,-6.300000000000000000e+02
1.250000000000000000e+03,-6.300000000000000000e+02
1.250000000000000000e+03,-6.300000000000000000e+02
1.266000000000000000e+03,-6.410000000000000000e+02
1.266000000000000000e+03,-6.410000000000000000e+02
1.266000000000000000e+03,-6.410000000000000000e+02
1.266000000000000000e+03,-6.410000000000000000e+02
1.274000000000000000e+03,-6.540000000000000000e+02
