-7.888538998988843531e-03,2.193272482341848406e-01
-7.888538998988843531e-03,2.193272482341848406e-01
-7.888538998988843531e-03,2.193272482341848406e-01
-9.608499141391453613e-02,2.845046852094524226e-03
-9.608499141391453613e-02,2.845046852094524226e-03
-9.608499141391453613e-02,2.845046852094524226e-03
-9.608499141391453613e-02,2.845046852094524226e-03
-9.608499141391453613e-02,2.845046852094524226e-03
-9.608499141391453613e-02,2.845046852094524226e-03
-9.608499141391453613e-02,2.845046852094524226e-03
6.828112445026515709e-02,3.491648409388568158e-02
6.828112445026515709e-02,3.491648409388568158e-02
6.828112445026515709e-02,3.491648409388568158e-02
6.828112445026515709e-02,3.491648409388568158e-02
6.828112445026515709e-02,3.491648409388568158e-02
6.828112445026515709e-02,3.491648409388568158e-02
6.828112445026515709e-02,3.491648409388568158e-02
6.828112445026515709e-02,3.491648409388568158e-02
6.828112445026515709e-02,3.491648409388568158e-02
6.828112445026515709e-02,3.491648409388568158e-02
6.828112445026515709e-02,3.491648409388568158e-02
6.828112445026515709e-02,3.491648409388568158e-02
6.828112445026515709e-02,3.491648409388568158e-02
-2.392425761988442243e-02,-1.414764207359656967e-01
-2.392425761988442243e-02,-1.414764207359656967e-01
-2.392425761988442243e-02,-1.414764207359656967e-01
-2.392425761988442243e-02,-1.414764207359656967e-01
-2.392425761988442243e-02,-1.414764207359656967e-01
-2.392425761988442243e-02,-1.414764207359656967e-01
-2.392425761988442243e-02,-1.414764207359656967e-01
-2.392425761988442243e-02,-1.414764207359656967e-01
