1.001000000000000000e+03,-1.028000000000000000e+03
1.002000000000000000e+03,-1.011000000000000000e+03
1.002000000000000000e+03,-1.011000000000000000e+03
1.002000000000000000e+03,-1.011000000000000000e+03
1.002000000000000000e+03,-1.011000000000000000e+03
1.019000000000000000e+03,-9.920000000000000000e+02
1.019000000000000000e+03,-9.920000000000000000e+02
1.040000000000000000e+03,-9.770000000000000000e+02
1.061000000000000000e+03,-9.630000000000000000e+02
1.075000000000000000e+03,-9.540000000000000000e+02
1.096000000000000000e+03,-9.400000000000000000e+02
1.111000000000000000e+03,-9.300000000000000000e+02
1.131000000000000000e+03,-9.150000000000000000e+02
1.146000000000000000e+03,-9.040000000000000000e+02
1.146000000000000000e+03,-9.040000000000000000e+02
1.162000000000000000e+03,-8.850000000000000000e+02
1.177000000000000000e+03,-8.710000000000000000e+02
1.177000000000000000e+03,-8.710000000000000000e+02
1.189000000000000000e+03,-8.530000000000000000e+02
