-6.680763360734878198e-01,-8.129873521402573022e-01
-6.079423912451293877e-01,-7.648801962775706453e-01
-6.079423912451293877e-01,-7.648801962775706453e-01
-4.916834312436364485e-01,-6.967283921387643630e-01
-4.195226974496063521e-01,-6.406033769656298560e-01
-2.872280188272178236e-01,-5.323622762745846559e-01
-1.589422698600531647e-01,-4.000675976521961830e-01
-2.594013306321263541e-03,-2.357014817880164759e-01
1.537542432474106324e-01,-4.327285833726952913e-02
3.060935701459186475e-01,1.331200464925818561e-01
4.303703894578593814e-01,3.536111775298960702e-01
5.265847011832328617e-01,5.861290975328820041e-01
5.947365053220390330e-01,8.266648768463156216e-01
5.947365053220390330e-01,8.266648768463156216e-01
6.308168722190541367e-01,1.303727505817959154e+00
6.308168722190541367e-01,1.303727505817959154e+00
5.346025604936806008e-01,1.660522245132885821e+00
4.423971784235310456e-01,1.756736556858259357e+00
3.301471480772620315e-01,1.780790134789602686e+00
1.898346101444256806e-01,1.712638330650796403e+00
6.154886117726105638e-02,1.580343652028407986e+00
-8.678153606602305448e-02,1.331790013404526407e+00
-2.110583553779638022e-01,1.003057781676166993e+00
-3.313262450346806665e-01,6.262183940851209218e-01
-3.954691195182629682e-01,2.173075692522836444e-01
-4.315494864152780163e-01,-1.755675369596580715e-01
-4.195226974496063521e-01,-5.764605024820474988e-01
-3.674066119316957146e-01,-9.332552417969741665e-01
-2.872280188272178236e-01,-1.257978543870109656e+00
-1.669601291705009594e-01,-1.510541112149215159e+00
-3.466545054811242393e-02,-1.731032243186529263e+00
4.952207221158937134e-02,-1.891389429395485156e+00
2.138881880757690646e-01,-1.971568022499962991e+00
2.860489218697991887e-01,-2.063773404570112380e+00
