7.760000000000000000e+02,-1.222000000000000000e+03
7.600000000000000000e+02,-1.216000000000000000e+03
7.270000000000000000e+02,-1.227000000000000000e+03
6.950000000000000000e+02,-1.230000000000000000e+03
6.630000000000000000e+02,-1.242000000000000000e+03
6.270000000000000000e+02,-1.264000000000000000e+03
6.000000000000000000e+02,-1.284000000000000000e+03
5.680000000000000000e+02,-1.314000000000000000e+03
5.500000000000000000e+02,-1.341000000000000000e+03
5.340000000000000000e+02,-1.376000000000000000e+03
5.320000000000000000e+02,-1.406000000000000000e+03
5.400000000000000000e+02,-1.441000000000000000e+03
5.610000000000000000e+02,-1.463000000000000000e+03
5.880000000000000000e+02,-1.483000000000000000e+03
6.230000000000000000e+02,-1.494000000000000000e+03
6.600000000000000000e+02,-1.498000000000000000e+03
6.990000000000000000e+02,-1.494000000000000000e+03
7.360000000000000000e+02,-1.483000000000000000e+03
7.690000000000000000e+02,-1.465000000000000000e+03
7.930000000000000000e+02,-1.442000000000000000e+03
8.110000000000000000e+02,-1.418000000000000000e+03
8.220000000000000000e+02,-1.397000000000000000e+03
8.280000000000000000e+02,-1.378000000000000000e+03
8.280000000000000000e+02,-1.378000000000000000e+03
8.230000000000000000e+02,-1.364000000000000000e+03
8.230000000000000000e+02,-1.364000000000000000e+03
8.080000000000000000e+02,-1.391000000000000000e+03
7.990000000000000000e+02,-1.421000000000000000e+03
7.940000000000000000e+02,-1.460000000000000000e+03
7.870000000000000000e+02,-1.509000000000000000e+03
7.840000000000000000e+02,-1.560000000000000000e+03
7.810000000000000000e+02,-1.614000000000000000e+03
7.810000000000000000e+02,-1.665000000000000000e+03
7.790000000000000000e+02,-1.715000000000000000e+03
7.810000000000000000e+02,-1.754000000000000000e+03
7.810000000000000000e+02,-1.786000000000000000e+03
7.820000000000000000e+02,-1.810000000000000000e+03
7.820000000000000000e+02,-1.810000000000000000e+03
7.790000000000000000e+02,-1.827000000000000000e+03
7.790000000000000000e+02,-1.827000000000000000e+03
7.850000000000000000e+02,-1.803000000000000000e+03
7.880000000000000000e+02,-1.777000000000000000e+03
7.970000000000000000e+02,-1.741000000000000000e+03
