-8.872028588987492803e-01,5.600207466370767939e-01
-9.112564368300926088e-01,6.121368321549874869e-01
-9.112564368300926088e-01,6.121368321549874869e-01
-9.112564368300926088e-01,6.121368321549874869e-01
-9.112564368300926088e-01,6.121368321549874869e-01
-9.112564368300926088e-01,6.121368321549874869e-01
-9.112564368300926088e-01,6.121368321549874869e-01
-9.112564368300926088e-01,6.121368321549874869e-01
-8.992296478644209445e-01,5.279493093952857263e-01
-8.952207182091970195e-01,4.317349976699121905e-01
-8.671582106226297659e-01,3.234938969788670460e-01
-8.631492809674058408e-01,1.711545700803590309e-01
-8.431046326912864375e-01,2.282417283707491654e-02
-8.511224920017341766e-01,-1.696044506136720476e-01
-8.390957030360625124e-01,-3.459973554435233911e-01
-8.551314216569581017e-01,-5.384259788942703517e-01
-8.511224920017341766e-01,-7.108099540688979090e-01
-8.671582106226297659e-01,-8.711671402778536910e-01
-8.671582106226297659e-01,-9.914350299345704443e-01
-8.751760699330775051e-01,-1.095667200970391830e+00
-8.751760699330775051e-01,-1.175845794074869666e+00
-8.751760699330775051e-01,-1.227961879592780248e+00
-8.751760699330775051e-01,-1.227961879592780248e+00
-8.751760699330775051e-01,-1.227961879592780248e+00
-8.751760699330775051e-01,-1.227961879592780248e+00
-8.751760699330775051e-01,-1.227961879592780248e+00
-7.949974768285996696e-01,-1.103685060280839458e+00
-7.428813913106889766e-01,-9.874261002793466302e-01
-6.747295871718828053e-01,-8.431046326912864375e-01
-5.985599237226287839e-01,-6.667117278614349551e-01
-5.143724009629270233e-01,-4.742831044106880500e-01
-3.981134409614340286e-01,-2.818544809599410894e-01
-2.898723402703888841e-01,-1.054615761300897181e-01
-1.696044506136720476e-01,3.485096180274659811e-02
-5.334549061217908755e-02,1.310652735281200854e-01
5.489561007886607780e-02,1.831813590460307228e-01
1.591277811146873389e-01,1.952081480117023871e-01
2.553420928400608192e-01,1.430920624937917496e-01
3.515564045654342995e-01,5.890453973408996818e-02
4.237171383594643959e-01,-6.136334992262687527e-02
4.958778721534944922e-01,-2.016758878554631984e-01
5.439850280161812046e-01,-3.660420037196429055e-01
5.920921838788679725e-01,-5.143724009629270233e-01
6.241636211206591511e-01,-6.627027982062111411e-01
6.522261287072264047e-01,-7.990064064838235947e-01
6.602439880176742548e-01,-9.072475071748686837e-01
6.722707769833459190e-01,-9.914350299345704443e-01
6.842975659490175833e-01,-1.067604693383824577e+00
6.842975659490175833e-01,-1.067604693383824577e+00
6.883064956042415083e-01,-1.151792216143526337e+00
6.883064956042415083e-01,-1.151792216143526337e+00
6.883064956042415083e-01,-1.151792216143526337e+00
6.883064956042415083e-01,-1.151792216143526337e+00
6.883064956042415083e-01,-1.151792216143526337e+00
6.883064956042415083e-01,-1.151792216143526337e+00
6.522261287072264047e-01,-1.071613623039048502e+00
6.722707769833459190e-01,-9.874261002793466302e-01
6.522261287072264047e-01,-9.072475071748686837e-01
6.722707769833459190e-01,-7.869796175181518194e-01
