1.009000000000000000e+03,-8.890000000000000000e+02
1.009000000000000000e+03,-8.890000000000000000e+02
1.031000000000000000e+03,-8.520000000000000000e+02
1.042000000000000000e+03,-8.350000000000000000e+02
1.058000000000000000e+03,-7.990000000000000000e+02
1.082000000000000000e+03,-7.690000000000000000e+02
1.105000000000000000e+03,-7.420000000000000000e+02
1.129000000000000000e+03,-7.140000000000000000e+02
1.149000000000000000e+03,-6.900000000000000000e+02
1.177000000000000000e+03,-6.680000000000000000e+02
1.177000000000000000e+03,-6.680000000000000000e+02
1.211000000000000000e+03,-6.410000000000000000e+02
1.211000000000000000e+03,-6.410000000000000000e+02
