1.155685332275377508e+00,1.765116879307468967e+00
1.063479950205227897e+00,1.777143668273140742e+00
9.833013571007499509e-01,1.825250824135827399e+00
8.469977488231376084e-01,1.797188316549260145e+00
6.906494922694056404e-01,1.761107949652245042e+00
5.503369543365693728e-01,1.725027582755230160e+00
3.579083308858223567e-01,1.620795411719408774e+00
1.935422150216426773e-01,1.516563240683587610e+00
-1.893105670522374565e-02,1.332152476543288389e+00
-1.873061022246273188e-01,1.163777431023884867e+00
-3.797347256753743072e-01,9.312595110208988780e-01
-5.320740525738822946e-01,7.147773096388085889e-01
-6.723865905067185622e-01,4.301433041179120176e-01
-7.686009022320920980e-01,1.655539468731349606e-01
-8.287348470604505302e-01,-1.190800586477615830e-01
-8.447705656813461195e-01,-3.836694158925386677e-01
-8.207169877500026800e-01,-6.562766324477634639e-01
-7.445473243007487696e-01,-8.968124117611971924e-01
-6.242794346440319053e-01,-1.121312472453735332e+00
-4.478865298141804785e-01,-1.313741095904482181e+00
-2.434311173977618536e-01,-1.454053633837318671e+00
-6.904267739552060607e-03,-1.550267945562691985e+00
2.456583005395533148e-01,-1.610401890391050417e+00
4.781762205425392209e-01,-1.646482257288065520e+00
7.427655777873163334e-01,-1.610401890391050417e+00
9.672656384798543616e-01,-1.574321523494035535e+00
1.143658543309705733e+00,-1.546259015907468282e+00
1.275953221932094372e+00,-1.498151860044781403e+00
1.340096096415676730e+00,-1.454053633837318671e+00
