-8.880798405724808775e-02,1.950446199206812281e+00
-8.880798405724808775e-02,1.950446199206812281e+00
-7.678119509157640965e-02,2.054678370242633445e+00
-7.678119509157640965e-02,2.118821244726215802e+00
-7.678119509157640965e-02,2.118821244726215802e+00
-2.867403922888966950e-02,2.227062345417261113e+00
-2.867403922888966950e-02,2.227062345417261113e+00
7.406327668125384754e-03,2.319267727487410724e+00
7.406327668125384754e-03,2.319267727487410724e+00
7.406327668125384754e-03,2.319267727487410724e+00
7.406327668125384754e-03,2.319267727487410724e+00
7.406327668125384754e-03,2.319267727487410724e+00
7.406327668125384754e-03,2.319267727487410724e+00
7.406327668125384754e-03,2.319267727487410724e+00
7.406327668125384754e-03,2.319267727487410724e+00
7.406327668125384754e-03,2.319267727487410724e+00
7.406327668125384754e-03,2.319267727487410724e+00
7.406327668125384754e-03,2.319267727487410724e+00
7.406327668125384754e-03,2.319267727487410724e+00
7.406327668125384754e-03,2.319267727487410724e+00
-1.263832060799408886e-02,2.215035556451589116e+00
7.406327668125384754e-03,2.126839104036663652e+00
2.344204628902096452e-02,1.990535495759051088e+00
5.952241318603601616e-02,1.830178309550095417e+00
1.076295690487227563e-01,1.593651459891885613e+00
1.677635138770811885e-01,1.280954946784421677e+00
2.359153180158873875e-01,9.241602074694951208e-01
3.160939111203652785e-01,4.831779453948666370e-01
3.882546449143953748e-01,2.215103504411871857e-02
4.604153787084255267e-01,-4.549115939275247822e-01
5.085225345711122946e-01,-9.359831525543921282e-01
5.365850421576795481e-01,-1.409036851870811846e+00
5.205493235367839588e-01,-1.846010184290216349e+00
4.764510973293211160e-01,-2.218840642226038717e+00
3.922635745696192999e-01,-2.575635381540965163e+00
2.960492628442458196e-01,-2.848242598096189848e+00
1.757813731875289831e-01,-3.076751588443952024e+00
4.749562422036433113e-02,-3.241117704308131842e+00
-8.479905440202420430e-02,-3.373412382930520259e+00
-2.170937330244127328e-01,-3.445573116724550466e+00
-3.694330599229207479e-01,-3.473635624311117720e+00
-5.057366682005332015e-01,-3.445573116724550466e+00
-6.340224171676978049e-01,-3.349358804999176709e+00
-7.542903068244146692e-01,-3.221073056032012438e+00
-8.625314075154597582e-01,-3.056706940167832620e+00
-9.427100006199377047e-01,-2.840224738785742442e+00
-9.747814378617288833e-01,-2.575635381540965163e+00
-9.427100006199377047e-01,-2.274965657399173224e+00
-8.464956888945642799e-01,-1.946233425670813588e+00
-6.821295730303845728e-01,-1.621510123597678099e+00
-4.656473716482942282e-01,-1.316831469800662235e+00
-2.251115923348605274e-01,-1.004134956693198300e+00
4.348669456514044074e-02,-6.954473732409585107e-01
2.920403331890219500e-01,-4.589205235827486518e-01
5.245582531920078839e-01,-2.865365484081212055e-01
7.089690173323069944e-01,-1.702775884066282386e-01
8.212190476785760085e-01,-9.009899530215033370e-02
8.893708518173822908e-01,-5.911472542448547099e-03
8.893708518173822908e-01,-5.911472542448547099e-03
