8.500000000000000000e+02,-1.207000000000000000e+03
8.500000000000000000e+02,-1.207000000000000000e+03
8.500000000000000000e+02,-1.207000000000000000e+03
8.500000000000000000e+02,-1.207000000000000000e+03
8.500000000000000000e+02,-1.207000000000000000e+03
8.500000000000000000e+02,-1.207000000000000000e+03
8.260000000000000000e+02,-1.204000000000000000e+03
8.260000000000000000e+02,-1.204000000000000000e+03
8.070000000000000000e+02,-1.192000000000000000e+03
8.070000000000000000e+02,-1.192000000000000000e+03
7.780000000000000000e+02,-1.173000000000000000e+03
7.610000000000000000e+02,-1.162000000000000000e+03
7.420000000000000000e+02,-1.154000000000000000e+03
7.240000000000000000e+02,-1.147000000000000000e+03
7.020000000000000000e+02,-1.144000000000000000e+03
6.840000000000000000e+02,-1.144000000000000000e+03
6.680000000000000000e+02,-1.151000000000000000e+03
6.540000000000000000e+02,-1.163000000000000000e+03
6.450000000000000000e+02,-1.183000000000000000e+03
6.390000000000000000e+02,-1.209000000000000000e+03
6.360000000000000000e+02,-1.242000000000000000e+03
6.390000000000000000e+02,-1.281000000000000000e+03
6.440000000000000000e+02,-1.326000000000000000e+03
6.510000000000000000e+02,-1.373000000000000000e+03
6.620000000000000000e+02,-1.424000000000000000e+03
6.720000000000000000e+02,-1.478000000000000000e+03
6.830000000000000000e+02,-1.533000000000000000e+03
6.920000000000000000e+02,-1.584000000000000000e+03
6.980000000000000000e+02,-1.634000000000000000e+03
7.010000000000000000e+02,-1.677000000000000000e+03
6.990000000000000000e+02,-1.717000000000000000e+03
6.930000000000000000e+02,-1.748000000000000000e+03
6.800000000000000000e+02,-1.774000000000000000e+03
6.620000000000000000e+02,-1.787000000000000000e+03
6.390000000000000000e+02,-1.795000000000000000e+03
6.140000000000000000e+02,-1.789000000000000000e+03
5.860000000000000000e+02,-1.772000000000000000e+03
5.610000000000000000e+02,-1.745000000000000000e+03
5.370000000000000000e+02,-1.711000000000000000e+03
5.190000000000000000e+02,-1.668000000000000000e+03
5.050000000000000000e+02,-1.625000000000000000e+03
4.990000000000000000e+02,-1.581000000000000000e+03
4.990000000000000000e+02,-1.537000000000000000e+03
5.070000000000000000e+02,-1.498000000000000000e+03
5.190000000000000000e+02,-1.466000000000000000e+03
5.380000000000000000e+02,-1.441000000000000000e+03
5.620000000000000000e+02,-1.420000000000000000e+03
5.910000000000000000e+02,-1.406000000000000000e+03
6.240000000000000000e+02,-1.394000000000000000e+03
6.570000000000000000e+02,-1.384000000000000000e+03
6.920000000000000000e+02,-1.371000000000000000e+03
7.270000000000000000e+02,-1.361000000000000000e+03
7.580000000000000000e+02,-1.349000000000000000e+03
7.870000000000000000e+02,-1.332000000000000000e+03
8.100000000000000000e+02,-1.316000000000000000e+03
8.280000000000000000e+02,-1.295000000000000000e+03
8.380000000000000000e+02,-1.267000000000000000e+03
8.440000000000000000e+02,-1.240000000000000000e+03
8.430000000000000000e+02,-1.215000000000000000e+03
8.350000000000000000e+02,-1.183000000000000000e+03
8.230000000000000000e+02,-1.154000000000000000e+03
8.050000000000000000e+02,-1.129000000000000000e+03
7.820000000000000000e+02,-1.108000000000000000e+03
7.600000000000000000e+02,-1.093000000000000000e+03
7.370000000000000000e+02,-1.084000000000000000e+03
7.130000000000000000e+02,-1.082000000000000000e+03
6.990000000000000000e+02,-1.081000000000000000e+03
6.810000000000000000e+02,-1.096000000000000000e+03
6.740000000000000000e+02,-1.112000000000000000e+03
6.740000000000000000e+02,-1.112000000000000000e+03
6.840000000000000000e+02,-1.142000000000000000e+03
7.020000000000000000e+02,-1.154000000000000000e+03
