5.560000000000000000e+02,-7.450000000000000000e+02
5.490000000000000000e+02,-7.310000000000000000e+02
5.520000000000000000e+02,-7.110000000000000000e+02
5.520000000000000000e+02,-7.110000000000000000e+02
5.500000000000000000e+02,-6.840000000000000000e+02
5.500000000000000000e+02,-6.840000000000000000e+02
5.500000000000000000e+02,-6.840000000000000000e+02
5.500000000000000000e+02,-6.840000000000000000e+02
5.490000000000000000e+02,-7.080000000000000000e+02
5.490000000000000000e+02,-7.340000000000000000e+02
5.410000000000000000e+02,-7.790000000000000000e+02
5.410000000000000000e+02,-8.260000000000000000e+02
5.340000000000000000e+02,-8.890000000000000000e+02
5.320000000000000000e+02,-9.570000000000000000e+02
5.260000000000000000e+02,-1.037000000000000000e+03
5.260000000000000000e+02,-1.115000000000000000e+03
5.250000000000000000e+02,-1.200000000000000000e+03
5.280000000000000000e+02,-1.281000000000000000e+03
5.310000000000000000e+02,-1.367000000000000000e+03
5.380000000000000000e+02,-1.445000000000000000e+03
5.460000000000000000e+02,-1.525000000000000000e+03
5.560000000000000000e+02,-1.595000000000000000e+03
5.670000000000000000e+02,-1.658000000000000000e+03
5.820000000000000000e+02,-1.714000000000000000e+03
5.980000000000000000e+02,-1.760000000000000000e+03
6.180000000000000000e+02,-1.796000000000000000e+03
6.420000000000000000e+02,-1.819000000000000000e+03
6.680000000000000000e+02,-1.836000000000000000e+03
7.020000000000000000e+02,-1.840000000000000000e+03
7.430000000000000000e+02,-1.839000000000000000e+03
7.880000000000000000e+02,-1.833000000000000000e+03
8.370000000000000000e+02,-1.821000000000000000e+03
8.880000000000000000e+02,-1.807000000000000000e+03
9.450000000000000000e+02,-1.793000000000000000e+03
1.001000000000000000e+03,-1.781000000000000000e+03
1.061000000000000000e+03,-1.771000000000000000e+03
1.114000000000000000e+03,-1.763000000000000000e+03
1.167000000000000000e+03,-1.757000000000000000e+03
1.220000000000000000e+03,-1.750000000000000000e+03
1.259000000000000000e+03,-1.751000000000000000e+03
1.292000000000000000e+03,-1.751000000000000000e+03
1.322000000000000000e+03,-1.739000000000000000e+03
1.337000000000000000e+03,-1.732000000000000000e+03
1.342000000000000000e+03,-1.717000000000000000e+03
