7.020000000000000000e+02,-8.820000000000000000e+02
7.020000000000000000e+02,-8.820000000000000000e+02
7.020000000000000000e+02,-8.820000000000000000e+02
6.330000000000000000e+02,-8.410000000000000000e+02
6.330000000000000000e+02,-8.410000000000000000e+02
6.330000000000000000e+02,-8.410000000000000000e+02
6.330000000000000000e+02,-8.410000000000000000e+02
6.140000000000000000e+02,-9.070000000000000000e+02
6.140000000000000000e+02,-9.070000000000000000e+02
6.140000000000000000e+02,-9.070000000000000000e+02
6.560000000000000000e+02,-9.780000000000000000e+02
6.560000000000000000e+02,-9.780000000000000000e+02
7.160000000000000000e+02,-9.950000000000000000e+02
7.160000000000000000e+02,-9.950000000000000000e+02
7.870000000000000000e+02,-9.710000000000000000e+02
7.870000000000000000e+02,-9.710000000000000000e+02
8.470000000000000000e+02,-9.120000000000000000e+02
8.470000000000000000e+02,-9.120000000000000000e+02
8.830000000000000000e+02,-8.350000000000000000e+02
8.830000000000000000e+02,-8.350000000000000000e+02
8.830000000000000000e+02,-7.630000000000000000e+02
8.830000000000000000e+02,-7.630000000000000000e+02
8.830000000000000000e+02,-7.630000000000000000e+02
8.190000000000000000e+02,-7.020000000000000000e+02
8.190000000000000000e+02,-7.020000000000000000e+02
7.550000000000000000e+02,-7.080000000000000000e+02
7.550000000000000000e+02,-7.080000000000000000e+02
7.550000000000000000e+02,-7.080000000000000000e+02
6.720000000000000000e+02,-7.840000000000000000e+02
6.720000000000000000e+02,-7.840000000000000000e+02
6.470000000000000000e+02,-8.530000000000000000e+02
6.470000000000000000e+02,-8.530000000000000000e+02
