6.140000000000000000e+02,-1.213000000000000000e+03
6.110000000000000000e+02,-1.195000000000000000e+03
6.110000000000000000e+02,-1.195000000000000000e+03
6.010000000000000000e+02,-1.222000000000000000e+03
6.000000000000000000e+02,-1.251000000000000000e+03
5.860000000000000000e+02,-1.308000000000000000e+03
5.850000000000000000e+02,-1.362000000000000000e+03
5.740000000000000000e+02,-1.439000000000000000e+03
5.790000000000000000e+02,-1.510000000000000000e+03
5.850000000000000000e+02,-1.590000000000000000e+03
6.050000000000000000e+02,-1.667000000000000000e+03
6.330000000000000000e+02,-1.738000000000000000e+03
6.740000000000000000e+02,-1.800000000000000000e+03
7.220000000000000000e+02,-1.855000000000000000e+03
7.790000000000000000e+02,-1.896000000000000000e+03
8.400000000000000000e+02,-1.926000000000000000e+03
9.000000000000000000e+02,-1.946000000000000000e+03
9.590000000000000000e+02,-1.956000000000000000e+03
1.009000000000000000e+03,-1.958000000000000000e+03
1.055000000000000000e+03,-1.950000000000000000e+03
1.082000000000000000e+03,-1.947000000000000000e+03
1.111000000000000000e+03,-1.928000000000000000e+03
1.122000000000000000e+03,-1.911000000000000000e+03
1.117000000000000000e+03,-1.897000000000000000e+03
1.102000000000000000e+03,-1.879000000000000000e+03
1.073000000000000000e+03,-1.864000000000000000e+03
