4.824502910479761542e-01,1.769995470951392313e+00
5.546110248420061950e-01,1.802066908193183492e+00
5.546110248420061950e-01,1.802066908193183492e+00
5.546110248420061950e-01,1.802066908193183492e+00
5.546110248420061950e-01,1.802066908193183492e+00
5.546110248420061950e-01,1.802066908193183492e+00
5.786646027733496345e-01,1.866209782676765849e+00
5.786646027733496345e-01,1.866209782676765849e+00
5.786646027733496345e-01,1.866209782676765849e+00
5.786646027733496345e-01,1.866209782676765849e+00
5.345663765658867916e-01,1.950397305436467610e+00
5.345663765658867916e-01,1.950397305436467610e+00
4.824502910479761542e-01,1.994495531643930564e+00
4.263252758748415916e-01,1.994495531643930564e+00
4.263252758748415916e-01,1.994495531643930564e+00
3.421377531151398310e-01,2.006522320609602339e+00
2.820038082867813989e-01,2.006522320609602339e+00
2.098430744927512748e-01,1.994495531643930564e+00
1.376823406987211507e-01,1.994495531643930564e+00
4.547695862857158156e-02,1.970441953712587235e+00
-4.672842344157800143e-02,1.962424094402139385e+00
-1.349248758565037010e-01,1.946388375781243685e+00
-2.311391875818771813e-01,1.922334797849900356e+00
-3.433892179281462509e-01,1.898281219918557028e+00
-4.315856703430719365e-01,1.874227641987213699e+00
-5.277999820684453613e-01,1.830129415779750746e+00
-6.240142937938188972e-01,1.790040119227511939e+00
-7.202286055191923220e-01,1.741932963364825060e+00
-8.084250579341180076e-01,1.685807948191690553e+00
-8.966215103490436933e-01,1.629682933018556046e+00
-9.768001034535216398e-01,1.569548988190197614e+00
-1.052969766902775550e+00,1.485361465430495853e+00
-1.125130500696805758e+00,1.401173942670794093e+00
-1.205309093801283593e+00,1.304959630945420557e+00
-1.277469827595313800e+00,1.200727459909599393e+00
-1.349630561389343786e+00,1.076450640597658603e+00
-1.429809154493821843e+00,9.361381026648222248e-01
-1.513996677253523604e+00,7.837987757663142929e-01
-1.606202059323673215e+00,6.274505192125823250e-01
-1.694398511738598900e+00,4.590754736931787483e-01
-1.786603893808748289e+00,2.947093578289990412e-01
-1.870791416568450272e+00,1.143075233439237864e-01
-1.954978939328152032e+00,-4.204073320980811213e-02
-2.039166462087853571e+00,-1.943800601083161272e-01
-2.111327195881883778e+00,-3.306836683859285531e-01
-2.171461140710242432e+00,-4.629783470083170815e-01
-2.219568296572929089e+00,-5.872551663202578709e-01
-2.263666522780392043e+00,-6.954962670113029599e-01
-2.299746889677407147e+00,-7.957195083919003098e-01
-2.327809397263974400e+00,-8.999516794277215848e-01
-2.351862975195317507e+00,-1.008192780118766896e+00
-2.371907623471436910e+00,-1.128460669775483538e+00
-2.391952271747556313e+00,-1.260755348397872178e+00
-2.407987990368452014e+00,-1.413094675296380220e+00
-2.428032638644571417e+00,-1.565434002194888263e+00
-2.440059427610243414e+00,-1.733809047714291784e+00
-2.456095146231138671e+00,-1.914210882199367081e+00
-2.468121935196810668e+00,-2.106639505650114153e+00
-2.488166583472930071e+00,-2.307085988411308630e+00
-2.500193372438601624e+00,-2.511541400827727255e+00
-2.512220161404273178e+00,-2.707978953933698030e+00
-2.512220161404273178e+00,-2.888380788418773548e+00
-2.512220161404273178e+00,-3.068782622903848623e+00
-2.504202302093825772e+00,-3.233148738768028441e+00
-2.480148724162482221e+00,-3.369452347045641005e+00
-2.456095146231138671e+00,-3.485711307047133722e+00
-2.407987990368452014e+00,-3.589943478082955330e+00
-2.351862975195317507e+00,-3.678139930497880794e+00
-2.287720100711735149e+00,-3.758318523602358852e+00
-2.219568296572929089e+00,-3.830479257396388615e+00
-2.143398633123675179e+00,-3.890613202224747269e+00
-2.059211110363973418e+00,-3.950747147053105479e+00
-1.967005728293823585e+00,-4.006872162226239986e+00
-1.874800346223673975e+00,-4.071015036709822787e+00
-1.790612823463972214e+00,-4.127140051882957295e+00
-1.706425300704270454e+00,-4.187273996711315505e+00
-1.622237777944568693e+00,-4.239390082229226309e+00
-1.538050255184866932e+00,-4.287497238091912521e+00
-1.457871662080389097e+00,-4.339613323609823325e+00
-1.381701998631134964e+00,-4.387720479472510426e+00
-1.309541264837104979e+00,-4.427809776024749233e+00
-1.241389460698298697e+00,-4.451863353956092340e+00
-1.169228726904268489e+00,-4.487943720853107443e+00
-1.097067993110238504e+00,-4.487943720853107443e+00
-1.016889400005760669e+00,-4.463890142921764337e+00
-9.327018772460587970e-01,-4.435827635335196639e+00
-8.364875655206852612e-01,-4.375693690506838429e+00
-7.282464648296401721e-01,-4.283488308436688818e+00
-6.079785751729233079e-01,-4.163220418779972398e+00
-4.676660372400869847e-01,-4.006872162226239986e+00
-3.032999213759072776e-01,-3.806425679465045508e+00
-1.429427351669514679e-01,-3.577916689117283333e+00
2.543231035245210533e-02,-3.329363050493401754e+00
1.978162855270795828e-01,-3.068782622903848623e+00
3.661913310464831595e-01,-2.780139687727728237e+00
5.225395876002151274e-01,-2.495505682206831999e+00
6.748789144987230593e-01,-2.206862747030711169e+00
7.991557338106638486e-01,-1.926237671165038634e+00
9.114057641569328627e-01,-1.661648313920261577e+00
9.955932869166346233e-01,-1.413094675296380220e+00
1.067754020710664831e+00,-1.172558895982946492e+00
1.115861176573351488e+00,-9.480588352904083527e-01
1.151941543470366591e+00,-7.476123525292136529e-01
1.167977262091262070e+00,-5.551837290784666923e-01
1.175995121401709920e+00,-3.868086835590630601e-01
1.175995121401709920e+00,-2.304604270053311754e-01
1.163968332436038366e+00,-7.812110010682316030e-02
1.163968332436038366e+00,6.219143782601315590e-02
1.155950473125590516e+00,1.944861164484016913e-01
1.155950473125590516e+00,3.267807950707902198e-01
1.155950473125590516e+00,4.670933330036265430e-01
1.155950473125590516e+00,6.033969412812389965e-01
1.155950473125590516e+00,7.597451978349708535e-01
1.155950473125590516e+00,9.120845247334788963e-01
1.143923684159918741e+00,1.064423851631986828e+00
1.127887965539023263e+00,1.216763178530494871e+00
1.103834387607679934e+00,1.361084646118555064e+00
1.071762950365888756e+00,1.497388254396167628e+00
1.031673653813649727e+00,1.605629355087212717e+00
9.955932869166346233e-01,1.709861526123033881e+00
9.474861310539479664e-01,1.790040119227511939e+00
8.993789751912611985e-01,1.854182993711094074e+00
8.472628896733506165e-01,1.914316938539452506e+00
8.472628896733506165e-01,1.914316938539452506e+00
7.710932262240965951e-01,1.994495531643930564e+00
7.710932262240965951e-01,1.994495531643930564e+00
7.029414220852903128e-01,2.034584828196169592e+00
7.029414220852903128e-01,2.034584828196169592e+00
6.428074772569318807e-01,2.074674124748408399e+00
6.428074772569318807e-01,2.074674124748408399e+00
6.428074772569318807e-01,2.074674124748408399e+00
5.906913917390212987e-01,2.090709843369304100e+00
5.906913917390212987e-01,2.090709843369304100e+00
5.906913917390212987e-01,2.090709843369304100e+00
5.305574469106628666e-01,2.098727702679751950e+00
5.305574469106628666e-01,2.098727702679751950e+00
4.664145724270805649e-01,2.122781280611095056e+00
4.664145724270805649e-01,2.122781280611095056e+00
3.822270496673787488e-01,2.162870577163334307e+00
3.301109641494681113e-01,2.182915225439453710e+00
3.301109641494681113e-01,2.182915225439453710e+00
2.338966524240946310e-01,2.198950944060348967e+00
1.777716372509601239e-01,2.186924155094677413e+00
1.777716372509601239e-01,2.186924155094677413e+00
1.056109034569299998e-01,2.114763421300647206e+00
6.953053655991495163e-02,2.046611617161841146e+00
4.547695862857158156e-02,1.982468742678258788e+00
3.745909931812379384e-02,1.910308008884228803e+00
2.142338069722821148e-02,1.826120486124526821e+00
2.142338069722821148e-02,1.769995470951392313e+00
1.340552138678042203e-02,1.705852596467810178e+00
1.340552138678042203e-02,1.705852596467810178e+00
9.396591731556526439e-03,1.605629355087212717e+00
9.396591731556526439e-03,1.605629355087212717e+00
2.543231035245210533e-02,1.485361465430495853e+00
3.745909931812379384e-02,1.401173942670794093e+00
5.750374759424326659e-02,1.316986419911092332e+00
9.358411449125832171e-02,1.220772108185718796e+00
1.296644813882733838e-01,1.116539937149897410e+00
1.857894965614078908e-01,1.004289906803628396e+00
2.499323710449902203e-01,8.760041578364637926e-01
3.220931048390203166e-01,7.677630571454187036e-01
4.062806275987221327e-01,6.635308861095974287e-01
5.225395876002151274e-01,5.753344336946717430e-01
6.387985476017080666e-01,4.831290516245221323e-01
7.710932262240965951e-01,4.069593881752681108e-01
9.234325531226045269e-01,3.428165136916858091e-01
1.083789739331560309e+00,3.027272171394468359e-01
1.252164784850964052e+00,2.586289909319839930e-01
1.436575548991263052e+00,2.425932723110884315e-01
1.633013102097234048e+00,2.425932723110884315e-01
1.829450655203204823e+00,2.586289909319839930e-01
2.033906067619623670e+00,2.947093578289990412e-01
2.234352550380818148e+00,3.428165136916858091e-01
2.426781173831565219e+00,3.989415288648203162e-01
2.615200867627088144e+00,4.550665440379548787e-01
2.795602702112163662e+00,5.152004888663133109e-01
2.959968817976343036e+00,5.673165743842238928e-01
3.104290285564403451e+00,6.154237302469106607e-01
3.228567104876344018e+00,6.515040971439256534e-01
3.340817135222613032e+00,6.755576750752690929e-01
3.429013587637538940e+00,6.956023233513886073e-01
3.501174321431569147e+00,6.956023233513886073e-01
3.569326125570375208e+00,6.875844640409407571e-01
3.569326125570375208e+00,6.875844640409407571e-01
3.569326125570375208e+00,6.875844640409407571e-01
3.617433281433061865e+00,6.354683785230301751e-01
3.617433281433061865e+00,6.354683785230301751e-01
3.533245758673360104e+00,5.552897854185522286e-01
