6.930000000000000000e+02,-1.679000000000000000e+03
6.930000000000000000e+02,-1.679000000000000000e+03
6.930000000000000000e+02,-1.679000000000000000e+03
6.930000000000000000e+02,-1.679000000000000000e+03
6.930000000000000000e+02,-1.679000000000000000e+03
6.930000000000000000e+02,-1.679000000000000000e+03
7.220000000000000000e+02,-1.671000000000000000e+03
7.360000000000000000e+02,-1.670000000000000000e+03
7.640000000000000000e+02,-1.658000000000000000e+03
7.900000000000000000e+02,-1.650000000000000000e+03
8.260000000000000000e+02,-1.638000000000000000e+03
8.590000000000000000e+02,-1.628000000000000000e+03
8.940000000000000000e+02,-1.619000000000000000e+03
9.300000000000000000e+02,-1.610000000000000000e+03
9.600000000000000000e+02,-1.605000000000000000e+03
9.960000000000000000e+02,-1.598000000000000000e+03
1.031000000000000000e+03,-1.596000000000000000e+03
1.057000000000000000e+03,-1.607000000000000000e+03
1.084000000000000000e+03,-1.605000000000000000e+03
1.100000000000000000e+03,-1.620000000000000000e+03
