3.130000000000000000e+02,-1.222000000000000000e+03
3.130000000000000000e+02,-1.222000000000000000e+03
3.170000000000000000e+02,-1.233000000000000000e+03
3.170000000000000000e+02,-1.233000000000000000e+03
3.290000000000000000e+02,-1.227000000000000000e+03
3.380000000000000000e+02,-1.219000000000000000e+03
3.550000000000000000e+02,-1.208000000000000000e+03
3.730000000000000000e+02,-1.193000000000000000e+03
3.990000000000000000e+02,-1.168000000000000000e+03
4.270000000000000000e+02,-1.141000000000000000e+03
4.600000000000000000e+02,-1.104000000000000000e+03
4.930000000000000000e+02,-1.061000000000000000e+03
5.280000000000000000e+02,-1.014000000000000000e+03
5.580000000000000000e+02,-9.720000000000000000e+02
5.850000000000000000e+02,-9.240000000000000000e+02
6.040000000000000000e+02,-8.820000000000000000e+02
6.160000000000000000e+02,-8.460000000000000000e+02
6.180000000000000000e+02,-8.220000000000000000e+02
6.150000000000000000e+02,-8.090000000000000000e+02
6.040000000000000000e+02,-8.120000000000000000e+02
5.900000000000000000e+02,-8.220000000000000000e+02
5.690000000000000000e+02,-8.480000000000000000e+02
5.520000000000000000e+02,-8.870000000000000000e+02
5.310000000000000000e+02,-9.360000000000000000e+02
5.190000000000000000e+02,-9.870000000000000000e+02
5.080000000000000000e+02,-1.040000000000000000e+03
5.080000000000000000e+02,-1.089000000000000000e+03
5.120000000000000000e+02,-1.132000000000000000e+03
5.240000000000000000e+02,-1.166000000000000000e+03
5.400000000000000000e+02,-1.193000000000000000e+03
5.650000000000000000e+02,-1.209000000000000000e+03
5.930000000000000000e+02,-1.214000000000000000e+03
6.210000000000000000e+02,-1.211000000000000000e+03
6.530000000000000000e+02,-1.195000000000000000e+03
6.810000000000000000e+02,-1.177000000000000000e+03
7.060000000000000000e+02,-1.150000000000000000e+03
7.300000000000000000e+02,-1.117000000000000000e+03
7.460000000000000000e+02,-1.074000000000000000e+03
