8.000000000000000000e+02,-1.441000000000000000e+03
8.000000000000000000e+02,-1.441000000000000000e+03
7.930000000000000000e+02,-1.426000000000000000e+03
7.930000000000000000e+02,-1.426000000000000000e+03
7.930000000000000000e+02,-1.426000000000000000e+03
7.930000000000000000e+02,-1.426000000000000000e+03
7.930000000000000000e+02,-1.426000000000000000e+03
7.930000000000000000e+02,-1.426000000000000000e+03
7.930000000000000000e+02,-1.426000000000000000e+03
7.930000000000000000e+02,-1.426000000000000000e+03
7.930000000000000000e+02,-1.426000000000000000e+03
7.930000000000000000e+02,-1.426000000000000000e+03
7.930000000000000000e+02,-1.426000000000000000e+03
7.910000000000000000e+02,-1.439000000000000000e+03
7.910000000000000000e+02,-1.439000000000000000e+03
7.870000000000000000e+02,-1.463000000000000000e+03
7.820000000000000000e+02,-1.480000000000000000e+03
7.790000000000000000e+02,-1.498000000000000000e+03
7.750000000000000000e+02,-1.524000000000000000e+03
7.720000000000000000e+02,-1.548000000000000000e+03
7.670000000000000000e+02,-1.578000000000000000e+03
7.670000000000000000e+02,-1.608000000000000000e+03
7.670000000000000000e+02,-1.641000000000000000e+03
7.700000000000000000e+02,-1.673000000000000000e+03
7.760000000000000000e+02,-1.703000000000000000e+03
7.840000000000000000e+02,-1.730000000000000000e+03
7.940000000000000000e+02,-1.754000000000000000e+03
8.070000000000000000e+02,-1.774000000000000000e+03
8.230000000000000000e+02,-1.789000000000000000e+03
8.410000000000000000e+02,-1.798000000000000000e+03
8.590000000000000000e+02,-1.800000000000000000e+03
8.790000000000000000e+02,-1.795000000000000000e+03
8.970000000000000000e+02,-1.783000000000000000e+03
9.150000000000000000e+02,-1.765000000000000000e+03
9.330000000000000000e+02,-1.741000000000000000e+03
9.480000000000000000e+02,-1.714000000000000000e+03
9.620000000000000000e+02,-1.679000000000000000e+03
9.720000000000000000e+02,-1.643000000000000000e+03
9.840000000000000000e+02,-1.601000000000000000e+03
9.900000000000000000e+02,-1.563000000000000000e+03
9.990000000000000000e+02,-1.524000000000000000e+03
1.005000000000000000e+03,-1.491000000000000000e+03
1.012000000000000000e+03,-1.459000000000000000e+03
1.015000000000000000e+03,-1.433000000000000000e+03
1.018000000000000000e+03,-1.412000000000000000e+03
1.019000000000000000e+03,-1.399000000000000000e+03
1.019000000000000000e+03,-1.399000000000000000e+03
1.021000000000000000e+03,-1.384000000000000000e+03
1.021000000000000000e+03,-1.384000000000000000e+03
1.021000000000000000e+03,-1.384000000000000000e+03
1.021000000000000000e+03,-1.384000000000000000e+03
1.021000000000000000e+03,-1.384000000000000000e+03
1.021000000000000000e+03,-1.384000000000000000e+03
1.021000000000000000e+03,-1.384000000000000000e+03
1.019000000000000000e+03,-1.406000000000000000e+03
1.019000000000000000e+03,-1.406000000000000000e+03
1.018000000000000000e+03,-1.436000000000000000e+03
1.019000000000000000e+03,-1.454000000000000000e+03
1.019000000000000000e+03,-1.483000000000000000e+03
1.021000000000000000e+03,-1.512000000000000000e+03
1.024000000000000000e+03,-1.545000000000000000e+03
1.028000000000000000e+03,-1.581000000000000000e+03
1.033000000000000000e+03,-1.622000000000000000e+03
1.039000000000000000e+03,-1.658000000000000000e+03
1.046000000000000000e+03,-1.691000000000000000e+03
1.052000000000000000e+03,-1.721000000000000000e+03
1.064000000000000000e+03,-1.744000000000000000e+03
1.069000000000000000e+03,-1.768000000000000000e+03
1.075000000000000000e+03,-1.787000000000000000e+03
1.075000000000000000e+03,-1.787000000000000000e+03
1.091000000000000000e+03,-1.792000000000000000e+03
1.091000000000000000e+03,-1.792000000000000000e+03
