6.740000000000000000e+02,-1.581000000000000000e+03
6.680000000000000000e+02,-1.561000000000000000e+03
6.810000000000000000e+02,-1.557000000000000000e+03
7.100000000000000000e+02,-1.552000000000000000e+03
7.580000000000000000e+02,-1.552000000000000000e+03
8.070000000000000000e+02,-1.558000000000000000e+03
8.680000000000000000e+02,-1.558000000000000000e+03
9.380000000000000000e+02,-1.558000000000000000e+03
1.013000000000000000e+03,-1.560000000000000000e+03
1.081000000000000000e+03,-1.566000000000000000e+03
1.150000000000000000e+03,-1.563000000000000000e+03
