-1.105274433850400362e+00,6.257688633701048719e-02
-1.045140489022041930e+00,2.349608615116379751e-01
-1.009060122125026826e+00,3.672555401340265036e-01
-9.729797552280118333e-01,4.915323594459672374e-01
-9.168547400548773263e-01,5.877466711713407177e-01
-9.168547400548773263e-01,5.877466711713407177e-01
-8.687475841921905584e-01,6.719341939310424783e-01
-8.887922324683100728e-01,6.158091787579079712e-01
-9.008190214339817370e-01,5.316216559982062106e-01
-9.489261772966685049e-01,3.271662435817875303e-01
-9.970333331593552728e-01,6.658581599223438452e-02
-1.069194066953385258e+00,-2.942178529779161389e-01
-1.121310152471296062e+00,-6.870929591898579103e-01
-1.173426237989206644e+00,-1.148119869540605853e+00
-1.165408378678758794e+00,-1.601128920580905834e+00
-1.097256574539952512e+00,-2.022066534379415081e+00
-9.489261772966685049e-01,-2.366834484728669974e+00
-7.164082572936826265e-01,-2.579307756455536449e+00
-4.237563924623382605e-01,-2.687548857146581316e+00
-7.898844211308329866e-02,-2.695566716457029166e+00
2.778062972018433552e-01,-2.627414912318223106e+00
6.225742475510983587e-01,-2.511155952316729945e+00
9.272529013481143334e-01,-2.378861273694341527e+00
1.183824399282443540e+00,-2.234539806106281112e+00
1.348190515146623358e+00,-2.150352283346579352e+00
1.428369108251101194e+00,-2.058146901276429741e+00
1.440395897216772969e+00,-1.981977237827175831e+00
1.380261952388414537e+00,-1.901798644722697995e+00
