8.290000000000000000e+02,-1.632000000000000000e+03
8.290000000000000000e+02,-1.632000000000000000e+03
8.290000000000000000e+02,-1.632000000000000000e+03
8.460000000000000000e+02,-1.631000000000000000e+03
8.590000000000000000e+02,-1.628000000000000000e+03
8.590000000000000000e+02,-1.628000000000000000e+03
8.880000000000000000e+02,-1.628000000000000000e+03
9.060000000000000000e+02,-1.631000000000000000e+03
9.270000000000000000e+02,-1.632000000000000000e+03
9.510000000000000000e+02,-1.635000000000000000e+03
9.770000000000000000e+02,-1.638000000000000000e+03
1.007000000000000000e+03,-1.640000000000000000e+03
1.036000000000000000e+03,-1.640000000000000000e+03
1.067000000000000000e+03,-1.638000000000000000e+03
1.097000000000000000e+03,-1.634000000000000000e+03
1.128000000000000000e+03,-1.626000000000000000e+03
1.155000000000000000e+03,-1.619000000000000000e+03
1.179000000000000000e+03,-1.610000000000000000e+03
1.192000000000000000e+03,-1.604000000000000000e+03
1.215000000000000000e+03,-1.585000000000000000e+03
1.215000000000000000e+03,-1.585000000000000000e+03
1.215000000000000000e+03,-1.585000000000000000e+03
