-3.378434354902317693e-01,2.148786295200007856e+00
-3.378434354902317693e-01,2.148786295200007856e+00
-3.258166465245601051e-01,2.028518405543290992e+00
-3.378434354902317693e-01,1.872170148989559024e+00
-3.699148727320229479e-01,1.643661158641796849e+00
-4.300488175603813801e-01,1.338982504844780985e+00
-4.861738327335158871e-01,1.006241343461197646e+00
-5.703613554932176477e-01,6.093573075940320605e-01
-6.304953003215760798e-01,2.245000606925381115e-01
-6.906292451499345120e-01,-1.643661158641796793e-01
-7.066649637708301013e-01,-5.131429958686585246e-01
-7.026560341156061762e-01,-8.338573682865700887e-01
-6.224774410111283407e-01,-1.070384217944780003e+00
-4.861738327335158871e-01,-1.246777122774631374e+00
-2.616737720409778034e-01,-1.322946786223885285e+00
6.924514859023174311e-03,-1.334973575189557060e+00
3.476835355530542571e-01,-1.286866419326870181e+00
7.165050638336525335e-01,-1.202678896567168421e+00
1.121406959011265858e+00,-1.118491373807466660e+00
1.462165979705297048e+00,-1.038312780702988825e+00
1.750808914881417433e+00,-9.501163282880631389e-01
1.891121452814253701e+00,-9.380895393223913636e-01
