1.640000000000000000e+02,-8.980000000000000000e+02
1.470000000000000000e+02,-8.950000000000000000e+02
1.470000000000000000e+02,-8.950000000000000000e+02
1.350000000000000000e+02,-9.170000000000000000e+02
1.320000000000000000e+02,-9.380000000000000000e+02
1.320000000000000000e+02,-9.630000000000000000e+02
1.340000000000000000e+02,-9.960000000000000000e+02
1.410000000000000000e+02,-1.030000000000000000e+03
1.500000000000000000e+02,-1.068000000000000000e+03
1.630000000000000000e+02,-1.103000000000000000e+03
1.770000000000000000e+02,-1.136000000000000000e+03
1.950000000000000000e+02,-1.163000000000000000e+03
2.140000000000000000e+02,-1.185000000000000000e+03
2.330000000000000000e+02,-1.202000000000000000e+03
2.530000000000000000e+02,-1.212000000000000000e+03
2.730000000000000000e+02,-1.215000000000000000e+03
2.920000000000000000e+02,-1.209000000000000000e+03
3.130000000000000000e+02,-1.197000000000000000e+03
3.360000000000000000e+02,-1.180000000000000000e+03
3.560000000000000000e+02,-1.157000000000000000e+03
3.780000000000000000e+02,-1.132000000000000000e+03
4.000000000000000000e+02,-1.100000000000000000e+03
4.200000000000000000e+02,-1.066000000000000000e+03
4.380000000000000000e+02,-1.031000000000000000e+03
4.540000000000000000e+02,-9.960000000000000000e+02
4.670000000000000000e+02,-9.650000000000000000e+02
4.760000000000000000e+02,-9.340000000000000000e+02
4.830000000000000000e+02,-9.130000000000000000e+02
4.880000000000000000e+02,-8.900000000000000000e+02
4.950000000000000000e+02,-8.720000000000000000e+02
4.950000000000000000e+02,-8.720000000000000000e+02
5.010000000000000000e+02,-8.560000000000000000e+02
5.010000000000000000e+02,-8.560000000000000000e+02
