1.096000000000000000e+03,-1.189000000000000000e+03
1.096000000000000000e+03,-1.189000000000000000e+03
1.096000000000000000e+03,-1.189000000000000000e+03
1.096000000000000000e+03,-1.189000000000000000e+03
1.096000000000000000e+03,-1.189000000000000000e+03
1.096000000000000000e+03,-1.189000000000000000e+03
1.070000000000000000e+03,-1.198000000000000000e+03
1.054000000000000000e+03,-1.213000000000000000e+03
1.025000000000000000e+03,-1.242000000000000000e+03
9.980000000000000000e+02,-1.267000000000000000e+03
9.590000000000000000e+02,-1.305000000000000000e+03
9.230000000000000000e+02,-1.338000000000000000e+03
8.800000000000000000e+02,-1.382000000000000000e+03
8.410000000000000000e+02,-1.418000000000000000e+03
7.990000000000000000e+02,-1.460000000000000000e+03
7.600000000000000000e+02,-1.497000000000000000e+03
7.240000000000000000e+02,-1.531000000000000000e+03
6.930000000000000000e+02,-1.560000000000000000e+03
6.680000000000000000e+02,-1.579000000000000000e+03
6.510000000000000000e+02,-1.599000000000000000e+03
6.360000000000000000e+02,-1.614000000000000000e+03
6.360000000000000000e+02,-1.614000000000000000e+03
6.200000000000000000e+02,-1.635000000000000000e+03
6.200000000000000000e+02,-1.635000000000000000e+03
6.200000000000000000e+02,-1.635000000000000000e+03
6.350000000000000000e+02,-1.650000000000000000e+03
6.510000000000000000e+02,-1.664000000000000000e+03
6.750000000000000000e+02,-1.674000000000000000e+03
7.020000000000000000e+02,-1.683000000000000000e+03
7.370000000000000000e+02,-1.696000000000000000e+03
7.730000000000000000e+02,-1.706000000000000000e+03
8.110000000000000000e+02,-1.718000000000000000e+03
8.460000000000000000e+02,-1.730000000000000000e+03
8.770000000000000000e+02,-1.739000000000000000e+03
9.060000000000000000e+02,-1.745000000000000000e+03
9.240000000000000000e+02,-1.751000000000000000e+03
9.470000000000000000e+02,-1.753000000000000000e+03
9.600000000000000000e+02,-1.757000000000000000e+03
9.600000000000000000e+02,-1.757000000000000000e+03
9.750000000000000000e+02,-1.756000000000000000e+03
9.750000000000000000e+02,-1.756000000000000000e+03
