-1.189291935039903159e+00,1.303188490065996463e+00
-1.189291935039903159e+00,1.303188490065996463e+00
-1.213345512971246487e+00,1.367331364549578820e+00
-1.213345512971246487e+00,1.367331364549578820e+00
-1.117131201245872951e+00,1.451518887309280581e+00
-1.012899030210051787e+00,1.487599254206295685e+00
-8.926311405533349230e-01,1.507643902482415088e+00
-7.402918136548268802e-01,1.523679621103310788e+00
-5.638989088249755088e-01,1.507643902482415088e+00
-3.834970743399002679e-01,1.475572465240623909e+00
-2.030952398548250271e-01,1.399402801791369999e+00
-4.674698330109311462e-02,1.303188490065996463e+00
9.356555463174320852e-02,1.186929530064503524e+00
2.018066553227883808e-01,1.042608062476443331e+00
2.699584594615945798e-01,8.902687355779352885e-01
2.859941780824901691e-01,7.299115493689795064e-01
2.819852484272662441e-01,5.535186445391281351e-01
2.378870222198034290e-01,3.771257397092767638e-01
1.577084291153255380e-01,1.967239052242015229e-01
8.153876566607153042e-02,1.632207073912624734e-02
-2.269340536974974454e-02,-1.720976230563968090e-01
-9.886306881900375210e-02,-3.605173168519199001e-01
-1.790416619234816431e-01,-5.449280809922190105e-01
-2.191309584757205886e-01,-7.092941968563987176e-01
-2.632291846831834592e-01,-8.656424534101306856e-01
-2.712470439936312538e-01,-9.939282023772952890e-01
-2.512023957175117395e-01,-1.102169303068340378e+00
-1.950773805443772324e-01,-1.186356825828042139e+00
-1.229166467503471222e-01,-1.246490770656400571e+00
-1.066661640407805776e-02,-1.270544348587744121e+00
1.176191325630865786e-01,-1.294597926519087450e+00
2.819852484272662441e-01,-1.294597926519087450e+00
4.423424346362220816e-01,-1.294597926519087450e+00
6.147264098108495833e-01,-1.282571137553415674e+00
7.710746663645814403e-01,-1.266535418932520196e+00
9.073782746421938938e-01,-1.254508629966848421e+00
1.031655093954134683e+00,-1.210410403759385689e+00
1.107824757403388594e+00,-1.198383614793713914e+00
1.107824757403388594e+00,-1.198383614793713914e+00
1.151922983610851547e+00,-1.134240740310131557e+00
1.151922983610851547e+00,-1.134240740310131557e+00
1.091789038782493115e+00,-1.050053217550429796e+00
