2.421242231390885180e-01,-3.320603997440162852e-02
2.741956603808796689e-01,3.895469381962848171e-02
2.741956603808796689e-01,3.895469381962848171e-02
2.140617155525212645e-01,1.271511462345541743e-01
1.499188410689389350e-01,1.592225834763453252e-01
2.965095141222210198e-02,1.632315131315692225e-01
-8.660800858927085455e-02,1.832761614076887091e-01
-2.469651947982266504e-01,1.592225834763453252e-01
-4.113313106624063575e-01,1.512047241658975305e-01
-5.877242154922577289e-01,1.071064979584347016e-01
-7.440724720459895858e-01,7.102613106141963950e-02
-8.883939396340498895e-01,6.883256577837322185e-03
-1.000643969980318904e+00,-5.725961790574499860e-02
-1.092849352050468514e+00,-1.334292813549990131e-01
-1.152983296878826946e+00,-2.095989448042530068e-01
-1.165010085844498500e+00,-2.937864675639548229e-01
-1.148974367223603021e+00,-3.659472013579849192e-01
-1.088840422395244589e+00,-4.340990054967911460e-01
-1.004652899635542829e+00,-4.902240206699256531e-01
-8.883939396340498895e-01,-5.263043875669407567e-01
-7.440724720459895858e-01,-5.383311765326124210e-01
-5.877242154922577289e-01,-5.463490358430601601e-01
-4.313759589385258164e-01,-5.343222468773884959e-01
-2.870544913504656237e-01,-5.142775986012689815e-01
-1.587687423833009648e-01,-4.902240206699256531e-01
-4.651871203703190211e-02,-4.661704427385822691e-01
4.167774037789378355e-02,-4.541436537729106049e-01
1.018116852062522087e-01,-4.541436537729106049e-01
1.499188410689389350e-01,-4.621615130833583995e-01
1.499188410689389350e-01,-4.621615130833583995e-01
2.140617155525212645e-01,-5.142775986012689815e-01
2.581599417599841351e-01,-5.583758248087318243e-01
3.102760272778947725e-01,-5.944561917057469280e-01
3.664010424510292796e-01,-6.385544179132097709e-01
4.385617762450593760e-01,-6.666169254997770244e-01
5.227492990047611920e-01,-6.906705034311203528e-01
6.109457514196868777e-01,-7.107151517072398672e-01
7.312136410764037420e-01,-7.026972923967921281e-01
8.274279528017771668e-01,-7.026972923967921281e-01
9.396779831480462919e-01,-6.866615737758965388e-01
1.055936943149539120e+00,-6.385544179132097709e-01
1.164178043840584431e+00,-5.944561917057469280e-01
1.276428074186853445e+00,-5.303133172221645708e-01
