1.254000000000000000e+03,-9.310000000000000000e+02
1.269000000000000000e+03,-9.300000000000000000e+02
1.292000000000000000e+03,-9.150000000000000000e+02
1.307000000000000000e+03,-9.060000000000000000e+02
1.321000000000000000e+03,-8.940000000000000000e+02
1.336000000000000000e+03,-8.790000000000000000e+02
1.336000000000000000e+03,-8.790000000000000000e+02
1.352000000000000000e+03,-8.550000000000000000e+02
1.352000000000000000e+03,-8.550000000000000000e+02
1.348000000000000000e+03,-8.320000000000000000e+02
1.348000000000000000e+03,-8.320000000000000000e+02
1.331000000000000000e+03,-8.120000000000000000e+02
1.316000000000000000e+03,-8.050000000000000000e+02
1.298000000000000000e+03,-7.940000000000000000e+02
1.274000000000000000e+03,-7.850000000000000000e+02
1.247000000000000000e+03,-7.790000000000000000e+02
1.217000000000000000e+03,-7.730000000000000000e+02
1.182000000000000000e+03,-7.730000000000000000e+02
1.143000000000000000e+03,-7.760000000000000000e+02
1.106000000000000000e+03,-7.810000000000000000e+02
1.070000000000000000e+03,-7.900000000000000000e+02
1.039000000000000000e+03,-8.020000000000000000e+02
1.010000000000000000e+03,-8.180000000000000000e+02
9.870000000000000000e+02,-8.380000000000000000e+02
9.720000000000000000e+02,-8.590000000000000000e+02
9.630000000000000000e+02,-8.830000000000000000e+02
9.620000000000000000e+02,-9.090000000000000000e+02
9.650000000000000000e+02,-9.360000000000000000e+02
9.740000000000000000e+02,-9.680000000000000000e+02
9.870000000000000000e+02,-1.001000000000000000e+03
1.004000000000000000e+03,-1.037000000000000000e+03
1.021000000000000000e+03,-1.076000000000000000e+03
1.039000000000000000e+03,-1.117000000000000000e+03
1.057000000000000000e+03,-1.163000000000000000e+03
1.072000000000000000e+03,-1.213000000000000000e+03
1.084000000000000000e+03,-1.263000000000000000e+03
1.093000000000000000e+03,-1.316000000000000000e+03
1.096000000000000000e+03,-1.368000000000000000e+03
1.091000000000000000e+03,-1.421000000000000000e+03
1.079000000000000000e+03,-1.474000000000000000e+03
1.060000000000000000e+03,-1.525000000000000000e+03
1.031000000000000000e+03,-1.575000000000000000e+03
9.960000000000000000e+02,-1.617000000000000000e+03
9.590000000000000000e+02,-1.653000000000000000e+03
9.180000000000000000e+02,-1.679000000000000000e+03
8.790000000000000000e+02,-1.696000000000000000e+03
8.410000000000000000e+02,-1.702000000000000000e+03
8.110000000000000000e+02,-1.697000000000000000e+03
7.900000000000000000e+02,-1.683000000000000000e+03
7.810000000000000000e+02,-1.655000000000000000e+03
7.900000000000000000e+02,-1.619000000000000000e+03
8.110000000000000000e+02,-1.576000000000000000e+03
8.440000000000000000e+02,-1.525000000000000000e+03
8.940000000000000000e+02,-1.468000000000000000e+03
9.530000000000000000e+02,-1.409000000000000000e+03
1.021000000000000000e+03,-1.346000000000000000e+03
1.091000000000000000e+03,-1.284000000000000000e+03
1.159000000000000000e+03,-1.227000000000000000e+03
1.230000000000000000e+03,-1.168000000000000000e+03
1.296000000000000000e+03,-1.114000000000000000e+03
1.349000000000000000e+03,-1.079000000000000000e+03
1.399000000000000000e+03,-1.044000000000000000e+03
1.432000000000000000e+03,-1.025000000000000000e+03
