4.450000000000000000e+02,-1.111000000000000000e+03
4.310000000000000000e+02,-1.113000000000000000e+03
4.310000000000000000e+02,-1.113000000000000000e+03
4.310000000000000000e+02,-1.113000000000000000e+03
4.310000000000000000e+02,-1.113000000000000000e+03
4.480000000000000000e+02,-1.113000000000000000e+03
4.600000000000000000e+02,-1.114000000000000000e+03
4.800000000000000000e+02,-1.111000000000000000e+03
5.000000000000000000e+02,-1.110000000000000000e+03
5.230000000000000000e+02,-1.104000000000000000e+03
5.450000000000000000e+02,-1.098000000000000000e+03
5.680000000000000000e+02,-1.089000000000000000e+03
5.870000000000000000e+02,-1.078000000000000000e+03
6.010000000000000000e+02,-1.065000000000000000e+03
6.110000000000000000e+02,-1.051000000000000000e+03
6.130000000000000000e+02,-1.037000000000000000e+03
6.100000000000000000e+02,-1.021000000000000000e+03
6.020000000000000000e+02,-1.006000000000000000e+03
5.870000000000000000e+02,-9.930000000000000000e+02
5.670000000000000000e+02,-9.820000000000000000e+02
5.390000000000000000e+02,-9.760000000000000000e+02
5.120000000000000000e+02,-9.740000000000000000e+02
4.820000000000000000e+02,-9.780000000000000000e+02
4.540000000000000000e+02,-9.870000000000000000e+02
4.260000000000000000e+02,-1.004000000000000000e+03
4.000000000000000000e+02,-1.025000000000000000e+03
3.790000000000000000e+02,-1.053000000000000000e+03
3.660000000000000000e+02,-1.083000000000000000e+03
3.580000000000000000e+02,-1.117000000000000000e+03
3.580000000000000000e+02,-1.150000000000000000e+03
3.640000000000000000e+02,-1.180000000000000000e+03
3.780000000000000000e+02,-1.208000000000000000e+03
3.990000000000000000e+02,-1.231000000000000000e+03
4.250000000000000000e+02,-1.247000000000000000e+03
4.590000000000000000e+02,-1.253000000000000000e+03
4.900000000000000000e+02,-1.257000000000000000e+03
5.250000000000000000e+02,-1.252000000000000000e+03
5.620000000000000000e+02,-1.235000000000000000e+03
5.950000000000000000e+02,-1.214000000000000000e+03
6.260000000000000000e+02,-1.184000000000000000e+03
