8.941656144042854637e-02,1.300810522475475128e+00
8.941656144042854637e-02,1.300810522475475128e+00
1.415326469583391700e-01,1.328873030062042604e+00
1.375237173031152726e-01,1.276756944544131800e+00
1.054522800613241218e-01,1.156489054887414936e+00
8.941656144042854637e-02,1.004149727988907115e+00
1.725582764639843614e-02,7.475782300545776859e-01
-4.688704683718388638e-02,4.509174355680095059e-01
-1.471102882177812432e-01,7.808697763218729049e-02
-2.433245999431547235e-01,-3.268149175454260758e-01
-3.435478413237521012e-01,-7.517614609991589703e-01
-4.437710827043495065e-01,-1.156663356176772295e+00
-5.239496758088273420e-01,-1.541520603078266216e+00
-5.840836206371857742e-01,-1.890297483082745034e+00
-6.161550578789769528e-01,-2.150877910672298388e+00
-6.482264951207681314e-01,-2.367360112054388566e+00
-6.442175654655442063e-01,-2.463574423779761879e+00
-6.442175654655442063e-01,-2.463574423779761879e+00
-6.041282689133052886e-01,-2.439520845848418773e+00
-5.760657613267380350e-01,-2.307226167226030356e+00
