-1.404148935836080136e+00,-6.449258962371891002e-01
-1.404148935836080136e+00,-6.449258962371891002e-01
-1.291898905489811122e+00,-6.569526852028607644e-01
-1.231764960661452690e+00,-6.449258962371891002e-01
-1.139559578591303080e+00,-5.968187403745023323e-01
-1.023300618589810140e+00,-5.447026548565916393e-01
-9.030327289330932761e-01,-4.645240617521138038e-01
-7.386666130689135690e-01,-3.602918907162925288e-01
-5.702915675495100478e-01,-2.520507900252473843e-01
-3.778629440987630872e-01,-8.367574450584376600e-02
-1.974611096136877908e-01,8.069037135833591334e-02
2.985373147506942357e-03,2.490654168777395039e-01
1.793782779773583080e-01,4.414940403284864368e-01
3.477533234967619125e-01,6.780208899866962957e-01
4.800480021191504409e-01,8.784673727478909955e-01
5.722533841893000517e-01,1.070895996198637956e+00
6.123426807415389694e-01,1.239271041718041477e+00
6.083337510863150444e-01,1.379583579650877967e+00
5.361730172922849480e-01,1.467780032065803653e+00
4.279319166012398035e-01,1.535931836204609713e+00
2.555479414266123017e-01,1.515887187928490309e+00
7.113717728631314963e-02,1.431699665168788549e+00
-1.613807427166727426e-01,1.287378197580728356e+00
-3.778629440987630872e-01,1.098958503785205210e+00
-6.023630047913012264e-01,8.704495134374432563e-01
-7.827648392763764118e-01,6.178869451583378636e-01
-9.270863068644367155e-01,3.372618692926652173e-01
-1.023300618589810140e+00,6.064572308221644753e-02
-1.067398844797273094e+00,-2.239882824386801030e-01
-1.035327407555481916e+00,-4.845687100282332627e-01
-9.631666737614517082e-01,-7.010509114103236072e-01
-8.188452061733915155e-01,-8.694259569297271284e-01
-6.183987234121968157e-01,-1.009738494862563396e+00
-3.658361551330913675e-01,-1.057845650725250275e+00
-7.719321995697095429e-02,-1.069872439690921828e+00
2.435211524609406375e-01,-1.021765283828235171e+00
5.522087359131805373e-01,-9.255509721028617465e-01
8.448606007445248478e-01,-7.892473638252492929e-01
1.109449957989302016e+00,-6.449258962371891002e-01
1.325932159371392194e+00,-5.086222879595766466e-01
1.502325064201243565e+00,-3.843454686476359128e-01
1.574485797995273773e+00,-3.322293831297252753e-01
1.630610813168408280e+00,-2.520507900252473843e-01
1.630610813168408280e+00,-2.520507900252473843e-01
1.574485797995273773e+00,-2.600686493356951234e-01
1.574485797995273773e+00,-2.600686493356951234e-01
1.446200049028109058e+00,-3.001579458879340967e-01
