1.156000000000000000e+03,-9.510000000000000000e+02
1.138000000000000000e+03,-9.590000000000000000e+02
1.137000000000000000e+03,-9.720000000000000000e+02
1.123000000000000000e+03,-1.008000000000000000e+03
1.110000000000000000e+03,-1.056000000000000000e+03
1.100000000000000000e+03,-1.106000000000000000e+03
1.090000000000000000e+03,-1.174000000000000000e+03
1.084000000000000000e+03,-1.242000000000000000e+03
1.081000000000000000e+03,-1.320000000000000000e+03
1.076000000000000000e+03,-1.403000000000000000e+03
1.070000000000000000e+03,-1.491000000000000000e+03
1.076000000000000000e+03,-1.558000000000000000e+03
1.075000000000000000e+03,-1.631000000000000000e+03
1.079000000000000000e+03,-1.688000000000000000e+03
