1.004000000000000000e+03,-1.198000000000000000e+03
1.004000000000000000e+03,-1.198000000000000000e+03
1.022000000000000000e+03,-1.174000000000000000e+03
1.022000000000000000e+03,-1.174000000000000000e+03
1.022000000000000000e+03,-1.174000000000000000e+03
1.022000000000000000e+03,-1.174000000000000000e+03
1.037000000000000000e+03,-1.156000000000000000e+03
1.037000000000000000e+03,-1.156000000000000000e+03
1.037000000000000000e+03,-1.156000000000000000e+03
1.037000000000000000e+03,-1.156000000000000000e+03
1.037000000000000000e+03,-1.156000000000000000e+03
1.036000000000000000e+03,-1.174000000000000000e+03
1.036000000000000000e+03,-1.174000000000000000e+03
1.025000000000000000e+03,-1.195000000000000000e+03
1.013000000000000000e+03,-1.212000000000000000e+03
9.980000000000000000e+02,-1.228000000000000000e+03
9.770000000000000000e+02,-1.248000000000000000e+03
9.530000000000000000e+02,-1.271000000000000000e+03
9.210000000000000000e+02,-1.296000000000000000e+03
8.830000000000000000e+02,-1.322000000000000000e+03
8.440000000000000000e+02,-1.349000000000000000e+03
8.000000000000000000e+02,-1.374000000000000000e+03
7.600000000000000000e+02,-1.403000000000000000e+03
7.220000000000000000e+02,-1.427000000000000000e+03
6.860000000000000000e+02,-1.451000000000000000e+03
6.560000000000000000e+02,-1.469000000000000000e+03
6.290000000000000000e+02,-1.489000000000000000e+03
6.110000000000000000e+02,-1.503000000000000000e+03
5.950000000000000000e+02,-1.518000000000000000e+03
5.950000000000000000e+02,-1.518000000000000000e+03
5.850000000000000000e+02,-1.536000000000000000e+03
5.850000000000000000e+02,-1.536000000000000000e+03
5.980000000000000000e+02,-1.549000000000000000e+03
6.170000000000000000e+02,-1.557000000000000000e+03
6.390000000000000000e+02,-1.564000000000000000e+03
6.710000000000000000e+02,-1.573000000000000000e+03
7.060000000000000000e+02,-1.585000000000000000e+03
7.460000000000000000e+02,-1.598000000000000000e+03
7.900000000000000000e+02,-1.610000000000000000e+03
8.350000000000000000e+02,-1.623000000000000000e+03
8.760000000000000000e+02,-1.638000000000000000e+03
9.150000000000000000e+02,-1.647000000000000000e+03
9.480000000000000000e+02,-1.661000000000000000e+03
9.750000000000000000e+02,-1.668000000000000000e+03
9.950000000000000000e+02,-1.670000000000000000e+03
1.009000000000000000e+03,-1.673000000000000000e+03
1.022000000000000000e+03,-1.670000000000000000e+03
1.022000000000000000e+03,-1.670000000000000000e+03
1.022000000000000000e+03,-1.670000000000000000e+03
1.039000000000000000e+03,-1.667000000000000000e+03
1.039000000000000000e+03,-1.667000000000000000e+03
1.057000000000000000e+03,-1.661000000000000000e+03
