-1.516628200191889819e+00,-1.273900037473255420e+00
-1.516628200191889819e+00,-1.273900037473255420e+00
-1.516628200191889819e+00,-1.273900037473255420e+00
-1.548699637433680998e+00,-1.394167927129972284e+00
-1.552708567088904701e+00,-1.446284012647882866e+00
-1.564735356054576476e+00,-1.502409027821017595e+00
-1.584780004330695879e+00,-1.562542972649376027e+00
-1.584780004330695879e+00,-1.562542972649376027e+00
-1.608833582262039430e+00,-1.666775143685197191e+00
-1.608833582262039430e+00,-1.666775143685197191e+00
-1.608833582262039430e+00,-1.666775143685197191e+00
-1.608833582262039430e+00,-1.666775143685197191e+00
-1.608833582262039430e+00,-1.666775143685197191e+00
-1.596806793296367655e+00,-1.518444746441913074e+00
-1.564735356054576476e+00,-1.398176856785196209e+00
-1.524646059502337447e+00,-1.237819670576240538e+00
-1.464512114673979015e+00,-1.025346398849374063e+00
-1.392351380879949030e+00,-7.968374085016119990e-01
-1.288119209844127644e+00,-5.362569809120588671e-01
-1.195913827773978255e+00,-2.516229753911622957e-01
-1.087672727082932944e+00,3.301103012973426176e-02
-9.914584153575595193e-01,3.216539653058547166e-01
-8.952441036321859835e-01,5.902522522058556431e-01
-8.030387215620364838e-01,8.347969611745132967e-01
-7.268690581127824624e-01,1.047270232901379661e+00
-6.547083243187523660e-01,1.235689926696902807e+00
-6.106100981112895232e-01,1.367984605319291225e+00
-5.544850829381550161e-01,1.464198917044664761e+00
-5.264225753515876516e-01,1.520323932217799268e+00
-5.264225753515876516e-01,1.520323932217799268e+00
-4.582707712127814803e-01,1.508297143252127492e+00
-4.221904043157664321e-01,1.452172128078992985e+00
-3.861100374187513840e-01,1.343931027387947896e+00
-3.380028815560646160e-01,1.203618489455111629e+00
-2.778689367277062394e-01,1.023216654970036332e+00
-2.016992732784522180e-01,8.187612425536177074e-01
-1.014760318978548403e-01,5.742165335849600538e-01
1.879185775886200657e-02,3.296718246163025112e-01
1.510865363812505524e-01,6.909139702674930994e-02
3.074347929349824371e-01,-1.794622415971321716e-01
4.758098384543860138e-01,-4.159890912553419473e-01
6.642295322499091048e-01,-6.124266443613127775e-01
8.566581557006560654e-01,-7.848106195359403348e-01
1.057104638461850765e+00,-8.970606498822093489e-01
1.233497543291702137e+00,-9.692213836762394452e-01
1.401872588811105658e+00,-9.932749616075828847e-01
1.546194056399166072e+00,-9.772392429866872954e-01
1.666461946055882715e+00,-9.050785091926571990e-01
1.762676257781256250e+00,-7.848106195359403348e-01
1.834836991575286458e+00,-6.204445036717606277e-01
1.886953077093197040e+00,-4.159890912553419473e-01
1.923033443990212144e+00,-1.794622415971321716e-01
1.939069162611107622e+00,8.111818599242100192e-02
1.947087021921555472e+00,3.777789804789892236e-01
1.951095951576779397e+00,6.904754935864529930e-01
1.963122740542450950e+00,1.003172006693916929e+00
1.971140599852898800e+00,1.299832801180484942e+00
1.963122740542450950e+00,1.560413228770038296e+00
1.975149529508122725e+00,1.772886500496904549e+00
1.947087021921555472e+00,1.925225827395412592e+00
1.915015584679764293e+00,2.013422279810338278e+00
1.902988795714092518e+00,2.069547294983472785e+00
1.902988795714092518e+00,2.069547294983472785e+00
1.854881639851405861e+00,2.001395490844666725e+00
