4.850000000000000000e+02,-1.876000000000000000e+03
4.850000000000000000e+02,-1.876000000000000000e+03
4.850000000000000000e+02,-1.876000000000000000e+03
5.020000000000000000e+02,-1.854000000000000000e+03
5.020000000000000000e+02,-1.854000000000000000e+03
5.190000000000000000e+02,-1.830000000000000000e+03
5.260000000000000000e+02,-1.815000000000000000e+03
5.410000000000000000e+02,-1.793000000000000000e+03
5.550000000000000000e+02,-1.772000000000000000e+03
5.700000000000000000e+02,-1.744000000000000000e+03
5.830000000000000000e+02,-1.715000000000000000e+03
6.000000000000000000e+02,-1.682000000000000000e+03
6.120000000000000000e+02,-1.646000000000000000e+03
6.290000000000000000e+02,-1.611000000000000000e+03
6.410000000000000000e+02,-1.573000000000000000e+03
6.510000000000000000e+02,-1.533000000000000000e+03
6.630000000000000000e+02,-1.494000000000000000e+03
6.720000000000000000e+02,-1.456000000000000000e+03
6.810000000000000000e+02,-1.420000000000000000e+03
6.870000000000000000e+02,-1.384000000000000000e+03
6.950000000000000000e+02,-1.355000000000000000e+03
6.960000000000000000e+02,-1.328000000000000000e+03
7.010000000000000000e+02,-1.307000000000000000e+03
7.020000000000000000e+02,-1.290000000000000000e+03
7.020000000000000000e+02,-1.290000000000000000e+03
7.010000000000000000e+02,-1.272000000000000000e+03
7.010000000000000000e+02,-1.272000000000000000e+03
7.010000000000000000e+02,-1.272000000000000000e+03
6.860000000000000000e+02,-1.284000000000000000e+03
6.800000000000000000e+02,-1.298000000000000000e+03
6.710000000000000000e+02,-1.317000000000000000e+03
6.620000000000000000e+02,-1.343000000000000000e+03
6.510000000000000000e+02,-1.374000000000000000e+03
6.410000000000000000e+02,-1.411000000000000000e+03
6.330000000000000000e+02,-1.454000000000000000e+03
6.270000000000000000e+02,-1.501000000000000000e+03
6.230000000000000000e+02,-1.548000000000000000e+03
6.210000000000000000e+02,-1.595000000000000000e+03
6.230000000000000000e+02,-1.641000000000000000e+03
6.270000000000000000e+02,-1.685000000000000000e+03
6.380000000000000000e+02,-1.727000000000000000e+03
6.480000000000000000e+02,-1.765000000000000000e+03
6.630000000000000000e+02,-1.792000000000000000e+03
6.780000000000000000e+02,-1.815000000000000000e+03
6.960000000000000000e+02,-1.831000000000000000e+03
7.150000000000000000e+02,-1.839000000000000000e+03
7.360000000000000000e+02,-1.842000000000000000e+03
7.550000000000000000e+02,-1.837000000000000000e+03
7.750000000000000000e+02,-1.825000000000000000e+03
7.940000000000000000e+02,-1.807000000000000000e+03
8.140000000000000000e+02,-1.786000000000000000e+03
8.340000000000000000e+02,-1.762000000000000000e+03
8.500000000000000000e+02,-1.735000000000000000e+03
8.670000000000000000e+02,-1.702000000000000000e+03
8.820000000000000000e+02,-1.668000000000000000e+03
8.940000000000000000e+02,-1.635000000000000000e+03
9.060000000000000000e+02,-1.598000000000000000e+03
9.150000000000000000e+02,-1.560000000000000000e+03
9.240000000000000000e+02,-1.521000000000000000e+03
9.320000000000000000e+02,-1.483000000000000000e+03
9.380000000000000000e+02,-1.444000000000000000e+03
9.420000000000000000e+02,-1.409000000000000000e+03
9.470000000000000000e+02,-1.376000000000000000e+03
9.510000000000000000e+02,-1.347000000000000000e+03
9.540000000000000000e+02,-1.325000000000000000e+03
9.560000000000000000e+02,-1.307000000000000000e+03
9.560000000000000000e+02,-1.307000000000000000e+03
9.590000000000000000e+02,-1.287000000000000000e+03
9.590000000000000000e+02,-1.287000000000000000e+03
9.590000000000000000e+02,-1.287000000000000000e+03
9.590000000000000000e+02,-1.287000000000000000e+03
9.590000000000000000e+02,-1.313000000000000000e+03
9.590000000000000000e+02,-1.329000000000000000e+03
9.570000000000000000e+02,-1.355000000000000000e+03
9.560000000000000000e+02,-1.388000000000000000e+03
9.510000000000000000e+02,-1.432000000000000000e+03
9.500000000000000000e+02,-1.481000000000000000e+03
9.470000000000000000e+02,-1.540000000000000000e+03
9.450000000000000000e+02,-1.602000000000000000e+03
9.480000000000000000e+02,-1.665000000000000000e+03
9.540000000000000000e+02,-1.733000000000000000e+03
9.660000000000000000e+02,-1.798000000000000000e+03
9.830000000000000000e+02,-1.860000000000000000e+03
1.007000000000000000e+03,-1.908000000000000000e+03
1.037000000000000000e+03,-1.952000000000000000e+03
1.078000000000000000e+03,-1.985000000000000000e+03
1.128000000000000000e+03,-2.006000000000000000e+03
1.179000000000000000e+03,-2.017000000000000000e+03
1.248000000000000000e+03,-2.004000000000000000e+03
1.307000000000000000e+03,-1.997000000000000000e+03
1.387000000000000000e+03,-1.967000000000000000e+03
