1.019116175238551358e+00,1.872247243790620796e+00
9.830358083415361437e-01,1.904318681032411975e+00
9.068661448922822332e-01,1.900309751377188050e+00
7.865982552355653690e-01,1.876256173445844500e+00
6.823660841997440940e-01,1.836166876893605693e+00
5.580892648878033047e-01,1.735943635513008232e+00
4.298035159206387013e-01,1.631711464477187068e+00
3.095356262639218370e-01,1.527479293441365682e+00
2.373748924698917406e-01,1.431264981715992368e+00
1.772409476415333085e-01,1.331041740335394907e+00
1.612052290206377470e-01,1.254872076886140997e+00
