6.680000000000000000e+02,-7.430000000000000000e+02
6.680000000000000000e+02,-7.430000000000000000e+02
6.580000000000000000e+02,-7.530000000000000000e+02
6.450000000000000000e+02,-7.690000000000000000e+02
6.290000000000000000e+02,-7.890000000000000000e+02
6.120000000000000000e+02,-8.120000000000000000e+02
5.890000000000000000e+02,-8.490000000000000000e+02
5.660000000000000000e+02,-8.750000000000000000e+02
5.380000000000000000e+02,-9.110000000000000000e+02
5.100000000000000000e+02,-9.410000000000000000e+02
4.820000000000000000e+02,-9.690000000000000000e+02
4.560000000000000000e+02,-9.940000000000000000e+02
4.340000000000000000e+02,-1.014000000000000000e+03
4.160000000000000000e+02,-1.030000000000000000e+03
4.060000000000000000e+02,-1.042000000000000000e+03
4.010000000000000000e+02,-1.053000000000000000e+03
4.040000000000000000e+02,-1.062000000000000000e+03
4.160000000000000000e+02,-1.073000000000000000e+03
4.370000000000000000e+02,-1.085000000000000000e+03
4.650000000000000000e+02,-1.098000000000000000e+03
4.970000000000000000e+02,-1.112000000000000000e+03
5.360000000000000000e+02,-1.125000000000000000e+03
5.740000000000000000e+02,-1.143000000000000000e+03
6.120000000000000000e+02,-1.158000000000000000e+03
6.480000000000000000e+02,-1.173000000000000000e+03
6.810000000000000000e+02,-1.185000000000000000e+03
7.060000000000000000e+02,-1.197000000000000000e+03
7.260000000000000000e+02,-1.206000000000000000e+03
7.420000000000000000e+02,-1.215000000000000000e+03
7.480000000000000000e+02,-1.226000000000000000e+03
7.480000000000000000e+02,-1.226000000000000000e+03
7.570000000000000000e+02,-1.233000000000000000e+03
7.570000000000000000e+02,-1.233000000000000000e+03
7.570000000000000000e+02,-1.233000000000000000e+03
