4.130000000000000000e+02,-5.740000000000000000e+02
4.130000000000000000e+02,-5.740000000000000000e+02
4.310000000000000000e+02,-5.750000000000000000e+02
4.410000000000000000e+02,-5.820000000000000000e+02
4.540000000000000000e+02,-5.910000000000000000e+02
4.770000000000000000e+02,-5.970000000000000000e+02
5.030000000000000000e+02,-6.100000000000000000e+02
5.330000000000000000e+02,-6.180000000000000000e+02
5.640000000000000000e+02,-6.300000000000000000e+02
5.990000000000000000e+02,-6.410000000000000000e+02
6.390000000000000000e+02,-6.450000000000000000e+02
6.780000000000000000e+02,-6.470000000000000000e+02
7.100000000000000000e+02,-6.470000000000000000e+02
7.450000000000000000e+02,-6.380000000000000000e+02
7.680000000000000000e+02,-6.290000000000000000e+02
