-7.085550088302909610e-03,6.310801124700122777e-01
-7.085550088302909610e-03,6.310801124700122777e-01
-7.085550088302909610e-03,6.310801124700122777e-01
-7.085550088302909610e-03,6.310801124700122777e-01
-9.929093215845249953e-02,9.197230476461327742e-01
-9.929093215845249953e-02,9.197230476461327742e-01
-9.929093215845249953e-02,9.197230476461327742e-01
-9.929093215845249953e-02,9.197230476461327742e-01
-3.638802894032295843e-01,8.996783993700132598e-01
-3.638802894032295843e-01,8.996783993700132598e-01
-5.522999831987526198e-01,6.431069014356839419e-01
-5.522999831987526198e-01,6.431069014356839419e-01
-7.006303804420367376e-01,2.181603579819511030e-01
-7.447286066494995804e-01,-4.242006960760206363e-02
-7.687821845808429089e-01,-3.310630047837224699e-01
-7.567553956151712446e-01,-6.156970103046189857e-01
-7.086482397524844767e-01,-8.883042268598438929e-01
-6.164428576823349770e-01,-1.132848935828501435e+00
-6.164428576823349770e-01,-1.132848935828501435e+00
-3.678892190584534538e-01,-1.497661534453875953e+00
-3.678892190584534538e-01,-1.497661534453875953e+00
-3.113912801964627969e-02,-1.654009791007607921e+00
-3.113912801964627969e-02,-1.654009791007607921e+00
2.895752443982653190e-01,-1.573831197903129864e+00
2.895752443982653190e-01,-1.573831197903129864e+00
5.301110237116990476e-01,-1.297215051692681254e+00
5.301110237116990476e-01,-1.297215051692681254e+00
6.704235616445353152e-01,-9.003310158255155571e-01
6.704235616445353152e-01,-9.003310158255155571e-01
6.704235616445353152e-01,-4.272773165090959502e-01
6.383521244027441366e-01,-1.867415371956622772e-01
5.862360388848335546e-01,6.181210142821920439e-02
5.862360388848335546e-01,6.181210142821920439e-02
4.218699230206538475e-01,4.947765041923998797e-01
4.218699230206538475e-01,4.947765041923998797e-01
2.655216664669219351e-01,8.475623138521025668e-01
2.655216664669219351e-01,8.475623138521025668e-01
2.655216664669219351e-01,8.475623138521025668e-01
1.733162843967723521e-01,1.088098093165536406e+00
1.733162843967723521e-01,1.088098093165536406e+00
1.733162843967723521e-01,1.088098093165536406e+00
1.733162843967723521e-01,1.088098093165536406e+00
1.733162843967723521e-01,1.088098093165536406e+00
