8.550000000000000000e+02,-1.045000000000000000e+03
8.550000000000000000e+02,-1.045000000000000000e+03
8.400000000000000000e+02,-1.057000000000000000e+03
8.400000000000000000e+02,-1.057000000000000000e+03
8.400000000000000000e+02,-1.057000000000000000e+03
8.400000000000000000e+02,-1.057000000000000000e+03
8.400000000000000000e+02,-1.057000000000000000e+03
8.400000000000000000e+02,-1.057000000000000000e+03
8.560000000000000000e+02,-1.052000000000000000e+03
8.560000000000000000e+02,-1.052000000000000000e+03
8.820000000000000000e+02,-1.045000000000000000e+03
8.950000000000000000e+02,-1.042000000000000000e+03
9.170000000000000000e+02,-1.039000000000000000e+03
9.390000000000000000e+02,-1.036000000000000000e+03
9.660000000000000000e+02,-1.030000000000000000e+03
9.960000000000000000e+02,-1.027000000000000000e+03
1.031000000000000000e+03,-1.024000000000000000e+03
1.066000000000000000e+03,-1.022000000000000000e+03
1.099000000000000000e+03,-1.024000000000000000e+03
1.135000000000000000e+03,-1.028000000000000000e+03
1.168000000000000000e+03,-1.034000000000000000e+03
1.198000000000000000e+03,-1.043000000000000000e+03
1.227000000000000000e+03,-1.059000000000000000e+03
1.248000000000000000e+03,-1.078000000000000000e+03
1.268000000000000000e+03,-1.098000000000000000e+03
1.281000000000000000e+03,-1.123000000000000000e+03
1.295000000000000000e+03,-1.147000000000000000e+03
1.298000000000000000e+03,-1.176000000000000000e+03
1.299000000000000000e+03,-1.203000000000000000e+03
1.298000000000000000e+03,-1.232000000000000000e+03
1.289000000000000000e+03,-1.259000000000000000e+03
1.277000000000000000e+03,-1.288000000000000000e+03
1.263000000000000000e+03,-1.318000000000000000e+03
1.242000000000000000e+03,-1.348000000000000000e+03
1.221000000000000000e+03,-1.375000000000000000e+03
1.197000000000000000e+03,-1.401000000000000000e+03
1.171000000000000000e+03,-1.423000000000000000e+03
1.141000000000000000e+03,-1.448000000000000000e+03
1.116000000000000000e+03,-1.466000000000000000e+03
1.082000000000000000e+03,-1.481000000000000000e+03
1.052000000000000000e+03,-1.487000000000000000e+03
1.018000000000000000e+03,-1.497000000000000000e+03
9.830000000000000000e+02,-1.500000000000000000e+03
9.440000000000000000e+02,-1.505000000000000000e+03
9.110000000000000000e+02,-1.508000000000000000e+03
8.760000000000000000e+02,-1.512000000000000000e+03
8.470000000000000000e+02,-1.512000000000000000e+03
8.230000000000000000e+02,-1.517000000000000000e+03
8.050000000000000000e+02,-1.521000000000000000e+03
8.050000000000000000e+02,-1.521000000000000000e+03
7.880000000000000000e+02,-1.529000000000000000e+03
7.880000000000000000e+02,-1.529000000000000000e+03
8.140000000000000000e+02,-1.517000000000000000e+03
8.320000000000000000e+02,-1.508000000000000000e+03
8.590000000000000000e+02,-1.488000000000000000e+03
