1.248113432659705702e-01,1.903439800300305018e+00
1.248113432659705702e-01,1.903439800300305018e+00
1.248113432659705702e-01,1.903439800300305018e+00
1.488649211973139264e-01,1.819252277540603258e+00
1.047666949898510835e-01,1.719029036160006019e+00
1.127845543002988782e-01,1.614796865124184633e+00
3.260596119582098024e-02,1.410341452707766008e+00
-7.483335356417967869e-03,1.229939618222690711e+00
-1.157244360474631306e-01,9.573324016674659154e-01
-2.079298181176127136e-01,6.967519740779127835e-01
-3.402244967400012698e-01,4.000911795913445479e-01
-4.685102457071658733e-01,1.154571740704479904e-01
-5.887781353638826820e-01,-1.731857611056724366e-01
-6.970192360549278821e-01,-4.217393997295539321e-01
-7.691799698489579784e-01,-6.502483900773159409e-01
-8.012514070907491570e-01,-8.346591542176150513e-01
-7.771978291594058286e-01,-9.829895514608991691e-01
-6.970192360549278821e-01,-1.079203863186272594e+00
-5.647245574325393536e-01,-1.135328878359407323e+00
-3.843227229474641127e-01,-1.147355667325078876e+00
-1.838762401862693574e-01,-1.135328878359407323e+00
2.859703154059708638e-02,-1.087221722496720444e+00
2.450792329226874067e-01,-1.039114566634033787e+00
4.575525046495538262e-01,-9.709627624952275049e-01
6.539900577555246564e-01,-9.068198880116452587e-01
7.702490177570175955e-01,-8.747484507698540801e-01
8.744811887928388705e-01,-8.506948728385106406e-01
9.265972743107495635e-01,-8.146145059414956480e-01
9.265972743107495635e-01,-8.146145059414956480e-01
9.466419225868690779e-01,-7.544805611131372158e-01
