-1.733744166188592839e+00,-1.157814257337383301e+00
-1.769824533085607943e+00,-1.233983920786637212e+00
-1.769824533085607943e+00,-1.233983920786637212e+00
-1.769824533085607943e+00,-1.233983920786637212e+00
-1.713699517912473214e+00,-1.254028569062756615e+00
-1.641538784118443228e+00,-1.217948202165741733e+00
-1.573386979979636946e+00,-1.181867835268726630e+00
-1.461136949633367932e+00,-1.093671382853800944e+00
-1.356904778597546768e+00,-1.021510649059770737e+00
-1.240645818596053607e+00,-9.092606187135017226e-01
-1.140422577215456368e+00,-8.010195180224565226e-01
-1.048217195145306757e+00,-6.647159097448441800e-01
-9.720475316960527357e-01,-5.404390904329033907e-01
-9.119135868676943035e-01,-4.121533414657387318e-01
-8.758332199706793109e-01,-3.039122407746935872e-01
-8.477707123841120573e-01,-2.117068587045440042e-01
-8.477707123841120573e-01,-1.475639842209616748e-01
-8.477707123841120573e-01,-1.475639842209616748e-01
-8.678153606602314607e-01,-7.941218008215546187e-02
-8.678153606602314607e-01,-7.941218008215546187e-02
-9.038957275572465644e-01,-1.475639842209616748e-01
-9.159225165229182286e-01,-2.237336476702156962e-01
-9.239403758333659678e-01,-3.480104669821564300e-01
-9.119135868676943035e-01,-4.843140752597688281e-01
-8.878600089363509751e-01,-6.486801911239485907e-01
-8.357439234184402821e-01,-8.010195180224565226e-01
-7.716010489348580359e-01,-9.453409856105167153e-01
-6.673688778990367609e-01,-1.053582086301561915e+00
-5.471009882423198967e-01,-1.137769609061263676e+00
-4.027795206542596484e-01,-1.161823186992607004e+00
-2.504401937557516611e-01,-1.129751749750815826e+00
-9.008300754679586519e-02,-1.045564226991114065e+00
6.225631935171214298e-02,-9.212874076791733868e-01
2.186045759054440485e-01,-7.809748697463371192e-01
3.348635359069370154e-01,-6.526891207791724048e-01
4.270689179770865707e-01,-5.203944421567838763e-01
4.992296517711166670e-01,-4.201712007761865264e-01
5.393189483233555848e-01,-3.600372559478280943e-01
5.393189483233555848e-01,-3.600372559478280943e-01
5.393189483233555848e-01,-3.600372559478280943e-01
5.593635965994750991e-01,-5.043587235358882870e-01
5.593635965994750991e-01,-6.286355428478290763e-01
5.713903855651467634e-01,-7.809748697463371192e-01
5.994528931517140169e-01,-9.212874076791733868e-01
6.475600490144007848e-01,-1.065608875267233691e+00
7.157118531532070671e-01,-1.173849975958278780e+00
8.079172352233565668e-01,-1.246010709752308987e+00
8.921047579830584384e-01,-1.278082146994099944e+00
1.016381577294999117e+00,-1.205921413200069958e+00
1.124622677986044206e+00,-1.101689242164248572e+00
1.216828060056193817e+00,-9.693945635418601547e-01
1.313042371781567352e+00,-7.889927290567848583e-01
1.369167386954701859e+00,-6.045819649164857479e-01
