8.920000000000000000e+02,-1.554000000000000000e+03
8.850000000000000000e+02,-1.533000000000000000e+03
8.850000000000000000e+02,-1.533000000000000000e+03
8.830000000000000000e+02,-1.516000000000000000e+03
8.830000000000000000e+02,-1.516000000000000000e+03
9.030000000000000000e+02,-1.507000000000000000e+03
9.200000000000000000e+02,-1.497000000000000000e+03
9.360000000000000000e+02,-1.494000000000000000e+03
9.560000000000000000e+02,-1.492000000000000000e+03
9.750000000000000000e+02,-1.491000000000000000e+03
1.005000000000000000e+03,-1.488000000000000000e+03
1.027000000000000000e+03,-1.495000000000000000e+03
1.058000000000000000e+03,-1.492000000000000000e+03
