9.230000000000000000e+02,-1.579000000000000000e+03
9.230000000000000000e+02,-1.579000000000000000e+03
9.210000000000000000e+02,-1.557000000000000000e+03
9.210000000000000000e+02,-1.557000000000000000e+03
9.080000000000000000e+02,-1.536000000000000000e+03
9.040000000000000000e+02,-1.516000000000000000e+03
8.860000000000000000e+02,-1.510000000000000000e+03
8.730000000000000000e+02,-1.495000000000000000e+03
8.470000000000000000e+02,-1.492000000000000000e+03
8.220000000000000000e+02,-1.488000000000000000e+03
7.870000000000000000e+02,-1.494000000000000000e+03
7.550000000000000000e+02,-1.501000000000000000e+03
7.190000000000000000e+02,-1.521000000000000000e+03
6.870000000000000000e+02,-1.546000000000000000e+03
6.560000000000000000e+02,-1.581000000000000000e+03
6.320000000000000000e+02,-1.622000000000000000e+03
6.120000000000000000e+02,-1.668000000000000000e+03
6.080000000000000000e+02,-1.717000000000000000e+03
6.140000000000000000e+02,-1.765000000000000000e+03
6.320000000000000000e+02,-1.809000000000000000e+03
6.600000000000000000e+02,-1.846000000000000000e+03
7.010000000000000000e+02,-1.873000000000000000e+03
7.510000000000000000e+02,-1.890000000000000000e+03
8.070000000000000000e+02,-1.897000000000000000e+03
8.670000000000000000e+02,-1.890000000000000000e+03
9.290000000000000000e+02,-1.869000000000000000e+03
9.870000000000000000e+02,-1.839000000000000000e+03
1.039000000000000000e+03,-1.803000000000000000e+03
1.082000000000000000e+03,-1.759000000000000000e+03
1.114000000000000000e+03,-1.711000000000000000e+03
1.132000000000000000e+03,-1.658000000000000000e+03
1.138000000000000000e+03,-1.599000000000000000e+03
1.128000000000000000e+03,-1.542000000000000000e+03
1.103000000000000000e+03,-1.491000000000000000e+03
1.063000000000000000e+03,-1.445000000000000000e+03
1.018000000000000000e+03,-1.408000000000000000e+03
9.650000000000000000e+02,-1.379000000000000000e+03
9.110000000000000000e+02,-1.361000000000000000e+03
8.590000000000000000e+02,-1.353000000000000000e+03
8.130000000000000000e+02,-1.355000000000000000e+03
7.820000000000000000e+02,-1.362000000000000000e+03
7.520000000000000000e+02,-1.381000000000000000e+03
7.520000000000000000e+02,-1.381000000000000000e+03
7.480000000000000000e+02,-1.403000000000000000e+03
7.630000000000000000e+02,-1.409000000000000000e+03
7.850000000000000000e+02,-1.412000000000000000e+03
