-7.314720075413577716e-01,7.057067517796936640e-01
-7.314720075413577716e-01,7.057067517796936640e-01
-7.875970227144922786e-01,7.016978221244698499e-01
-7.875970227144922786e-01,7.016978221244698499e-01
-7.875970227144922786e-01,7.016978221244698499e-01
-6.913827109891188538e-01,7.137246110901415141e-01
-5.751237509876258036e-01,7.498049779871565068e-01
-4.588647909861329199e-01,7.498049779871565068e-01
-2.784629565010576235e-01,7.898942745393955356e-01
-9.004326270553457412e-02,7.979121338498432747e-01
1.264389386765557566e-01,8.339925007468583784e-01
3.429211400586461012e-01,8.460192897125300426e-01
5.674212007511841849e-01,8.620550083334256319e-01
7.678676835123789957e-01,8.780907269543212212e-01
9.282248697213347777e-01,8.780907269543212212e-01
1.100608844895962113e+00,9.021443048856645497e-01
1.224885664207902902e+00,9.141710938513362139e-01
1.321099975933276438e+00,9.061532345408884748e-01
1.429341076624321527e+00,9.382246717826796534e-01
1.509519669728799585e+00,9.542603904035752427e-01
