1.032086145281045364e-01,1.592483333255958478e-01
1.032086145281045364e-01,1.592483333255958478e-01
8.717289590720896097e-02,1.031233181524613129e-01
8.717289590720896097e-02,1.031233181524613129e-01
8.717289590720896097e-02,1.031233181524613129e-01
7.915503659676118020e-02,5.100723263455067547e-02
7.915503659676118020e-02,5.100723263455067547e-02
7.915503659676118020e-02,5.100723263455067547e-02
7.915503659676118020e-02,5.100723263455067547e-02
7.915503659676118020e-02,5.100723263455067547e-02
7.915503659676118020e-02,5.100723263455067547e-02
3.104788073407443311e-02,3.497151401365510004e-02
3.104788073407443311e-02,3.497151401365510004e-02
-3.710392340473177980e-02,1.893579539275951767e-02
-7.719321995697073224e-02,-1.313564184903164012e-02
-1.333182351301052671e-01,-4.921600874604669523e-02
-1.854343206480159045e-01,-9.732316460873342845e-02
-2.455682654763743089e-01,-1.694838984027635387e-01
-2.816486323733893848e-01,-2.376357025415697655e-01
-3.297557882360760972e-01,-3.218232253012715538e-01
-3.538093661674194812e-01,-3.979928887505255752e-01
-3.858808034092106598e-01,-4.821804115102273358e-01
-3.979075923748823240e-01,-5.503322156490335626e-01
-3.979075923748823240e-01,-6.224929494430636590e-01
-3.698450847883150705e-01,-6.746090349609743519e-01
-3.257468585808522277e-01,-7.267251204788849339e-01
-2.616039840972698705e-01,-7.587965577206761125e-01
-1.854343206480159045e-01,-7.828501356520194410e-01
-8.922000892264241034e-02,-7.868590653072433660e-01
1.501216211317885595e-02,-7.828501356520194410e-01
1.312711221146718177e-01,-7.868590653072433660e-01
2.234765041848214007e-01,-7.828501356520194410e-01
3.236997455654187505e-01,-7.507786984102282624e-01
3.838336903937771827e-01,-7.267251204788849339e-01
