1.235000000000000000e+03,-1.173000000000000000e+03
1.235000000000000000e+03,-1.173000000000000000e+03
1.221000000000000000e+03,-1.162000000000000000e+03
1.221000000000000000e+03,-1.162000000000000000e+03
1.221000000000000000e+03,-1.162000000000000000e+03
1.206000000000000000e+03,-1.170000000000000000e+03
1.206000000000000000e+03,-1.170000000000000000e+03
1.185000000000000000e+03,-1.186000000000000000e+03
1.171000000000000000e+03,-1.204000000000000000e+03
1.152000000000000000e+03,-1.219000000000000000e+03
1.126000000000000000e+03,-1.243000000000000000e+03
1.099000000000000000e+03,-1.264000000000000000e+03
1.064000000000000000e+03,-1.295000000000000000e+03
1.028000000000000000e+03,-1.322000000000000000e+03
9.860000000000000000e+02,-1.358000000000000000e+03
9.440000000000000000e+02,-1.390000000000000000e+03
8.980000000000000000e+02,-1.423000000000000000e+03
8.560000000000000000e+02,-1.456000000000000000e+03
8.170000000000000000e+02,-1.489000000000000000e+03
7.820000000000000000e+02,-1.518000000000000000e+03
7.540000000000000000e+02,-1.542000000000000000e+03
7.340000000000000000e+02,-1.564000000000000000e+03
7.210000000000000000e+02,-1.579000000000000000e+03
7.180000000000000000e+02,-1.596000000000000000e+03
7.180000000000000000e+02,-1.596000000000000000e+03
7.360000000000000000e+02,-1.617000000000000000e+03
7.570000000000000000e+02,-1.628000000000000000e+03
7.840000000000000000e+02,-1.638000000000000000e+03
8.140000000000000000e+02,-1.653000000000000000e+03
8.490000000000000000e+02,-1.667000000000000000e+03
8.830000000000000000e+02,-1.685000000000000000e+03
9.200000000000000000e+02,-1.702000000000000000e+03
9.540000000000000000e+02,-1.724000000000000000e+03
9.890000000000000000e+02,-1.745000000000000000e+03
1.024000000000000000e+03,-1.766000000000000000e+03
1.057000000000000000e+03,-1.786000000000000000e+03
1.088000000000000000e+03,-1.804000000000000000e+03
1.119000000000000000e+03,-1.827000000000000000e+03
1.147000000000000000e+03,-1.842000000000000000e+03
1.185000000000000000e+03,-1.848000000000000000e+03
1.209000000000000000e+03,-1.864000000000000000e+03
1.244000000000000000e+03,-1.867000000000000000e+03
