1.105000000000000000e+03,-1.371000000000000000e+03
1.105000000000000000e+03,-1.371000000000000000e+03
1.028000000000000000e+03,-1.504000000000000000e+03
9.770000000000000000e+02,-1.592000000000000000e+03
9.210000000000000000e+02,-1.692000000000000000e+03
8.670000000000000000e+02,-1.781000000000000000e+03
8.170000000000000000e+02,-1.867000000000000000e+03
7.780000000000000000e+02,-1.946000000000000000e+03
7.780000000000000000e+02,-1.946000000000000000e+03
7.300000000000000000e+02,-2.039000000000000000e+03
7.300000000000000000e+02,-2.039000000000000000e+03
