5.530000000000000000e+02,-2.057000000000000000e+03
5.530000000000000000e+02,-2.057000000000000000e+03
5.530000000000000000e+02,-2.057000000000000000e+03
5.730000000000000000e+02,-2.044000000000000000e+03
6.010000000000000000e+02,-2.045000000000000000e+03
6.480000000000000000e+02,-2.038000000000000000e+03
7.040000000000000000e+02,-2.038000000000000000e+03
7.660000000000000000e+02,-2.032000000000000000e+03
8.200000000000000000e+02,-2.042000000000000000e+03
8.790000000000000000e+02,-2.048000000000000000e+03
9.210000000000000000e+02,-2.062000000000000000e+03
