-4.115834446029864035e-01,4.972644901754186830e-01
-4.115834446029864035e-01,5.934788019007921633e-01
-4.236102335686580678e-01,6.496038170739266704e-01
-3.273959218432845875e-01,7.578449177649718704e-01
-2.111369618417916483e-01,8.580681591455692203e-01
-8.686014252985090056e-02,9.262199632843753916e-01
7.750597333432879266e-02,1.002389626733629413e+00
2.779524560955235479e-01,1.078559290182883323e+00
5.144793057537333514e-01,1.166755742597809009e+00
7.069079292044803120e-01,1.198827179839600188e+00
9.434347788626901155e-01,1.270987913633630395e+00
1.111809824382093748e+00,1.283014702599302170e+00
