5.620000000000000000e+02,-1.239000000000000000e+03
5.440000000000000000e+02,-1.230000000000000000e+03
5.400000000000000000e+02,-1.212000000000000000e+03
5.400000000000000000e+02,-1.212000000000000000e+03
5.520000000000000000e+02,-1.194000000000000000e+03
5.820000000000000000e+02,-1.180000000000000000e+03
6.120000000000000000e+02,-1.182000000000000000e+03
6.620000000000000000e+02,-1.171000000000000000e+03
7.180000000000000000e+02,-1.171000000000000000e+03
7.900000000000000000e+02,-1.163000000000000000e+03
8.670000000000000000e+02,-1.159000000000000000e+03
9.500000000000000000e+02,-1.151000000000000000e+03
1.030000000000000000e+03,-1.142000000000000000e+03
1.103000000000000000e+03,-1.135000000000000000e+03
1.173000000000000000e+03,-1.124000000000000000e+03
1.226000000000000000e+03,-1.117000000000000000e+03
1.271000000000000000e+03,-1.103000000000000000e+03
1.290000000000000000e+03,-1.102000000000000000e+03
1.305000000000000000e+03,-1.088000000000000000e+03
1.305000000000000000e+03,-1.088000000000000000e+03
1.280000000000000000e+03,-1.081000000000000000e+03
1.256000000000000000e+03,-1.073000000000000000e+03
1.221000000000000000e+03,-1.070000000000000000e+03
