-1.092110030269864085e+00,-3.324825207606658672e-01
-1.164270764063894292e+00,-4.006343248994720385e-01
-1.164270764063894292e+00,-4.006343248994720385e-01
-1.096118959925088010e+00,-4.768039883487260600e-01
-9.718421406131472207e-01,-4.888307773143977242e-01
-7.152706426788180138e-01,-4.487414807621588064e-01
-4.386544964683692371e-01,-3.926164655890242439e-01
-8.987761646389039183e-02,-2.923932242084268940e-01
2.428635449196928919e-01,-1.600985455860383655e-01
6.076761435450673821e-01,3.633900751993249245e-02
9.083458676868594317e-01,2.448033495915750146e-01
1.192979873207755892e+00,4.893480585602326127e-01
1.393426355968950814e+00,7.218659785632185466e-01
1.513694245625667678e+00,9.664106875318760892e-01
1.529729964246563156e+00,1.186901818569190414e+00
1.445542441486861396e+00,1.399375090296056667e+00
1.253113818036114324e+00,1.531669768918445307e+00
9.644708828599939388e-01,1.615857291678147067e+00
6.197029325107390463e-01,1.603830502712475292e+00
2.388546152644689946e-01,1.507616190987101978e+00
-1.540204909474726935e-01,1.299151848915459428e+00
-5.308598785385187924e-01,9.944731951184433427e-01
-8.435563916459826173e-01,6.096159482169494215e-01
-1.056029663372848981e+00,1.485890378662015343e-01
-1.144226115787774667e+00,-3.405003800711136064e-01
-1.104136819235535860e+00,-8.456255166293243919e-01
-8.796367585429977209e-01,-1.294625638014400559e+00
-5.468955971594143817e-01,-1.711554322157685659e+00
-1.379847723265771320e-01,-2.048304413196492924e+00
3.591225049211858589e-01,-2.284831262854702505e+00
8.602387118241726638e-01,-2.437170589753210770e+00
