7.360000000000000000e+02,-1.358000000000000000e+03
7.450000000000000000e+02,-1.326000000000000000e+03
7.450000000000000000e+02,-1.326000000000000000e+03
7.720000000000000000e+02,-1.296000000000000000e+03
7.940000000000000000e+02,-1.281000000000000000e+03
8.230000000000000000e+02,-1.283000000000000000e+03
8.640000000000000000e+02,-1.287000000000000000e+03
9.010000000000000000e+02,-1.305000000000000000e+03
9.420000000000000000e+02,-1.326000000000000000e+03
9.780000000000000000e+02,-1.361000000000000000e+03
1.005000000000000000e+03,-1.396000000000000000e+03
1.018000000000000000e+03,-1.439000000000000000e+03
1.018000000000000000e+03,-1.486000000000000000e+03
1.004000000000000000e+03,-1.533000000000000000e+03
9.770000000000000000e+02,-1.585000000000000000e+03
9.500000000000000000e+02,-1.622000000000000000e+03
9.270000000000000000e+02,-1.658000000000000000e+03
8.980000000000000000e+02,-1.697000000000000000e+03
8.860000000000000000e+02,-1.727000000000000000e+03
8.790000000000000000e+02,-1.760000000000000000e+03
