4.430000000000000000e+02,-8.840000000000000000e+02
4.230000000000000000e+02,-8.800000000000000000e+02
4.160000000000000000e+02,-8.690000000000000000e+02
4.160000000000000000e+02,-8.690000000000000000e+02
4.080000000000000000e+02,-8.580000000000000000e+02
4.200000000000000000e+02,-8.500000000000000000e+02
4.330000000000000000e+02,-8.470000000000000000e+02
4.560000000000000000e+02,-8.400000000000000000e+02
4.820000000000000000e+02,-8.360000000000000000e+02
5.120000000000000000e+02,-8.290000000000000000e+02
5.450000000000000000e+02,-8.230000000000000000e+02
5.810000000000000000e+02,-8.160000000000000000e+02
6.090000000000000000e+02,-8.130000000000000000e+02
6.390000000000000000e+02,-8.040000000000000000e+02
6.600000000000000000e+02,-7.990000000000000000e+02
