9.690000000000000000e+02,-9.100000000000000000e+02
9.690000000000000000e+02,-9.100000000000000000e+02
9.740000000000000000e+02,-8.860000000000000000e+02
9.740000000000000000e+02,-8.860000000000000000e+02
9.780000000000000000e+02,-8.590000000000000000e+02
9.780000000000000000e+02,-8.440000000000000000e+02
9.770000000000000000e+02,-8.290000000000000000e+02
9.740000000000000000e+02,-8.140000000000000000e+02
9.740000000000000000e+02,-8.140000000000000000e+02
9.570000000000000000e+02,-7.900000000000000000e+02
9.390000000000000000e+02,-7.820000000000000000e+02
9.260000000000000000e+02,-7.670000000000000000e+02
9.030000000000000000e+02,-7.580000000000000000e+02
8.850000000000000000e+02,-7.460000000000000000e+02
8.580000000000000000e+02,-7.380000000000000000e+02
8.340000000000000000e+02,-7.290000000000000000e+02
8.050000000000000000e+02,-7.250000000000000000e+02
7.780000000000000000e+02,-7.190000000000000000e+02
7.450000000000000000e+02,-7.170000000000000000e+02
7.130000000000000000e+02,-7.170000000000000000e+02
6.800000000000000000e+02,-7.220000000000000000e+02
6.480000000000000000e+02,-7.230000000000000000e+02
6.170000000000000000e+02,-7.340000000000000000e+02
5.890000000000000000e+02,-7.450000000000000000e+02
5.590000000000000000e+02,-7.600000000000000000e+02
5.340000000000000000e+02,-7.790000000000000000e+02
5.110000000000000000e+02,-8.050000000000000000e+02
4.870000000000000000e+02,-8.350000000000000000e+02
4.670000000000000000e+02,-8.730000000000000000e+02
4.520000000000000000e+02,-9.150000000000000000e+02
4.370000000000000000e+02,-9.630000000000000000e+02
4.210000000000000000e+02,-1.013000000000000000e+03
4.100000000000000000e+02,-1.070000000000000000e+03
3.980000000000000000e+02,-1.130000000000000000e+03
3.930000000000000000e+02,-1.195000000000000000e+03
3.980000000000000000e+02,-1.260000000000000000e+03
4.020000000000000000e+02,-1.326000000000000000e+03
4.130000000000000000e+02,-1.394000000000000000e+03
4.310000000000000000e+02,-1.462000000000000000e+03
4.630000000000000000e+02,-1.527000000000000000e+03
5.000000000000000000e+02,-1.590000000000000000e+03
5.500000000000000000e+02,-1.646000000000000000e+03
6.050000000000000000e+02,-1.699000000000000000e+03
6.660000000000000000e+02,-1.745000000000000000e+03
7.340000000000000000e+02,-1.787000000000000000e+03
8.050000000000000000e+02,-1.824000000000000000e+03
8.740000000000000000e+02,-1.852000000000000000e+03
9.420000000000000000e+02,-1.875000000000000000e+03
1.007000000000000000e+03,-1.888000000000000000e+03
1.067000000000000000e+03,-1.894000000000000000e+03
1.126000000000000000e+03,-1.890000000000000000e+03
1.179000000000000000e+03,-1.878000000000000000e+03
1.226000000000000000e+03,-1.852000000000000000e+03
1.271000000000000000e+03,-1.819000000000000000e+03
1.312000000000000000e+03,-1.774000000000000000e+03
1.348000000000000000e+03,-1.723000000000000000e+03
1.379000000000000000e+03,-1.665000000000000000e+03
1.408000000000000000e+03,-1.604000000000000000e+03
1.428000000000000000e+03,-1.542000000000000000e+03
1.441000000000000000e+03,-1.472000000000000000e+03
1.447000000000000000e+03,-1.406000000000000000e+03
1.443000000000000000e+03,-1.337000000000000000e+03
1.428000000000000000e+03,-1.271000000000000000e+03
1.405000000000000000e+03,-1.203000000000000000e+03
1.370000000000000000e+03,-1.133000000000000000e+03
1.325000000000000000e+03,-1.067000000000000000e+03
1.268000000000000000e+03,-1.001000000000000000e+03
1.195000000000000000e+03,-9.450000000000000000e+02
1.114000000000000000e+03,-8.950000000000000000e+02
1.030000000000000000e+03,-8.550000000000000000e+02
9.480000000000000000e+02,-8.230000000000000000e+02
8.610000000000000000e+02,-8.090000000000000000e+02
7.870000000000000000e+02,-8.020000000000000000e+02
7.280000000000000000e+02,-8.030000000000000000e+02
6.810000000000000000e+02,-8.200000000000000000e+02
6.620000000000000000e+02,-8.350000000000000000e+02
