1.702993317539111262e-01,9.034523871012569707e-01
1.702993317539111262e-01,9.034523871012569707e-01
1.702993317539111262e-01,9.034523871012569707e-01
2.103886283061500717e-01,9.034523871012569707e-01
2.103886283061500717e-01,8.353005829624507994e-01
2.424600655479412503e-01,7.631398491684207031e-01
2.504779248583890450e-01,6.308451705460321746e-01
2.825493621001801681e-01,4.985504919236436461e-01
3.066029400315235520e-01,3.301754464042400139e-01
3.346654476180908055e-01,1.698182601952842319e-01
3.587190255494341895e-01,1.347000364155234199e-02
3.787636738255536484e-01,-1.188246749808361952e-01
4.028172517568970323e-01,-2.390925646375530456e-01
4.188529703777926216e-01,-3.232800873972548339e-01
4.228619000330164912e-01,-3.874229618808371356e-01
4.268708296882404163e-01,-4.275122584330761089e-01
4.268708296882404163e-01,-4.275122584330761089e-01
3.747547441703297788e-01,-4.475569067091955677e-01
3.266475883076430109e-01,-4.395390473987477731e-01
2.544868545136129145e-01,-4.315211880882999784e-01
1.582725427882394342e-01,-4.154854694674043891e-01
5.804930140764207047e-02,-3.994497508465088553e-01
-5.019179928340309488e-02,-3.954408211912849302e-01
-1.584328999744482602e-01,-3.914318915360610607e-01
-2.666740006654934048e-01,-4.034586805017327249e-01
-3.628883123908668851e-01,-4.194943991226283142e-01
-4.550936944610164958e-01,-4.635926253300911570e-01
-5.152276392893748724e-01,-5.317444294688973283e-01
-5.593258654968377153e-01,-6.279587411942708641e-01
-5.673437248072855654e-01,-7.361998418853159531e-01
-5.553169358416139012e-01,-8.644855908524806676e-01
-5.152276392893748724e-01,-9.887624101644213459e-01
-4.510847648057925707e-01,-1.125066018442033799e+00
-3.628883123908668851e-01,-1.249342837753974589e+00
-2.586561413550456101e-01,-1.365601797755467528e+00
-1.544239703192243629e-01,-1.441771461204721438e+00
-2.613822135205972133e-02,-1.477851828101736542e+00
7.408502002853764590e-02,-1.493887546722632242e+00
1.662904020986872289e-01,-1.449789320515169289e+00
2.544868545136129145e-01,-1.397673234997258707e+00
3.346654476180908055e-01,-1.305467852927109096e+00
3.907904627912253681e-01,-1.189208892925616157e+00
