7.970000000000000000e+02,-1.450000000000000000e+03
8.110000000000000000e+02,-1.457000000000000000e+03
8.380000000000000000e+02,-1.451000000000000000e+03
8.590000000000000000e+02,-1.454000000000000000e+03
8.890000000000000000e+02,-1.453000000000000000e+03
9.230000000000000000e+02,-1.448000000000000000e+03
9.570000000000000000e+02,-1.441000000000000000e+03
9.980000000000000000e+02,-1.424000000000000000e+03
1.022000000000000000e+03,-1.423000000000000000e+03
1.051000000000000000e+03,-1.406000000000000000e+03
1.051000000000000000e+03,-1.406000000000000000e+03
