-5.449831487072639424e-01,-1.659080118854200092e-01
-6.091260231908461886e-01,-1.418544339540766253e-01
-6.091260231908461886e-01,-1.418544339540766253e-01
-6.091260231908461886e-01,-1.418544339540766253e-01
-6.091260231908461886e-01,-1.418544339540766253e-01
-4.287241887057709477e-01,-1.538812229197483172e-01
-1.881884093923372470e-01,-1.859526601615394681e-01
1.084723850942309747e-01,-2.019883787824350574e-01
4.893207023405010125e-01,-1.739258711958678039e-01
9.423297533808011606e-01,-1.378455042988527279e-01
1.415383452697220656e+00,-8.172048912571820700e-02
1.892446081668864188e+00,6.475963289207479524e-03
