-8.309417830827708906e-01,1.030513590282825742e+00
-8.750400092902337335e-01,9.864153640753628993e-01
-8.670221499797858833e-01,6.416474137261078958e-01
-8.269328534275469655e-01,6.216027654499884925e-01
-7.748167679096363836e-01,6.015581171738689781e-01
-6.786024561842628477e-01,6.095759764843167172e-01
-5.743702851484415728e-01,6.015581171738689781e-01
-4.300488175603813801e-01,6.216027654499884925e-01
-2.897362796275450569e-01,6.296206247604362316e-01
-1.253701637633653498e-01,6.536742026917795600e-01
1.895130382469486022e-02,9.904242937305868244e-01
1.512459824470833991e-01,1.010468942006706339e+00
2.955674500351436196e-01,1.026504660627601817e+00
4.198442693470843534e-01,1.022495730972377892e+00
5.441210886590250873e-01,1.030513590282825742e+00
6.724068376261896907e-01,1.054567168214169071e+00
7.926747272829065549e-01,1.070602886835064771e+00
