3.800000000000000000e+02,-6.540000000000000000e+02
3.520000000000000000e+02,-6.560000000000000000e+02
3.380000000000000000e+02,-6.630000000000000000e+02
3.170000000000000000e+02,-6.830000000000000000e+02
2.940000000000000000e+02,-7.090000000000000000e+02
2.710000000000000000e+02,-7.430000000000000000e+02
2.450000000000000000e+02,-7.870000000000000000e+02
2.220000000000000000e+02,-8.340000000000000000e+02
1.990000000000000000e+02,-8.900000000000000000e+02
1.850000000000000000e+02,-9.420000000000000000e+02
1.720000000000000000e+02,-9.980000000000000000e+02
1.690000000000000000e+02,-1.044000000000000000e+03
1.710000000000000000e+02,-1.090000000000000000e+03
1.810000000000000000e+02,-1.125000000000000000e+03
1.990000000000000000e+02,-1.156000000000000000e+03
2.240000000000000000e+02,-1.178000000000000000e+03
2.550000000000000000e+02,-1.197000000000000000e+03
2.890000000000000000e+02,-1.210000000000000000e+03
3.240000000000000000e+02,-1.219000000000000000e+03
3.620000000000000000e+02,-1.222000000000000000e+03
4.000000000000000000e+02,-1.219000000000000000e+03
4.400000000000000000e+02,-1.210000000000000000e+03
4.750000000000000000e+02,-1.195000000000000000e+03
5.080000000000000000e+02,-1.174000000000000000e+03
5.370000000000000000e+02,-1.146000000000000000e+03
5.640000000000000000e+02,-1.110000000000000000e+03
5.870000000000000000e+02,-1.071000000000000000e+03
6.070000000000000000e+02,-1.027000000000000000e+03
6.210000000000000000e+02,-9.800000000000000000e+02
6.290000000000000000e+02,-9.310000000000000000e+02
6.340000000000000000e+02,-8.800000000000000000e+02
6.340000000000000000e+02,-8.310000000000000000e+02
6.250000000000000000e+02,-7.880000000000000000e+02
6.130000000000000000e+02,-7.490000000000000000e+02
5.910000000000000000e+02,-7.160000000000000000e+02
5.650000000000000000e+02,-6.910000000000000000e+02
5.340000000000000000e+02,-6.750000000000000000e+02
4.990000000000000000e+02,-6.680000000000000000e+02
4.610000000000000000e+02,-6.720000000000000000e+02
4.180000000000000000e+02,-6.870000000000000000e+02
3.790000000000000000e+02,-7.090000000000000000e+02
3.380000000000000000e+02,-7.410000000000000000e+02
3.070000000000000000e+02,-7.730000000000000000e+02
2.850000000000000000e+02,-8.100000000000000000e+02
2.650000000000000000e+02,-8.490000000000000000e+02
2.550000000000000000e+02,-8.850000000000000000e+02
2.500000000000000000e+02,-9.240000000000000000e+02
