-8.914772385853815262e-01,-7.330225952636507669e-01
-8.914772385853815262e-01,-7.330225952636507669e-01
-8.072897158256797656e-01,-6.608618614696206706e-01
-7.351289820316495582e-01,-6.368082835382773421e-01
-6.549503889271717227e-01,-6.127547056069340137e-01
-5.226557103047831943e-01,-5.325761125024560672e-01
-3.903610316823946658e-01,-4.924868159502171494e-01
-2.300038454734388560e-01,-4.123082228457392029e-01
-7.365558891970694355e-02,-3.441564187069330316e-01
7.066587866835327691e-02,-2.920403331890223941e-01
2.350319945325329563e-01,-2.319063883606639620e-01
3.432730952235781285e-01,-2.118617400845444754e-01
4.555231255698471982e-01,-1.837992324979772218e-01
5.677731559161162123e-01,-1.517277952561860710e-01
6.279071007444746444e-01,-1.517277952561860710e-01
7.040767641937286658e-01,-1.276742173248426870e-01
