5.430000000000000000e+02,-8.530000000000000000e+02
5.620000000000000000e+02,-8.500000000000000000e+02
5.900000000000000000e+02,-8.400000000000000000e+02
6.160000000000000000e+02,-8.360000000000000000e+02
6.440000000000000000e+02,-8.310000000000000000e+02
6.780000000000000000e+02,-8.230000000000000000e+02
7.120000000000000000e+02,-8.170000000000000000e+02
7.500000000000000000e+02,-8.090000000000000000e+02
7.780000000000000000e+02,-8.070000000000000000e+02
8.120000000000000000e+02,-7.970000000000000000e+02
8.350000000000000000e+02,-7.930000000000000000e+02
