1.002000000000000000e+03,-1.249000000000000000e+03
1.002000000000000000e+03,-1.249000000000000000e+03
1.002000000000000000e+03,-1.249000000000000000e+03
9.890000000000000000e+02,-1.257000000000000000e+03
9.890000000000000000e+02,-1.257000000000000000e+03
9.800000000000000000e+02,-1.280000000000000000e+03
9.800000000000000000e+02,-1.280000000000000000e+03
9.720000000000000000e+02,-1.314000000000000000e+03
9.740000000000000000e+02,-1.331000000000000000e+03
9.690000000000000000e+02,-1.365000000000000000e+03
9.710000000000000000e+02,-1.396000000000000000e+03
9.680000000000000000e+02,-1.438000000000000000e+03
9.720000000000000000e+02,-1.478000000000000000e+03
9.740000000000000000e+02,-1.527000000000000000e+03
9.800000000000000000e+02,-1.575000000000000000e+03
9.840000000000000000e+02,-1.625000000000000000e+03
9.920000000000000000e+02,-1.673000000000000000e+03
9.990000000000000000e+02,-1.720000000000000000e+03
1.007000000000000000e+03,-1.763000000000000000e+03
1.015000000000000000e+03,-1.804000000000000000e+03
1.021000000000000000e+03,-1.839000000000000000e+03
1.027000000000000000e+03,-1.872000000000000000e+03
1.031000000000000000e+03,-1.897000000000000000e+03
1.033000000000000000e+03,-1.920000000000000000e+03
1.036000000000000000e+03,-1.940000000000000000e+03
1.036000000000000000e+03,-1.940000000000000000e+03
1.037000000000000000e+03,-1.958000000000000000e+03
1.037000000000000000e+03,-1.958000000000000000e+03
1.037000000000000000e+03,-1.958000000000000000e+03
1.037000000000000000e+03,-1.958000000000000000e+03
1.043000000000000000e+03,-1.938000000000000000e+03
1.045000000000000000e+03,-1.916000000000000000e+03
1.054000000000000000e+03,-1.888000000000000000e+03
1.060000000000000000e+03,-1.863000000000000000e+03
1.070000000000000000e+03,-1.830000000000000000e+03
