-3.403710597596544818e-01,7.109384122449468046e-01
-3.924871452775651193e-01,7.349919901762902441e-01
-4.245585825193562424e-01,7.871080756942008261e-01
-4.606389494163712905e-01,8.432330908673353331e-01
-4.606389494163712905e-01,8.432330908673353331e-01
-5.207728942447297227e-01,9.354384729374849439e-01
-5.207728942447297227e-01,9.354384729374849439e-01
-5.768979094178642297e-01,1.007599206731515151e+00
-5.768979094178642297e-01,1.007599206731515151e+00
-5.768979094178642297e-01,1.007599206731515151e+00
-6.410407839014465869e-01,1.035661714318082405e+00
-6.410407839014465869e-01,1.035661714318082405e+00
-6.610854321775661013e-01,9.474652619031566081e-01
-6.650943618327899154e-01,8.432330908673353331e-01
-6.771211507984615796e-01,6.989116232792751404e-01
-6.891479397641333549e-01,5.185097887941998440e-01
-6.971657990745810940e-01,3.060365170673334800e-01
-7.091925880402527582e-01,7.752752671957145736e-02
-7.091925880402527582e-01,-1.670171822490861269e-01
-7.011747287298050191e-01,-3.915172429416242661e-01
-6.891479397641333549e-01,-5.959726553580428909e-01
-6.851390101089094298e-01,-7.763744898431181873e-01
-6.650943618327899154e-01,-9.166870277759544550e-01
-6.490586432118943261e-01,-1.004883480190880141e+00
-6.290139949357749227e-01,-1.073035284329686423e+00
-6.290139949357749227e-01,-1.073035284329686423e+00
-6.290139949357749227e-01,-1.073035284329686423e+00
-6.290139949357749227e-01,-1.073035284329686423e+00
-5.688800501074164906e-01,-1.000874550535656216e+00
-5.448264721760730511e-01,-8.926334498446111265e-01
-5.247818238999536478e-01,-7.643477008774465231e-01
-4.967193163133863387e-01,-5.959726553580428909e-01
-4.526210901059234959e-01,-4.035440319072959303e-01
-3.924871452775651193e-01,-1.910707601804295108e-01
-3.323532004492066871e-01,2.140251154643692255e-02
-2.682103259656243299e-01,2.258579239628555613e-01
-1.880317328611464389e-01,4.062597584479308299e-01
-9.181742113577297248e-02,5.706258743121105370e-01
1.642367955527218940e-02,7.029205529344990655e-01
1.246647802463173443e-01,7.951259350046486762e-01
2.489415995582580921e-01,8.592688094882309224e-01
3.692094892149749286e-01,8.913402467300221010e-01
4.934863085269156624e-01,8.833223874195743619e-01
6.137541981836325267e-01,8.552598798330071084e-01
7.179863692194538016e-01,7.951259350046486762e-01
8.021738919791555622e-01,6.989116232792751404e-01
8.582989071522900693e-01,5.585990853464388728e-01
9.064060630149768372e-01,3.902240398270352406e-01
9.184328519806485014e-01,1.897775570658405131e-01
9.224417816358724265e-01,-1.467785535057813256e-02
9.224417816358724265e-01,-2.311600567326684563e-01
9.224417816358724265e-01,-4.396243988043109785e-01
9.304596409463202766e-01,-6.360619519102818087e-01
9.545132188776636051e-01,-8.084459270849093659e-01
9.825757264642308586e-01,-9.447495353625217085e-01
1.026673952671693701e+00,-1.052990636053567020e+00
1.106852545776171537e+00,-1.121142440192373080e+00
1.166986490604529969e+00,-1.193303173986403287e+00
1.263200802329903505e+00,-1.181276385020731512e+00
1.363424043710500966e+00,-1.185285314675955437e+00
1.479683003711993905e+00,-1.173258525710283662e+00
1.595941963713486844e+00,-1.145196018123716408e+00
