8.250000000000000000e+02,-8.920000000000000000e+02
8.080000000000000000e+02,-8.920000000000000000e+02
8.080000000000000000e+02,-8.920000000000000000e+02
8.080000000000000000e+02,-8.920000000000000000e+02
7.870000000000000000e+02,-8.920000000000000000e+02
7.870000000000000000e+02,-8.920000000000000000e+02
7.870000000000000000e+02,-8.920000000000000000e+02
7.870000000000000000e+02,-8.920000000000000000e+02
7.870000000000000000e+02,-8.920000000000000000e+02
7.870000000000000000e+02,-8.920000000000000000e+02
7.870000000000000000e+02,-8.920000000000000000e+02
8.110000000000000000e+02,-8.920000000000000000e+02
8.320000000000000000e+02,-9.000000000000000000e+02
8.620000000000000000e+02,-9.000000000000000000e+02
