3.074849045556728999e-01,2.188775368510865516e+00
1.912259445541799607e-01,2.120623564372059455e+00
7.496698455268702155e-02,2.048462830578029248e+00
-6.133662372492541121e-02,1.916168151955640830e+00
-2.337205988995528783e-01,1.711712739539222206e+00
-3.660152775219414067e-01,1.507257327122803581e+00
-5.343903230413450389e-01,1.222623321601906898e+00
-6.386224940771663139e-01,9.379893160810104380e-01
-7.388457354577636638e-01,6.012392250422032847e-01
-7.869528913204504317e-01,2.805248526242916651e-01
-8.110064692517937601e-01,-4.820737910406770049e-02
-7.749261023547786564e-01,-3.368503142801881345e-01
-7.147921575264203353e-01,-6.094575308354129861e-01
-6.065510568353751353e-01,-8.339575915279511253e-01
-4.742563782129866068e-01,-1.014359426013026422e+00
-3.179081216592546943e-01,-1.142645174980190914e+00
-1.495330761398510899e-01,-1.218814838429445047e+00
4.690447696611975414e-02,-1.238859486705564450e+00
2.273063114511950367e-01,-1.218814838429445047e+00
4.036992162810463802e-01,-1.154671963945862689e+00
5.720742618004499569e-01,-1.066475511530937004e+00
7.284225183541819248e-01,-9.421986922189962144e-01
8.486904080108987891e-01,-8.139129432518316110e-01
9.449047197362722139e-01,-6.695914756637714182e-01
1.005038664564630535e+00,-5.292789377309350396e-01
1.017065453530302310e+00,-3.969842591085465666e-01
9.930118755989589818e-01,-2.887431584175014221e-01
9.208511418049288855e-01,-2.045556356577996060e-01
7.965743224929880961e-01,-1.323949018637694819e-01
6.322082066288083890e-01,-8.829667565630665294e-02
4.437885128332853535e-01,-6.023416806973938553e-02
2.393331004168667009e-01,-5.221630875929159782e-02
3.487768800044806911e-02,-4.018951979361991278e-02
-1.655687947607466792e-01,-5.221630875929159782e-02
-3.098902623488068997e-01,-5.221630875929159782e-02
-4.782653078682104764e-01,-8.428774600108275561e-02
-5.664617602831362175e-01,-8.829667565630665294e-02
-5.664617602831362175e-01,-8.829667565630665294e-02
-5.664617602831362175e-01,-8.829667565630665294e-02
-5.664617602831362175e-01,1.994442503473851241e-02
