8.052874012499745549e-01,1.040088888778088361e+00
8.253320495260940692e-01,1.100222833606446793e+00
8.614124164231090619e-01,1.208463934297491882e+00
8.734392053887807261e-01,1.300669316367641493e+00
8.614124164231090619e-01,1.384856839127343253e+00
8.654213460783329870e-01,1.493097939818388564e+00
8.173141902156462191e-01,1.549222954991523071e+00
7.772248936634073013e-01,1.637419407406448757e+00
6.850195115932576906e-01,1.669490844648239936e+00
5.847962702126603407e-01,1.705571211545255039e+00
4.124122950380328390e-01,1.645437266716896607e+00
2.560640384843009265e-01,1.573276532922866400e+00
5.561755572310619899e-02,1.428955065334806207e+00
-1.287932084171929670e-01,1.256571090160178761e+00
-3.372575504888354891e-01,1.024053170157192882e+00
-4.976147366977913267e-01,7.674816722228635646e-01
-6.499540635962992585e-01,4.668119480810714039e-01
-7.421594456664488693e-01,1.541154349736076068e-01
-7.782398125634639729e-01,-1.505632188234083957e-01
-7.541862346321205335e-01,-4.271793650338571724e-01
-6.740076415276426980e-01,-6.677151443472908454e-01
-5.216683146291346551e-01,-8.561348381428138810e-01
-3.252307615231638249e-01,-1.020500954006993588e+00
-8.068605255450622682e-02,-1.116715265732367124e+00
1.798943750350469328e-01,-1.164822421595053781e+00
4.444837322798240176e-01,-1.168831351250277706e+00
7.090730895246010190e-01,-1.128742054698038677e+00
9.455999391828108225e-01,-1.048563461593560842e+00
1.150055351599229558e+00,-9.523491498681874168e-01
1.302394678497737601e+00,-8.641526974532617311e-01
1.406626849533558765e+00,-7.278490891756492775e-01
1.446716146085797794e+00,-6.196079884846040775e-01
1.490814372293260526e+00,-4.873133098622155490e-01
1.478787583327588973e+00,-3.991168574472898634e-01
1.410635779188782690e+00,-3.189382643428119724e-01
1.326448256429080930e+00,-2.347507415831101840e-01
1.210189296427587990e+00,-1.786257264099756492e-01
