1.210000000000000000e+02,-9.830000000000000000e+02
9.800000000000000000e+01,-9.920000000000000000e+02
9.800000000000000000e+01,-9.920000000000000000e+02
8.400000000000000000e+01,-9.950000000000000000e+02
8.400000000000000000e+01,-9.950000000000000000e+02
8.400000000000000000e+01,-9.950000000000000000e+02
8.400000000000000000e+01,-9.950000000000000000e+02
8.400000000000000000e+01,-9.950000000000000000e+02
8.400000000000000000e+01,-9.950000000000000000e+02
8.700000000000000000e+01,-9.770000000000000000e+02
8.700000000000000000e+01,-9.770000000000000000e+02
9.800000000000000000e+01,-9.560000000000000000e+02
9.800000000000000000e+01,-9.560000000000000000e+02
1.130000000000000000e+02,-9.190000000000000000e+02
1.210000000000000000e+02,-9.000000000000000000e+02
1.360000000000000000e+02,-8.730000000000000000e+02
1.480000000000000000e+02,-8.450000000000000000e+02
1.630000000000000000e+02,-8.110000000000000000e+02
1.760000000000000000e+02,-7.760000000000000000e+02
1.910000000000000000e+02,-7.350000000000000000e+02
2.040000000000000000e+02,-6.960000000000000000e+02
2.160000000000000000e+02,-6.560000000000000000e+02
2.280000000000000000e+02,-6.120000000000000000e+02
2.380000000000000000e+02,-5.700000000000000000e+02
2.460000000000000000e+02,-5.290000000000000000e+02
2.550000000000000000e+02,-4.960000000000000000e+02
2.620000000000000000e+02,-4.700000000000000000e+02
2.670000000000000000e+02,-4.490000000000000000e+02
2.700000000000000000e+02,-4.340000000000000000e+02
2.700000000000000000e+02,-4.340000000000000000e+02
2.730000000000000000e+02,-4.200000000000000000e+02
2.730000000000000000e+02,-4.200000000000000000e+02
2.730000000000000000e+02,-4.200000000000000000e+02
2.730000000000000000e+02,-4.200000000000000000e+02
2.730000000000000000e+02,-4.450000000000000000e+02
2.730000000000000000e+02,-4.580000000000000000e+02
2.730000000000000000e+02,-4.780000000000000000e+02
2.730000000000000000e+02,-4.960000000000000000e+02
2.740000000000000000e+02,-5.210000000000000000e+02
2.740000000000000000e+02,-5.500000000000000000e+02
2.730000000000000000e+02,-5.830000000000000000e+02
2.740000000000000000e+02,-6.150000000000000000e+02
2.760000000000000000e+02,-6.530000000000000000e+02
2.770000000000000000e+02,-6.900000000000000000e+02
2.790000000000000000e+02,-7.320000000000000000e+02
2.800000000000000000e+02,-7.790000000000000000e+02
2.800000000000000000e+02,-8.320000000000000000e+02
2.800000000000000000e+02,-8.860000000000000000e+02
2.800000000000000000e+02,-9.480000000000000000e+02
2.790000000000000000e+02,-1.013000000000000000e+03
2.740000000000000000e+02,-1.085000000000000000e+03
2.710000000000000000e+02,-1.163000000000000000e+03
2.670000000000000000e+02,-1.249000000000000000e+03
2.610000000000000000e+02,-1.338000000000000000e+03
2.560000000000000000e+02,-1.429000000000000000e+03
2.520000000000000000e+02,-1.519000000000000000e+03
2.490000000000000000e+02,-1.610000000000000000e+03
2.460000000000000000e+02,-1.697000000000000000e+03
2.440000000000000000e+02,-1.778000000000000000e+03
2.440000000000000000e+02,-1.852000000000000000e+03
2.470000000000000000e+02,-1.919000000000000000e+03
2.530000000000000000e+02,-1.976000000000000000e+03
2.590000000000000000e+02,-2.021000000000000000e+03
2.710000000000000000e+02,-2.060000000000000000e+03
2.820000000000000000e+02,-2.090000000000000000e+03
2.980000000000000000e+02,-2.110000000000000000e+03
3.180000000000000000e+02,-2.122000000000000000e+03
3.410000000000000000e+02,-2.127000000000000000e+03
3.650000000000000000e+02,-2.122000000000000000e+03
3.960000000000000000e+02,-2.110000000000000000e+03
4.330000000000000000e+02,-2.095000000000000000e+03
4.700000000000000000e+02,-2.069000000000000000e+03
5.140000000000000000e+02,-2.038000000000000000e+03
5.580000000000000000e+02,-2.001000000000000000e+03
6.010000000000000000e+02,-1.961000000000000000e+03
6.450000000000000000e+02,-1.916000000000000000e+03
6.860000000000000000e+02,-1.867000000000000000e+03
7.250000000000000000e+02,-1.815000000000000000e+03
7.540000000000000000e+02,-1.757000000000000000e+03
7.780000000000000000e+02,-1.702000000000000000e+03
7.960000000000000000e+02,-1.644000000000000000e+03
8.100000000000000000e+02,-1.582000000000000000e+03
8.170000000000000000e+02,-1.518000000000000000e+03
8.200000000000000000e+02,-1.453000000000000000e+03
8.220000000000000000e+02,-1.384000000000000000e+03
8.200000000000000000e+02,-1.316000000000000000e+03
8.220000000000000000e+02,-1.249000000000000000e+03
8.220000000000000000e+02,-1.182000000000000000e+03
8.250000000000000000e+02,-1.117000000000000000e+03
8.280000000000000000e+02,-1.055000000000000000e+03
8.310000000000000000e+02,-9.980000000000000000e+02
8.380000000000000000e+02,-9.450000000000000000e+02
8.440000000000000000e+02,-8.940000000000000000e+02
8.520000000000000000e+02,-8.440000000000000000e+02
8.590000000000000000e+02,-7.970000000000000000e+02
8.700000000000000000e+02,-7.490000000000000000e+02
8.770000000000000000e+02,-6.960000000000000000e+02
8.850000000000000000e+02,-6.420000000000000000e+02
8.920000000000000000e+02,-5.860000000000000000e+02
8.980000000000000000e+02,-5.310000000000000000e+02
9.000000000000000000e+02,-4.780000000000000000e+02
9.010000000000000000e+02,-4.300000000000000000e+02
9.010000000000000000e+02,-3.860000000000000000e+02
8.980000000000000000e+02,-3.480000000000000000e+02
8.920000000000000000e+02,-3.240000000000000000e+02
8.860000000000000000e+02,-3.060000000000000000e+02
8.860000000000000000e+02,-3.060000000000000000e+02
8.860000000000000000e+02,-3.060000000000000000e+02
8.640000000000000000e+02,-3.060000000000000000e+02
8.550000000000000000e+02,-3.210000000000000000e+02
8.430000000000000000e+02,-3.470000000000000000e+02
8.290000000000000000e+02,-3.770000000000000000e+02
8.190000000000000000e+02,-4.080000000000000000e+02
8.070000000000000000e+02,-4.480000000000000000e+02
7.940000000000000000e+02,-4.880000000000000000e+02
7.850000000000000000e+02,-5.320000000000000000e+02
7.790000000000000000e+02,-5.770000000000000000e+02
7.750000000000000000e+02,-6.250000000000000000e+02
7.730000000000000000e+02,-6.720000000000000000e+02
7.730000000000000000e+02,-7.190000000000000000e+02
7.760000000000000000e+02,-7.670000000000000000e+02
7.840000000000000000e+02,-8.170000000000000000e+02
7.900000000000000000e+02,-8.680000000000000000e+02
7.960000000000000000e+02,-9.190000000000000000e+02
8.050000000000000000e+02,-9.740000000000000000e+02
8.110000000000000000e+02,-1.028000000000000000e+03
8.200000000000000000e+02,-1.087000000000000000e+03
8.290000000000000000e+02,-1.145000000000000000e+03
8.340000000000000000e+02,-1.207000000000000000e+03
8.400000000000000000e+02,-1.274000000000000000e+03
8.430000000000000000e+02,-1.340000000000000000e+03
8.490000000000000000e+02,-1.406000000000000000e+03
8.550000000000000000e+02,-1.471000000000000000e+03
8.610000000000000000e+02,-1.534000000000000000e+03
8.670000000000000000e+02,-1.590000000000000000e+03
8.730000000000000000e+02,-1.644000000000000000e+03
8.860000000000000000e+02,-1.694000000000000000e+03
9.000000000000000000e+02,-1.732000000000000000e+03
9.200000000000000000e+02,-1.763000000000000000e+03
9.410000000000000000e+02,-1.790000000000000000e+03
9.650000000000000000e+02,-1.812000000000000000e+03
9.930000000000000000e+02,-1.825000000000000000e+03
1.025000000000000000e+03,-1.836000000000000000e+03
1.058000000000000000e+03,-1.840000000000000000e+03
1.088000000000000000e+03,-1.840000000000000000e+03
1.120000000000000000e+03,-1.839000000000000000e+03
1.150000000000000000e+03,-1.830000000000000000e+03
1.179000000000000000e+03,-1.818000000000000000e+03
1.209000000000000000e+03,-1.798000000000000000e+03
1.233000000000000000e+03,-1.768000000000000000e+03
1.259000000000000000e+03,-1.727000000000000000e+03
1.281000000000000000e+03,-1.674000000000000000e+03
1.302000000000000000e+03,-1.611000000000000000e+03
1.321000000000000000e+03,-1.534000000000000000e+03
1.337000000000000000e+03,-1.448000000000000000e+03
1.349000000000000000e+03,-1.347000000000000000e+03
1.358000000000000000e+03,-1.243000000000000000e+03
1.367000000000000000e+03,-1.138000000000000000e+03
1.369000000000000000e+03,-1.035000000000000000e+03
1.372000000000000000e+03,-9.360000000000000000e+02
1.369000000000000000e+03,-8.440000000000000000e+02
1.366000000000000000e+03,-7.610000000000000000e+02
1.363000000000000000e+03,-6.870000000000000000e+02
1.357000000000000000e+03,-6.220000000000000000e+02
1.348000000000000000e+03,-5.670000000000000000e+02
1.340000000000000000e+03,-5.200000000000000000e+02
1.331000000000000000e+03,-4.840000000000000000e+02
1.324000000000000000e+03,-4.550000000000000000e+02
1.321000000000000000e+03,-4.330000000000000000e+02
1.315000000000000000e+03,-4.170000000000000000e+02
1.315000000000000000e+03,-4.170000000000000000e+02
1.301000000000000000e+03,-4.190000000000000000e+02
1.301000000000000000e+03,-4.190000000000000000e+02
1.287000000000000000e+03,-4.510000000000000000e+02
1.283000000000000000e+03,-4.730000000000000000e+02
1.274000000000000000e+03,-5.060000000000000000e+02
1.263000000000000000e+03,-5.470000000000000000e+02
1.256000000000000000e+03,-5.950000000000000000e+02
1.251000000000000000e+03,-6.440000000000000000e+02
1.248000000000000000e+03,-7.010000000000000000e+02
1.250000000000000000e+03,-7.550000000000000000e+02
1.254000000000000000e+03,-8.080000000000000000e+02
1.263000000000000000e+03,-8.670000000000000000e+02
1.277000000000000000e+03,-9.190000000000000000e+02
1.296000000000000000e+03,-9.680000000000000000e+02
1.319000000000000000e+03,-1.008000000000000000e+03
1.349000000000000000e+03,-1.043000000000000000e+03
1.382000000000000000e+03,-1.072000000000000000e+03
1.419000000000000000e+03,-1.096000000000000000e+03
1.419000000000000000e+03,-1.096000000000000000e+03
1.497000000000000000e+03,-1.127000000000000000e+03
1.497000000000000000e+03,-1.127000000000000000e+03
1.575000000000000000e+03,-1.142000000000000000e+03
1.575000000000000000e+03,-1.142000000000000000e+03
1.655000000000000000e+03,-1.153000000000000000e+03
1.655000000000000000e+03,-1.153000000000000000e+03
1.725000000000000000e+03,-1.160000000000000000e+03
1.725000000000000000e+03,-1.160000000000000000e+03
1.725000000000000000e+03,-1.160000000000000000e+03
1.791000000000000000e+03,-1.171000000000000000e+03
1.791000000000000000e+03,-1.171000000000000000e+03
1.791000000000000000e+03,-1.171000000000000000e+03
1.791000000000000000e+03,-1.171000000000000000e+03
1.791000000000000000e+03,-1.171000000000000000e+03
1.791000000000000000e+03,-1.171000000000000000e+03
1.791000000000000000e+03,-1.171000000000000000e+03
1.791000000000000000e+03,-1.171000000000000000e+03
1.791000000000000000e+03,-1.171000000000000000e+03
