7.552306189195950870e-02,-1.506969589429808298e+00
6.750520258151171404e-02,-1.615210690120853387e+00
6.750520258151171404e-02,-1.615210690120853387e+00
3.944269499494444664e-02,-1.679353564604435745e+00
3.944269499494444664e-02,-1.679353564604435745e+00
-1.668232017819008123e-02,-1.723451790811898698e+00
-1.668232017819008123e-02,-1.723451790811898698e+00
-1.668232017819008123e-02,-1.723451790811898698e+00
-4.655531212518395322e-03,-1.667326775638764191e+00
5.146948396061613168e-02,-1.579130323223838506e+00
