9.780000000000000000e+02,-1.580000000000000000e+02
9.740000000000000000e+02,-1.790000000000000000e+02
9.650000000000000000e+02,-1.940000000000000000e+02
9.650000000000000000e+02,-1.940000000000000000e+02
9.570000000000000000e+02,-2.230000000000000000e+02
9.530000000000000000e+02,-2.410000000000000000e+02
9.570000000000000000e+02,-2.560000000000000000e+02
9.620000000000000000e+02,-2.710000000000000000e+02
9.810000000000000000e+02,-2.710000000000000000e+02
1.001000000000000000e+03,-2.730000000000000000e+02
1.031000000000000000e+03,-2.610000000000000000e+02
