-7.002263797791072886e-01,8.623450653820243783e-01
-7.002263797791072886e-01,8.623450653820243783e-01
-7.844139025388090491e-01,7.380682460700837000e-01
-8.204942694358241528e-01,6.378450046894862391e-01
-8.565746363328391455e-01,4.814967481357543821e-01
-9.046817921955259134e-01,2.930770543402313466e-01
-9.327442997820931669e-01,8.862164192381268013e-02
-9.888693149552276740e-01,-1.479052077343971094e-01
-1.008913963231347299e+00,-3.643874091164874263e-01
-1.049003259783586106e+00,-6.009142587746972852e-01
-1.057021119094033956e+00,-7.933428822254442458e-01
-1.081074697025377285e+00,-9.937893649866389456e-01
-1.093101485991049060e+00,-1.134101902919475213e+00
-1.105128274956720613e+00,-1.254369792576192078e+00
-1.093101485991049060e+00,-1.334548385680669913e+00
-1.093101485991049060e+00,-1.334548385680669913e+00
-1.093101485991049060e+00,-1.334548385680669913e+00
-1.093101485991049060e+00,-1.334548385680669913e+00
-1.093101485991049060e+00,-1.334548385680669913e+00
-1.020940752197018853e+00,-1.194235847747833645e+00
-9.728335963343320847e-01,-1.065950098780669153e+00
-9.207175108164215027e-01,-8.935661236060415957e-01
-8.565746363328391455e-01,-6.810928518791751207e-01
-7.763960432283613100e-01,-4.325392132552936530e-01
-6.681549425373161100e-01,-1.719587856657404934e-01
-5.238334749492559173e-01,1.006484308894843721e-01
-3.554584294298523406e-01,3.692467177894853125e-01
-1.510030170134336880e-01,6.378450046894862391e-01
6.948811402388054004e-02,8.743718543476960425e-01
2.979971043716425627e-01,1.070809407453666928e+00
5.144793057537329073e-01,1.215130875041727121e+00
7.269525774805992713e-01,1.319363046077548507e+00
9.073544119656745677e-01,1.379496990905906939e+00
1.051675879553734871e+00,1.399541639182026342e+00
1.163925909900003886e+00,1.375488061250683014e+00
1.204015206452242692e+00,1.315354116422324582e+00
1.212033065762690542e+00,1.223148734352174971e+00
1.167934839555227811e+00,1.114907633661129882e+00
1.071720527829854275e+00,9.826129550387412426e-01
9.394258492074657463e-01,8.342825577954571248e-01
7.710508036880621141e-01,6.859521605521730070e-01
5.866400395477630036e-01,5.336128336536650751e-01
3.902024864417921179e-01,3.892913660656048269e-01
2.057917223014929797e-01,2.610056170984401680e-01
3.741667678208938225e-02,1.527645164073949957e-01
-1.069047908059708313e-01,7.659485295814100203e-02
-1.991101728761204281e-01,2.046983778500647069e-02
-2.512262583940310656e-01,-1.160159945678468883e-02
-2.512262583940310656e-01,-1.160159945678468883e-02
-2.512262583940310656e-01,-1.160159945678468883e-02
-1.630298059791053522e-01,-1.561052911200858442e-02
-7.082442390895578310e-02,-1.561052911200858442e-02
3.340774712686548492e-02,-2.362838842245637214e-02
1.536756367835823422e-01,-5.970875531947143072e-02
2.859703154059708430e-01,-9.979805187171038316e-02
4.182649940283593715e-01,-1.719587856657404934e-01
5.706043209268674143e-01,-2.401105898045466924e-01
7.149257885149276071e-01,-3.242981125642485085e-01
8.792919043791073141e-01,-3.964588463582786049e-01
1.039649090588063096e+00,-4.565927911866370370e-01
1.204015206452242692e+00,-5.006910173940998243e-01
1.396443829902989764e+00,-5.127178063597715996e-01
1.580854594043288985e+00,-5.127178063597715996e-01
1.717158202320901328e+00,-5.247445953254432638e-01
1.849452880943289967e+00,-5.006910173940998243e-01
1.925622544392543878e+00,-5.046999470493237494e-01
