-2.159195445883746733e-01,2.500657787569922075e+00
-2.159195445883746733e-01,2.500657787569922075e+00
-2.159195445883746733e-01,2.500657787569922075e+00
-1.798391776913596252e-01,2.392416686878877208e+00
-1.557855997600162412e-01,2.280166656532607750e+00
-1.477677404495684743e-01,2.115800540668428376e+00
-1.076784438973295149e-01,1.939407635838576782e+00
-9.565165493165782296e-02,1.690853997214695426e+00
-3.952663975852330203e-02,1.446309288246037772e+00
-2.349092113762771966e-02,1.117577056517678358e+00
2.060730506983512664e-02,7.808269654788712044e-01
3.263409403550680821e-02,3.999786482326012083e-01
5.668767196685017828e-02,3.516604960722678058e-02
6.069660162207407561e-02,-3.376644083285954556e-01
8.074124989819354836e-02,-6.864412883330742732e-01
8.875910920864134301e-02,-1.015173520061433798e+00
9.276803886386524034e-02,-1.299807525582330259e+00
1.007858981743130211e-01,-1.532325445585316137e+00
8.875910920864134301e-02,-1.720745139380839284e+00
1.007858981743130211e-01,-1.824977310416660448e+00
1.007858981743130211e-01,-1.824977310416660448e+00
9.276803886386524034e-02,-1.913173762831586133e+00
9.276803886386524034e-02,-1.913173762831586133e+00
3.263409403550680821e-02,-1.885111255245018880e+00
