2.790000000000000000e+02,-1.292000000000000000e+03
2.700000000000000000e+02,-1.332000000000000000e+03
2.700000000000000000e+02,-1.332000000000000000e+03
2.700000000000000000e+02,-1.332000000000000000e+03
2.700000000000000000e+02,-1.332000000000000000e+03
2.700000000000000000e+02,-1.332000000000000000e+03
2.700000000000000000e+02,-1.332000000000000000e+03
3.230000000000000000e+02,-1.288000000000000000e+03
3.230000000000000000e+02,-1.288000000000000000e+03
3.730000000000000000e+02,-1.234000000000000000e+03
3.730000000000000000e+02,-1.234000000000000000e+03
4.370000000000000000e+02,-1.158000000000000000e+03
4.730000000000000000e+02,-1.109000000000000000e+03
5.070000000000000000e+02,-1.057000000000000000e+03
5.400000000000000000e+02,-9.950000000000000000e+02
5.720000000000000000e+02,-9.310000000000000000e+02
6.050000000000000000e+02,-8.650000000000000000e+02
6.320000000000000000e+02,-7.930000000000000000e+02
6.530000000000000000e+02,-7.270000000000000000e+02
6.710000000000000000e+02,-6.610000000000000000e+02
6.840000000000000000e+02,-6.070000000000000000e+02
6.930000000000000000e+02,-5.580000000000000000e+02
6.930000000000000000e+02,-5.580000000000000000e+02
7.000000000000000000e+02,-4.930000000000000000e+02
7.000000000000000000e+02,-4.930000000000000000e+02
7.000000000000000000e+02,-4.930000000000000000e+02
7.000000000000000000e+02,-4.930000000000000000e+02
7.000000000000000000e+02,-4.930000000000000000e+02
6.570000000000000000e+02,-5.070000000000000000e+02
6.570000000000000000e+02,-5.070000000000000000e+02
6.300000000000000000e+02,-5.760000000000000000e+02
6.120000000000000000e+02,-6.270000000000000000e+02
5.950000000000000000e+02,-6.790000000000000000e+02
5.760000000000000000e+02,-7.430000000000000000e+02
5.570000000000000000e+02,-8.080000000000000000e+02
5.350000000000000000e+02,-8.810000000000000000e+02
5.140000000000000000e+02,-9.530000000000000000e+02
4.950000000000000000e+02,-1.022000000000000000e+03
4.810000000000000000e+02,-1.091000000000000000e+03
4.680000000000000000e+02,-1.150000000000000000e+03
4.590000000000000000e+02,-1.205000000000000000e+03
4.570000000000000000e+02,-1.249000000000000000e+03
4.570000000000000000e+02,-1.249000000000000000e+03
4.730000000000000000e+02,-1.311000000000000000e+03
4.730000000000000000e+02,-1.311000000000000000e+03
4.730000000000000000e+02,-1.311000000000000000e+03
5.360000000000000000e+02,-1.336000000000000000e+03
5.360000000000000000e+02,-1.336000000000000000e+03
5.870000000000000000e+02,-1.323000000000000000e+03
5.870000000000000000e+02,-1.323000000000000000e+03
