9.090000000000000000e+02,-8.900000000000000000e+01
9.140000000000000000e+02,-7.800000000000000000e+01
9.040000000000000000e+02,-8.000000000000000000e+01
9.040000000000000000e+02,-8.000000000000000000e+01
8.860000000000000000e+02,-8.800000000000000000e+01
8.690000000000000000e+02,-1.000000000000000000e+02
8.500000000000000000e+02,-1.150000000000000000e+02
8.210000000000000000e+02,-1.380000000000000000e+02
7.930000000000000000e+02,-1.630000000000000000e+02
7.570000000000000000e+02,-1.950000000000000000e+02
7.210000000000000000e+02,-2.310000000000000000e+02
6.840000000000000000e+02,-2.710000000000000000e+02
6.480000000000000000e+02,-3.120000000000000000e+02
6.170000000000000000e+02,-3.560000000000000000e+02
6.020000000000000000e+02,-3.840000000000000000e+02
5.920000000000000000e+02,-4.090000000000000000e+02
5.920000000000000000e+02,-4.090000000000000000e+02
