-5.625087691812413748e-01,1.287192727554621330e+00
-6.226427140095998070e-01,1.235076642036710748e+00
-6.226427140095998070e-01,1.235076642036710748e+00
-6.226427140095998070e-01,1.235076642036710748e+00
-6.226427140095998070e-01,1.235076642036710748e+00
-5.504819802155695996e-01,1.211023064105367419e+00
-5.504819802155695996e-01,1.211023064105367419e+00
-4.221962312484049962e-01,1.287192727554621330e+00
-3.380087084887032356e-01,1.351335602038203687e+00
-2.217497484872102687e-01,1.439532054453129373e+00
-1.135086477961650964e-01,1.523719577212831133e+00
6.759241860551746216e-03,1.627951748248652519e+00
1.150003425515969124e-01,1.712139271008354280e+00
2.112146542769703927e-01,1.784300004802384487e+00
3.154468253127916677e-01,1.852451808941190547e+00
4.116611370381651480e-01,1.880514316527757801e+00
4.116611370381651480e-01,1.880514316527757801e+00
5.038665191083147032e-01,1.900558964803877426e+00
5.038665191083147032e-01,1.900558964803877426e+00
