6.420000000000000000e+02,-9.280000000000000000e+02
6.780000000000000000e+02,-9.240000000000000000e+02
7.020000000000000000e+02,-9.280000000000000000e+02
7.330000000000000000e+02,-9.300000000000000000e+02
7.720000000000000000e+02,-9.310000000000000000e+02
8.080000000000000000e+02,-9.430000000000000000e+02
8.590000000000000000e+02,-9.510000000000000000e+02
9.030000000000000000e+02,-9.710000000000000000e+02
9.560000000000000000e+02,-9.840000000000000000e+02
1.002000000000000000e+03,-1.005000000000000000e+03
1.051000000000000000e+03,-1.026000000000000000e+03
1.093000000000000000e+03,-1.052000000000000000e+03
1.131000000000000000e+03,-1.081000000000000000e+03
1.162000000000000000e+03,-1.112000000000000000e+03
1.192000000000000000e+03,-1.147000000000000000e+03
1.217000000000000000e+03,-1.182000000000000000e+03
1.236000000000000000e+03,-1.221000000000000000e+03
1.250000000000000000e+03,-1.261000000000000000e+03
1.260000000000000000e+03,-1.305000000000000000e+03
1.266000000000000000e+03,-1.347000000000000000e+03
1.271000000000000000e+03,-1.390000000000000000e+03
1.272000000000000000e+03,-1.432000000000000000e+03
1.269000000000000000e+03,-1.468000000000000000e+03
1.260000000000000000e+03,-1.506000000000000000e+03
1.257000000000000000e+03,-1.521000000000000000e+03
1.236000000000000000e+03,-1.560000000000000000e+03
1.224000000000000000e+03,-1.582000000000000000e+03
1.195000000000000000e+03,-1.614000000000000000e+03
1.176000000000000000e+03,-1.632000000000000000e+03
1.143000000000000000e+03,-1.658000000000000000e+03
1.119000000000000000e+03,-1.671000000000000000e+03
1.084000000000000000e+03,-1.694000000000000000e+03
1.048000000000000000e+03,-1.724000000000000000e+03
1.016000000000000000e+03,-1.735000000000000000e+03
9.810000000000000000e+02,-1.747000000000000000e+03
9.500000000000000000e+02,-1.754000000000000000e+03
9.170000000000000000e+02,-1.763000000000000000e+03
8.860000000000000000e+02,-1.768000000000000000e+03
8.550000000000000000e+02,-1.772000000000000000e+03
8.280000000000000000e+02,-1.774000000000000000e+03
8.030000000000000000e+02,-1.774000000000000000e+03
7.840000000000000000e+02,-1.772000000000000000e+03
7.690000000000000000e+02,-1.769000000000000000e+03
7.690000000000000000e+02,-1.769000000000000000e+03
7.510000000000000000e+02,-1.759000000000000000e+03
7.510000000000000000e+02,-1.759000000000000000e+03
7.510000000000000000e+02,-1.759000000000000000e+03
7.510000000000000000e+02,-1.759000000000000000e+03
7.460000000000000000e+02,-1.744000000000000000e+03
7.460000000000000000e+02,-1.744000000000000000e+03
7.630000000000000000e+02,-1.730000000000000000e+03
