4.610000000000000000e+02,-1.641000000000000000e+03
4.450000000000000000e+02,-1.662000000000000000e+03
4.310000000000000000e+02,-1.679000000000000000e+03
4.180000000000000000e+02,-1.697000000000000000e+03
4.040000000000000000e+02,-1.718000000000000000e+03
4.040000000000000000e+02,-1.718000000000000000e+03
3.890000000000000000e+02,-1.742000000000000000e+03
3.890000000000000000e+02,-1.742000000000000000e+03
3.870000000000000000e+02,-1.759000000000000000e+03
3.870000000000000000e+02,-1.759000000000000000e+03
4.010000000000000000e+02,-1.771000000000000000e+03
4.190000000000000000e+02,-1.775000000000000000e+03
4.370000000000000000e+02,-1.781000000000000000e+03
4.630000000000000000e+02,-1.783000000000000000e+03
4.900000000000000000e+02,-1.786000000000000000e+03
5.230000000000000000e+02,-1.787000000000000000e+03
5.590000000000000000e+02,-1.787000000000000000e+03
5.940000000000000000e+02,-1.787000000000000000e+03
6.270000000000000000e+02,-1.784000000000000000e+03
6.590000000000000000e+02,-1.780000000000000000e+03
6.840000000000000000e+02,-1.778000000000000000e+03
7.070000000000000000e+02,-1.775000000000000000e+03
7.240000000000000000e+02,-1.775000000000000000e+03
7.240000000000000000e+02,-1.775000000000000000e+03
7.400000000000000000e+02,-1.775000000000000000e+03
7.400000000000000000e+02,-1.775000000000000000e+03
7.400000000000000000e+02,-1.775000000000000000e+03
7.390000000000000000e+02,-1.789000000000000000e+03
7.390000000000000000e+02,-1.789000000000000000e+03
7.220000000000000000e+02,-1.792000000000000000e+03
7.220000000000000000e+02,-1.792000000000000000e+03
