1.165000000000000000e+03,-9.400000000000000000e+02
1.165000000000000000e+03,-9.400000000000000000e+02
1.165000000000000000e+03,-9.400000000000000000e+02
1.165000000000000000e+03,-9.400000000000000000e+02
1.141000000000000000e+03,-9.520000000000000000e+02
1.120000000000000000e+03,-9.630000000000000000e+02
1.081000000000000000e+03,-9.890000000000000000e+02
1.037000000000000000e+03,-1.014000000000000000e+03
9.860000000000000000e+02,-1.049000000000000000e+03
9.320000000000000000e+02,-1.085000000000000000e+03
8.860000000000000000e+02,-1.112000000000000000e+03
8.440000000000000000e+02,-1.142000000000000000e+03
8.160000000000000000e+02,-1.171000000000000000e+03
8.030000000000000000e+02,-1.191000000000000000e+03
8.070000000000000000e+02,-1.207000000000000000e+03
