-6.433575694812611045e-01,3.279455738337494264e+00
-6.714200770678283581e-01,3.139143200404657996e+00
-6.954736549991716865e-01,2.950723506609134628e+00
-7.395718812066345293e-01,2.678116290053909943e+00
-7.676343887932017829e-01,2.373437636256893857e+00
-8.117326150006646257e-01,1.992589319010623861e+00
-8.478129818976797294e-01,1.591696353488234461e+00
-8.838933487946947221e-01,1.138687302447934258e+00
-8.959201377603664973e-01,6.696425327867385757e-01
-8.959201377603664973e-01,1.725352555389756126e-01
-8.598397708633513936e-01,-3.045273734326678916e-01
-8.037147556902168866e-01,-7.535274948177441701e-01
-7.195272329305151260e-01,-1.174465108616253195e+00
-6.233129212051415902e-01,-1.563331285172970819e+00
-5.270986094797681654e-01,-1.916117094832673562e+00
-4.228664384439468349e-01,-2.212777889319241797e+00
-3.266521267185733546e-01,-2.469349387253571226e+00
-2.384556743036476967e-01,-2.673804799669989851e+00
-1.783217294752892645e-01,-2.830153056223721819e+00
-1.221967143021547297e-01,-2.938394156914766686e+00
-1.221967143021547297e-01,-2.938394156914766686e+00
-6.206276947379631148e-02,-2.982492383122229640e+00
-6.206276947379631148e-02,-2.982492383122229640e+00
-3.800919154245294140e-02,-2.818126267258049822e+00
-7.008062878424410613e-02,-2.701867307256557105e+00
