5.466722257123488721e-02,1.843170489016055846e+00
-7.361852639592975089e-02,1.791054403498145042e+00
-1.618149788108554366e-01,1.779027614532473489e+00
-2.700560795019005811e-01,1.710875810393667207e+00
-3.702793208824979865e-01,1.670786513841428178e+00
-4.664936326078714668e-01,1.622679357978741521e+00
-5.867615222645883311e-01,1.526465046253367985e+00
-6.869847636451856809e-01,1.430250734527994672e+00
-8.272973015780219486e-01,1.301964985560829957e+00
-9.355384022690671486e-01,1.181697095904113093e+00
-1.063824151236231863e+00,1.029357769005605050e+00
-1.168056322272053027e+00,8.649916531414253429e-01
-1.264270633997426563e+00,6.725630296906784933e-01
-1.328413508481008920e+00,4.600897579638120183e-01
-1.348458156757128323e+00,2.556343455473933934e-01
-1.324404578825784995e+00,7.523251106231809704e-02
-1.252243845031754788e+00,-8.913360480186159618e-02
-1.123958096064590295e+00,-2.214282834242501385e-01
-9.435562615795149988e-01,-3.136336654943996938e-01
-7.190562008869768595e-01,-3.497140323914147420e-01
-4.785204215735431310e-01,-3.416961730809669473e-01
-2.099221346735421767e-01,-2.695354392869368509e-01
5.466722257123488721e-02,-1.653032682511156037e-01
3.072297908503402453e-01,-2.098180066305537980e-02
5.437566405085501042e-01,1.353664558906765292e-01
7.562299122354164682e-01,3.037415014100801058e-01
9.205960280995961753e-01,4.721165469294836825e-01
1.052890706721984815e+00,6.565273110697829040e-01
1.141087159136910500e+00,8.289112862444103502e-01
1.201221103965268933e+00,9.932774021085900573e-01
1.225274681896612261e+00,1.161652447627993689e+00
1.221265752241388336e+00,1.305973915216053882e+00
1.185185385344373232e+00,1.430250734527994672e+00
1.125051440516014800e+00,1.554527553839935239e+00
1.052890706721984815e+00,1.674795443496652103e+00
9.606853246518350931e-01,1.754974036601130161e+00
8.724888722369094074e-01,1.791054403498145042e+00
7.722656308563120575e-01,1.819116911084712296e+00
7.001048970622819612e-01,1.839161559360831921e+00
6.159173743025802006e-01,1.843170489016055846e+00
5.638012887846695076e-01,1.831143700050384071e+00
5.638012887846695076e-01,1.831143700050384071e+00
4.956494846458633363e-01,1.730920458669786610e+00
4.916405549906394112e-01,1.650741865565308775e+00
5.076762736115350005e-01,1.586598991081726417e+00
5.317298515428783290e-01,1.470340031080233478e+00
5.678102184398934327e-01,1.350072141423516614e+00
6.159173743025802006e-01,1.193723884869784868e+00
6.880781080966102969e-01,1.029357769005605050e+00
7.562299122354164682e-01,8.369291455548580894e-01
8.283906460294465646e-01,6.324737331384394645e-01
8.965424501682528469e-01,4.119826021011252504e-01
9.606853246518350931e-01,1.714468227876915773e-01
1.016810339824969711e+00,-1.011603937675332743e-01
1.040863917756313040e+00,-3.978211882541015099e-01
1.052890706721984815e+00,-7.065087717063414097e-01
1.028837128790641264e+00,-1.019205284813805124e+00
9.727121136175068683e-01,-1.339919657231716910e+00
8.885245908578049967e-01,-1.664642959304852399e+00
7.722656308563120575e-01,-1.981348402067540038e+00
6.279441632682518648e-01,-2.269991337243660645e+00
4.515512584384004935e-01,-2.522553905522765927e+00
2.551137053324296078e-01,-2.739036106904856105e+00
4.264043360556320217e-02,-2.927455800700379029e+00
-1.818596270869749232e-01,-3.083804057254110997e+00
-4.063596877795130347e-01,-3.167991580013812758e+00
-6.468954670929467632e-01,-3.224116595186947265e+00
-8.754044574407087165e-01,-3.236143384152619262e+00
-1.099904518133246745e+00,-3.200063017255604159e+00
-1.292333141583993816e+00,-3.115875494495902398e+00
-1.460708187103397337e+00,-2.971554026907841983e+00
-1.601020725036233605e+00,-2.795161122077990612e+00
-1.685208247795935588e+00,-2.570661061385452584e+00
-1.709261825727278916e+00,-2.330125282072018855e+00
-1.709261825727278916e+00,-2.089589502758585127e+00
-1.613047514001905380e+00,-1.760857271030225712e+00
-1.496788554000412441e+00,-1.520321491716791984e+00
