9.920000000000000000e+02,-4.050000000000000000e+02
9.780000000000000000e+02,-4.010000000000000000e+02
9.780000000000000000e+02,-4.010000000000000000e+02
9.780000000000000000e+02,-4.010000000000000000e+02
9.650000000000000000e+02,-3.980000000000000000e+02
9.650000000000000000e+02,-3.980000000000000000e+02
9.690000000000000000e+02,-4.370000000000000000e+02
9.810000000000000000e+02,-4.690000000000000000e+02
9.870000000000000000e+02,-5.260000000000000000e+02
1.002000000000000000e+03,-5.820000000000000000e+02
1.010000000000000000e+03,-6.620000000000000000e+02
1.022000000000000000e+03,-7.520000000000000000e+02
1.027000000000000000e+03,-8.620000000000000000e+02
1.034000000000000000e+03,-9.740000000000000000e+02
1.037000000000000000e+03,-1.094000000000000000e+03
1.040000000000000000e+03,-1.213000000000000000e+03
1.040000000000000000e+03,-1.332000000000000000e+03
1.040000000000000000e+03,-1.453000000000000000e+03
1.037000000000000000e+03,-1.570000000000000000e+03
1.034000000000000000e+03,-1.679000000000000000e+03
1.033000000000000000e+03,-1.777000000000000000e+03
1.030000000000000000e+03,-1.861000000000000000e+03
1.031000000000000000e+03,-1.937000000000000000e+03
1.025000000000000000e+03,-2.004000000000000000e+03
1.022000000000000000e+03,-2.044000000000000000e+03
1.024000000000000000e+03,-2.074000000000000000e+03
1.024000000000000000e+03,-2.074000000000000000e+03
1.024000000000000000e+03,-2.074000000000000000e+03
