9.750000000000000000e+02,-1.322000000000000000e+03
9.750000000000000000e+02,-1.322000000000000000e+03
9.750000000000000000e+02,-1.322000000000000000e+03
9.810000000000000000e+02,-1.345000000000000000e+03
9.780000000000000000e+02,-1.368000000000000000e+03
9.720000000000000000e+02,-1.401000000000000000e+03
9.660000000000000000e+02,-1.446000000000000000e+03
9.590000000000000000e+02,-1.505000000000000000e+03
9.540000000000000000e+02,-1.565000000000000000e+03
9.450000000000000000e+02,-1.633000000000000000e+03
9.440000000000000000e+02,-1.692000000000000000e+03
9.380000000000000000e+02,-1.752000000000000000e+03
9.390000000000000000e+02,-1.797000000000000000e+03
9.360000000000000000e+02,-1.837000000000000000e+03
9.390000000000000000e+02,-1.856000000000000000e+03
9.390000000000000000e+02,-1.856000000000000000e+03
9.390000000000000000e+02,-1.856000000000000000e+03
9.320000000000000000e+02,-1.835000000000000000e+03
9.260000000000000000e+02,-1.800000000000000000e+03
9.180000000000000000e+02,-1.755000000000000000e+03
9.080000000000000000e+02,-1.696000000000000000e+03
8.950000000000000000e+02,-1.627000000000000000e+03
8.850000000000000000e+02,-1.553000000000000000e+03
8.790000000000000000e+02,-1.479000000000000000e+03
8.790000000000000000e+02,-1.408000000000000000e+03
8.880000000000000000e+02,-1.343000000000000000e+03
9.080000000000000000e+02,-1.288000000000000000e+03
9.410000000000000000e+02,-1.244000000000000000e+03
9.870000000000000000e+02,-1.212000000000000000e+03
1.042000000000000000e+03,-1.197000000000000000e+03
1.108000000000000000e+03,-1.196000000000000000e+03
1.176000000000000000e+03,-1.203000000000000000e+03
1.241000000000000000e+03,-1.220000000000000000e+03
1.296000000000000000e+03,-1.245000000000000000e+03
1.340000000000000000e+03,-1.277000000000000000e+03
1.363000000000000000e+03,-1.319000000000000000e+03
1.367000000000000000e+03,-1.362000000000000000e+03
1.354000000000000000e+03,-1.407000000000000000e+03
1.324000000000000000e+03,-1.451000000000000000e+03
1.277000000000000000e+03,-1.496000000000000000e+03
1.226000000000000000e+03,-1.533000000000000000e+03
1.167000000000000000e+03,-1.568000000000000000e+03
1.113000000000000000e+03,-1.594000000000000000e+03
1.063000000000000000e+03,-1.612000000000000000e+03
1.030000000000000000e+03,-1.622000000000000000e+03
1.009000000000000000e+03,-1.628000000000000000e+03
1.009000000000000000e+03,-1.628000000000000000e+03
1.009000000000000000e+03,-1.628000000000000000e+03
1.037000000000000000e+03,-1.635000000000000000e+03
1.069000000000000000e+03,-1.639000000000000000e+03
1.111000000000000000e+03,-1.648000000000000000e+03
1.158000000000000000e+03,-1.663000000000000000e+03
1.201000000000000000e+03,-1.683000000000000000e+03
1.242000000000000000e+03,-1.710000000000000000e+03
1.278000000000000000e+03,-1.737000000000000000e+03
1.312000000000000000e+03,-1.764000000000000000e+03
1.334000000000000000e+03,-1.796000000000000000e+03
1.358000000000000000e+03,-1.826000000000000000e+03
1.388000000000000000e+03,-1.847000000000000000e+03
1.416000000000000000e+03,-1.864000000000000000e+03
1.452000000000000000e+03,-1.870000000000000000e+03
