6.121076197993599033e-01,2.057186914124252919e+00
6.121076197993599033e-01,2.057186914124252919e+00
6.121076197993599033e-01,2.057186914124252919e+00
6.121076197993599033e-01,2.057186914124252919e+00
5.720183232471208745e-01,1.981017250674998786e+00
5.720183232471208745e-01,1.916874376191416429e+00
5.640004639366731354e-01,1.808633275500371340e+00
5.720183232471208745e-01,1.680347526533206626e+00
5.519736749710014712e-01,1.491927832737683479e+00
5.479647453157775461e-01,1.287472420321264854e+00
5.239111673844342176e-01,1.026891992731711722e+00
4.998575894530908337e-01,7.422579872108151511e-01
4.677861522112996551e-01,4.215436147929035871e-01
4.397236446247324015e-01,9.281138306454421449e-02
4.036432777277173534e-01,-2.599744265951585143e-01
3.675629108307023052e-01,-6.087513065996373873e-01
3.354914735889111266e-01,-9.615371162593401300e-01
2.994111066918960784e-01,-1.286260418332475730e+00
2.713485991053288249e-01,-1.590939072129491594e+00
2.392771618635376463e-01,-1.855528429374268651e+00
2.192325135874181874e-01,-2.084037419722030826e+00
2.031967949665225981e-01,-2.284483902483225304e+00
1.791432170351792141e-01,-2.440832159036957272e+00
1.590985687590597553e-01,-2.557091119038450433e+00
1.430628501381641660e-01,-2.649296501108600044e+00
1.350449908277163713e-01,-2.709430445936958254e+00
1.350449908277163713e-01,-2.709430445936958254e+00
1.109914128963730151e-01,-2.781591179730988461e+00
1.109914128963730151e-01,-2.781591179730988461e+00
1.109914128963730151e-01,-2.781591179730988461e+00
1.109914128963730151e-01,-2.781591179730988461e+00
1.711253577247314472e-01,-2.653305430763823747e+00
1.791432170351792141e-01,-2.581144696969793539e+00
