1.307000000000000000e+03,-1.037000000000000000e+03
1.292000000000000000e+03,-1.035000000000000000e+03
1.260000000000000000e+03,-1.044000000000000000e+03
1.227000000000000000e+03,-1.046000000000000000e+03
1.186000000000000000e+03,-1.047000000000000000e+03
1.135000000000000000e+03,-1.049000000000000000e+03
1.087000000000000000e+03,-1.047000000000000000e+03
1.033000000000000000e+03,-1.050000000000000000e+03
9.810000000000000000e+02,-1.050000000000000000e+03
9.270000000000000000e+02,-1.063000000000000000e+03
8.790000000000000000e+02,-1.073000000000000000e+03
8.340000000000000000e+02,-1.093000000000000000e+03
7.960000000000000000e+02,-1.114000000000000000e+03
7.690000000000000000e+02,-1.142000000000000000e+03
7.510000000000000000e+02,-1.171000000000000000e+03
7.430000000000000000e+02,-1.206000000000000000e+03
7.540000000000000000e+02,-1.237000000000000000e+03
7.780000000000000000e+02,-1.271000000000000000e+03
8.200000000000000000e+02,-1.304000000000000000e+03
8.790000000000000000e+02,-1.337000000000000000e+03
9.500000000000000000e+02,-1.370000000000000000e+03
1.024000000000000000e+03,-1.408000000000000000e+03
1.099000000000000000e+03,-1.445000000000000000e+03
1.168000000000000000e+03,-1.485000000000000000e+03
1.227000000000000000e+03,-1.527000000000000000e+03
1.269000000000000000e+03,-1.572000000000000000e+03
1.295000000000000000e+03,-1.616000000000000000e+03
1.293000000000000000e+03,-1.661000000000000000e+03
1.271000000000000000e+03,-1.703000000000000000e+03
1.227000000000000000e+03,-1.741000000000000000e+03
1.170000000000000000e+03,-1.771000000000000000e+03
1.100000000000000000e+03,-1.793000000000000000e+03
1.027000000000000000e+03,-1.806000000000000000e+03
9.540000000000000000e+02,-1.807000000000000000e+03
8.820000000000000000e+02,-1.801000000000000000e+03
8.260000000000000000e+02,-1.781000000000000000e+03
7.880000000000000000e+02,-1.757000000000000000e+03
7.570000000000000000e+02,-1.738000000000000000e+03
7.520000000000000000e+02,-1.708000000000000000e+03
7.520000000000000000e+02,-1.708000000000000000e+03
