2.274631826116162506e-02,5.961975602475358960e-01
2.274631826116162506e-02,5.961975602475358960e-01
2.274631826116162506e-02,5.961975602475358960e-01
2.274631826116162506e-02,5.961975602475358960e-01
2.675524791638551891e-02,6.563315050758943281e-01
2.675524791638551891e-02,6.563315050758943281e-01
2.675524791638551891e-02,6.563315050758943281e-01
1.472845895071383561e-02,5.961975602475358960e-01
1.472845895071383561e-02,5.961975602475358960e-01
-1.307259670181744587e-03,4.759296705908190872e-01
-2.135190794630121777e-02,3.877332181758934015e-01
-3.738762656719679667e-02,2.835010471400721266e-01
-6.945906380898796140e-02,1.512063685176835981e-01
-9.752157139555522880e-02,1.891168989529505226e-02
-1.376108679477941743e-01,-1.334276370032129455e-01
-1.736912348448092225e-01,-2.737401749360492964e-01
-2.137805313970481680e-01,-4.300884314897811533e-01
-2.458519686388393466e-01,-5.744098990778413460e-01
-2.739144762254066001e-01,-7.147224370106777247e-01
-2.979680541567499841e-01,-8.510260452882901783e-01
-3.220216320880933125e-01,-9.753028646002308566e-01
-3.420662803642128269e-01,-1.095570754256947721e+00
-3.701287879507800804e-01,-1.203811854947992810e+00
-3.941823658821234644e-01,-1.312052955639038121e+00
-4.262538031239145875e-01,-1.416285126674859285e+00
-4.382805920895863072e-01,-1.512499438400232821e+00
-4.663430996761535607e-01,-1.596686961159934581e+00
-4.903966776074969447e-01,-1.668847694953964789e+00
-5.024234665731686089e-01,-1.728981639782323221e+00
-5.304859741597358624e-01,-1.789115584610681653e+00
-5.304859741597358624e-01,-1.789115584610681653e+00
-5.304859741597358624e-01,-1.789115584610681653e+00
-5.344949038149597875e-01,-1.857267388749487713e+00
-5.344949038149597875e-01,-1.857267388749487713e+00
-5.344949038149597875e-01,-1.857267388749487713e+00
