-1.300271277861525077e+00,1.224352172515722703e+00
-1.304280207516749002e+00,1.336602202861991717e+00
-1.264190910964510195e+00,1.392727218035126224e+00
-1.196039106825703913e+00,1.448852233208260731e+00
-1.071762287513763123e+00,1.508986178036619163e+00
-9.354586792361507808e-01,1.508986178036619163e+00
-7.430300557854038201e-01,1.545066544933634267e+00
-5.385746433689850843e-01,1.525021896657514864e+00
-2.860120750898797470e-01,1.512995107691843089e+00
-2.944057715555047777e-02,1.476914740794827985e+00
2.431666393996743669e-01,1.440834373897812881e+00
4.877113483683319650e-01,1.384709358724678374e+00
7.122114090608701042e-01,1.324575413896319942e+00
9.046400325116170649e-01,1.272459328378409360e+00
1.077024007686244511e+00,1.224352172515722703e+00
1.189274038032513525e+00,1.156200368376916421e+00
1.269452631136991583e+00,1.084039634582886436e+00
1.293506209068334911e+00,9.918342525127367137e-01
1.285488349757887061e+00,8.956199407873632889e-01
1.233372264239976479e+00,7.873788400963180889e-01
1.149184741480274718e+00,6.791377394052729999e-01
1.028916851823557854e+00,5.468430607828844714e-01
8.805864545802736254e-01,4.025215931948242232e-01
7.001846200951984400e-01,2.582001256067639750e-01
4.877113483683319650e-01,1.098697283634798710e-01
2.592023580205699562e-01,-2.643387991413255825e-02
1.064871939668847120e-02,-1.707553475021927614e-01
-2.419138488824169042e-01,-3.110678854350291123e-01
-4.904674875062983719e-01,-4.433625640574176408e-01
-7.269943371645082308e-01,-5.636304537141344495e-01
-9.354586792361507808e-01,-6.919162026812991639e-01
-1.119869443376450002e+00,-8.081751626827921031e-01
-1.264190910964510195e+00,-9.083984040633894530e-01
-1.364414152345107434e+00,-1.004612715788762989e+00
-1.432565956483913716e+00,-1.076773449582792974e+00
-1.452610604760033119e+00,-1.156952042687271032e+00
-1.432565956483913716e+00,-1.217085987515629242e+00
-1.360405222689883509e+00,-1.273211002688763971e+00
-1.244146262688390570e+00,-1.313300299241002778e+00
-1.083789076479434899e+00,-1.349380666138017881e+00
-8.753247344077923486e-01,-1.381452103379809060e+00
-6.428068144048063592e-01,-1.409514610966376313e+00
-3.742085275048054327e-01,-1.433568188897719642e+00
-1.016013109495805811e-01,-1.453612837173839045e+00
1.750148352608681679e-01,-1.465639626139510820e+00
4.275774035399735329e-01,-1.477666415105182596e+00
6.520774642325116721e-01,-1.481675344760406521e+00
8.805864545802736254e-01,-1.453612837173839045e+00
1.056979359410125108e+00,-1.453612837173839045e+00
1.177247249066841972e+00,-1.433568188897719642e+00
1.273461560792215286e+00,-1.393478892345480613e+00
1.273461560792215286e+00,-1.393478892345480613e+00
