6.038681577584178450e-01,2.720521339875784150e+00
6.038681577584178450e-01,2.720521339875784150e+00
6.038681577584178450e-01,2.720521339875784150e+00
5.437342129300594129e-01,2.672414184013097493e+00
5.156717053434921594e-01,2.588226661253395733e+00
4.675645494808054470e-01,2.443905193665335762e+00
4.114395343076709399e-01,2.231431921938469287e+00
3.272520115479691238e-01,1.954815775728020455e+00
2.470734184434912328e-01,1.618065684689213191e+00
1.388323177524460883e-01,1.225190578477271641e+00
5.464479499274428609e-02,8.202886832996580946e-01
-4.958737604307698194e-02,3.953421398459253111e-01
-1.377838284580026607e-01,-1.541896021240310140e-03
-2.219713512177044490e-01,-3.944170022331819903e-01
-2.941320850117345453e-01,-7.351760229272130687e-01
-3.502571001848691079e-01,-1.035845747069005229e+00
-3.983642560475558203e-01,-1.276381526382438958e+00
-4.424624822550186631e-01,-1.508899446385424836e+00
-4.905696381177054310e-01,-1.693310210525724058e+00
-5.266500050147204792e-01,-1.889747763631694832e+00
-5.547125126012877327e-01,-2.050104949840650725e+00
-5.787660905326310612e-01,-2.182399628463039143e+00
-6.028196684639745007e-01,-2.306676447774979710e+00
-6.148464574296461649e-01,-2.382846111224234065e+00
-6.348911057057656793e-01,-2.455006845018263828e+00
-6.348911057057656793e-01,-2.455006845018263828e+00
-6.348911057057656793e-01,-2.455006845018263828e+00
-6.348911057057656793e-01,-2.455006845018263828e+00
-6.389000353609894933e-01,-2.378837181569009918e+00
