-9.658847849319435186e-01,7.436564510440325515e-01
-9.658847849319435186e-01,7.436564510440325515e-01
-9.658847849319435186e-01,7.436564510440325515e-01
-9.658847849319435186e-01,6.755046469052262692e-01
-9.378222773453762651e-01,5.953260538007484337e-01
-9.017419104483612724e-01,4.750581641440315694e-01
-8.416079656200028403e-01,3.307366965559713212e-01
-7.854829504468682222e-01,1.503348620708960526e-01
-7.053043573423903867e-01,-1.804018344850752756e-02
-6.531882718244796937e-01,-2.064598772440305874e-01
-5.609828897543301940e-01,-3.587992041425385747e-01
-4.888221559603000421e-01,-5.031206717305988230e-01
-3.966167738901504314e-01,-6.073528427664200979e-01
-3.124292511304486708e-01,-6.915403655261218585e-01
-2.041881504394034985e-01,-7.075760841470174478e-01
-9.594704974835834010e-02,-7.276207324231369622e-01
3.634762887403019532e-02,-6.955492951813457836e-01
1.686423074964187308e-01,-6.554599986291068658e-01
3.089548454292550539e-01,-5.832992648350766585e-01
4.492673833620913770e-01,-4.951028124201510283e-01
5.815620619844799055e-01,-3.868617117291058838e-01
7.138567406068684340e-01,-2.625848924171650944e-01
8.180889116426897090e-01,-1.342991434500004910e-01
9.143032233680631338e-01,2.204911310373142141e-02
9.664193088859738268e-01,1.423170027604482579e-01
1.034571113024780109e+00,2.906474000037324035e-01
1.110740776474034019e+00,4.149242193156731373e-01
1.146821143371049123e+00,4.870849531097032337e-01
1.222990806820303034e+00,5.913171241455245086e-01
1.275106892338213616e+00,6.273974910425395013e-01
