9.190000000000000000e+02,-1.012000000000000000e+03
9.190000000000000000e+02,-1.012000000000000000e+03
9.190000000000000000e+02,-1.012000000000000000e+03
9.190000000000000000e+02,-1.012000000000000000e+03
9.290000000000000000e+02,-9.980000000000000000e+02
9.290000000000000000e+02,-9.980000000000000000e+02
9.290000000000000000e+02,-9.980000000000000000e+02
9.400000000000000000e+02,-9.760000000000000000e+02
9.400000000000000000e+02,-9.760000000000000000e+02
9.380000000000000000e+02,-9.590000000000000000e+02
9.380000000000000000e+02,-9.590000000000000000e+02
9.320000000000000000e+02,-9.410000000000000000e+02
9.320000000000000000e+02,-9.410000000000000000e+02
9.160000000000000000e+02,-9.350000000000000000e+02
9.020000000000000000e+02,-9.360000000000000000e+02
8.840000000000000000e+02,-9.420000000000000000e+02
8.660000000000000000e+02,-9.560000000000000000e+02
8.480000000000000000e+02,-9.680000000000000000e+02
8.250000000000000000e+02,-9.820000000000000000e+02
8.060000000000000000e+02,-1.004000000000000000e+03
7.860000000000000000e+02,-1.027000000000000000e+03
7.690000000000000000e+02,-1.051000000000000000e+03
7.560000000000000000e+02,-1.074000000000000000e+03
7.500000000000000000e+02,-1.095000000000000000e+03
7.500000000000000000e+02,-1.114000000000000000e+03
7.530000000000000000e+02,-1.128000000000000000e+03
7.530000000000000000e+02,-1.128000000000000000e+03
7.830000000000000000e+02,-1.141000000000000000e+03
8.060000000000000000e+02,-1.135000000000000000e+03
8.310000000000000000e+02,-1.125000000000000000e+03
8.630000000000000000e+02,-1.107000000000000000e+03
8.920000000000000000e+02,-1.087000000000000000e+03
9.230000000000000000e+02,-1.060000000000000000e+03
9.500000000000000000e+02,-1.033000000000000000e+03
9.750000000000000000e+02,-1.009000000000000000e+03
9.930000000000000000e+02,-9.830000000000000000e+02
1.008000000000000000e+03,-9.640000000000000000e+02
1.015000000000000000e+03,-9.500000000000000000e+02
1.015000000000000000e+03,-9.500000000000000000e+02
1.015000000000000000e+03,-9.500000000000000000e+02
1.015000000000000000e+03,-9.500000000000000000e+02
9.940000000000000000e+02,-9.540000000000000000e+02
9.940000000000000000e+02,-9.540000000000000000e+02
9.720000000000000000e+02,-9.860000000000000000e+02
9.610000000000000000e+02,-1.006000000000000000e+03
9.550000000000000000e+02,-1.031000000000000000e+03
9.530000000000000000e+02,-1.057000000000000000e+03
9.560000000000000000e+02,-1.074000000000000000e+03
9.690000000000000000e+02,-1.092000000000000000e+03
9.840000000000000000e+02,-1.105000000000000000e+03
1.005000000000000000e+03,-1.116000000000000000e+03
1.029000000000000000e+03,-1.122000000000000000e+03
1.055000000000000000e+03,-1.128000000000000000e+03
1.079000000000000000e+03,-1.126000000000000000e+03
1.113000000000000000e+03,-1.117000000000000000e+03
1.134000000000000000e+03,-1.125000000000000000e+03
1.163000000000000000e+03,-1.117000000000000000e+03
