-1.447669042164183295e-01,6.758016046574653046e-01
-1.447669042164183295e-01,6.758016046574653046e-01
-1.447669042164183295e-01,7.680069867276149154e-01
-1.367490449059705349e-01,8.201230722455256084e-01
-1.207133262850749594e-01,8.842659467291078546e-01
-7.260617042238821928e-02,9.644445398335858011e-01
-4.454366283582095187e-02,1.032596343972391972e+00
1.959921164776136371e-02,1.116783866732093733e+00
7.171529716567200119e-02,1.172908881905228240e+00
1.599117495805977007e-01,1.245069615699258447e+00
2.280635537194038998e-01,1.285158912251497254e+00
3.242778654447773801e-01,1.333266068114184133e+00
4.004475288940314015e-01,1.349301786735079611e+00
4.966618406194048818e-01,1.365337505355975312e+00
5.728315040686589033e-01,1.353310716390303536e+00
6.490011675179128137e-01,1.333266068114184133e+00
7.011172530358235067e-01,1.277141052941049626e+00
7.452154792432863495e-01,1.217007108112691194e+00
7.572422682089580137e-01,1.120792796387317658e+00
7.532333385537340886e-01,1.008542766041048644e+00
7.091351123462712458e-01,8.722391577634361903e-01
6.449922378626889996e-01,7.279176901753759976e-01
5.487779261373154638e-01,5.595426446559723654e-01
4.405368254462703193e-01,3.911675991365687888e-01
3.002242875134339961e-01,2.227925536171652121e-01
1.438760309597021114e-01,5.040857844253773118e-02
-1.247222559402979408e-02,-1.179664670768658524e-01
-1.728294118029855830e-01,-2.863415125962694430e-01
-3.331865980119413928e-01,-4.346719098395535608e-01
-4.775080656000015855e-01,-5.629576588067182197e-01
-6.017848849119423749e-01,-6.752076891529872338e-01
-6.979991966373157997e-01,-7.674130712231368445e-01
-7.741688600865698211e-01,-8.395738050171669409e-01
-8.182670862940326639e-01,-8.956988201903014479e-01
-8.423206642253759924e-01,-9.438059760529882158e-01
-8.423206642253759924e-01,-9.438059760529882158e-01
-8.142581566388087388e-01,-9.919131319156749838e-01
-7.781777897417937462e-01,-1.007948850536570573e+00
-7.340795635343309034e-01,-1.027993498812689976e+00
-6.699366890507485461e-01,-1.040020287778361752e+00
-6.057938145671661889e-01,-1.056056006399257230e+00
-5.175973621522405033e-01,-1.060064936054481155e+00
-4.173741207716431534e-01,-1.064073865709705080e+00
-3.051240904253741393e-01,-1.064073865709705080e+00
-1.888651304238811723e-01,-1.060064936054481155e+00
-7.260617042238821928e-02,-1.048038147088809380e+00
4.766171923432863111e-02,-1.044029217433585677e+00
1.639206792358215703e-01,-1.032002428467913901e+00
2.801796392373145372e-01,-1.011957780191794498e+00
3.563493026865685587e-01,-1.007948850536570573e+00
4.245011068253747299e-01,-9.718684836395554694e-01
4.726082626880614979e-01,-9.678595539843315443e-01
5.167064888955242852e-01,-9.558327650186598801e-01
5.567957854477633139e-01,-9.438059760529882158e-01
