-1.992872741861906327e-01,-1.186256775087937809e+00
-1.992872741861906327e-01,-1.186256775087937809e+00
-1.351443997026083033e-01,-1.158194267501370556e+00
-1.351443997026083033e-01,-1.158194267501370556e+00
-2.690329901156314832e-02,-1.162203197156594481e+00
4.926636443769085577e-02,-1.182247845432713884e+00
1.575074651287360072e-01,-1.170221056467042331e+00
2.737664251302289742e-01,-1.162203197156594481e+00
3.940343147869458384e-01,-1.158194267501370556e+00
5.022754154779909275e-01,-1.150176408190922928e+00
6.065075865138122024e-01,-1.134140689570027227e+00
7.388022651362007309e-01,-1.110087111638683899e+00
7.388022651362007309e-01,-1.110087111638683899e+00
8.670880141033654454e-01,-1.074006744741668795e+00
8.670880141033654454e-01,-1.074006744741668795e+00
