1.375000000000000000e+03,-7.190000000000000000e+02
1.367000000000000000e+03,-7.320000000000000000e+02
1.364000000000000000e+03,-7.480000000000000000e+02
1.351000000000000000e+03,-7.820000000000000000e+02
1.336000000000000000e+03,-8.180000000000000000e+02
1.324000000000000000e+03,-8.580000000000000000e+02
1.301000000000000000e+03,-9.010000000000000000e+02
1.305000000000000000e+03,-9.160000000000000000e+02
1.301000000000000000e+03,-9.430000000000000000e+02
1.327000000000000000e+03,-9.480000000000000000e+02
