8.994580353720521559e-01,6.952455883892831867e-01
8.994580353720521559e-01,6.952455883892831867e-01
8.272973015780219486e-01,6.511473621818203439e-01
7.912169346810069559e-01,6.711920104579397472e-01
7.391008491630962629e-01,6.832187994236115225e-01
6.749579746795140167e-01,7.072723773549548509e-01
6.027972408854839204e-01,7.433527442519699546e-01
5.105918588153343096e-01,7.593884628728655439e-01
4.223954064004086240e-01,8.074956187355522008e-01
2.941096574332439650e-01,8.235313373564477901e-01
1.778506974317510259e-01,8.556027745982389687e-01
3.352922984369079845e-02,8.435759856325673045e-01
-1.027743784339216343e-01,8.195224077012238650e-01
-2.591226349876535329e-01,7.593884628728655439e-01
-3.954262432652659309e-01,6.711920104579397472e-01
-5.397477108533261791e-01,5.429062614907751438e-01
-6.600156005100430434e-01,4.025937235579388207e-01
-7.642477715458643184e-01,2.221918890728635798e-01
-8.404174349951183398e-01,3.377219527734050958e-02
-8.885245908578049967e-01,-1.666742874838542388e-01
-9.005513798234767719e-01,-3.631118405898250967e-01
-8.805067315473572576e-01,-5.635583233510198520e-01
-8.243817163742227505e-01,-7.279244392151995591e-01
-7.321763343040731398e-01,-8.642280474928119016e-01
-6.078995149921323504e-01,-9.724691481838571017e-01
-4.595691177488482881e-01,-1.060665600598782898e+00
-2.911940722294447115e-01,-1.112781686116693480e+00
-9.074758946824994232e-02,-1.132826334392812884e+00
9.366317467204922365e-02,-1.132826334392812884e+00
2.901007277780200955e-01,-1.128817404737588959e+00
5.025739995048864595e-01,-1.084719178530126227e+00
6.589222560586184274e-01,-1.060665600598782898e+00
8.192794422675742094e-01,-1.016567374391319944e+00
