6.950000000000000000e+02,-5.910000000000000000e+02
6.950000000000000000e+02,-5.910000000000000000e+02
6.860000000000000000e+02,-5.760000000000000000e+02
6.690000000000000000e+02,-5.790000000000000000e+02
6.490000000000000000e+02,-5.880000000000000000e+02
6.290000000000000000e+02,-6.040000000000000000e+02
6.050000000000000000e+02,-6.310000000000000000e+02
5.870000000000000000e+02,-6.520000000000000000e+02
5.620000000000000000e+02,-6.830000000000000000e+02
5.440000000000000000e+02,-7.050000000000000000e+02
