7.090000000000000000e+02,-1.287000000000000000e+03
6.830000000000000000e+02,-1.298000000000000000e+03
6.830000000000000000e+02,-1.298000000000000000e+03
6.530000000000000000e+02,-1.302000000000000000e+03
6.530000000000000000e+02,-1.302000000000000000e+03
6.330000000000000000e+02,-1.311000000000000000e+03
6.330000000000000000e+02,-1.311000000000000000e+03
6.330000000000000000e+02,-1.311000000000000000e+03
6.330000000000000000e+02,-1.311000000000000000e+03
6.680000000000000000e+02,-1.313000000000000000e+03
6.960000000000000000e+02,-1.310000000000000000e+03
7.340000000000000000e+02,-1.304000000000000000e+03
7.730000000000000000e+02,-1.299000000000000000e+03
8.190000000000000000e+02,-1.292000000000000000e+03
8.620000000000000000e+02,-1.287000000000000000e+03
9.060000000000000000e+02,-1.280000000000000000e+03
9.470000000000000000e+02,-1.277000000000000000e+03
9.830000000000000000e+02,-1.272000000000000000e+03
1.016000000000000000e+03,-1.266000000000000000e+03
1.042000000000000000e+03,-1.266000000000000000e+03
1.069000000000000000e+03,-1.263000000000000000e+03
1.087000000000000000e+03,-1.263000000000000000e+03
1.087000000000000000e+03,-1.263000000000000000e+03
1.116000000000000000e+03,-1.258000000000000000e+03
1.116000000000000000e+03,-1.258000000000000000e+03
1.116000000000000000e+03,-1.258000000000000000e+03
