-8.302363995657219276e-02,1.885490141069818604e+00
-8.302363995657219276e-02,1.885490141069818604e+00
-2.689862478343766489e-02,1.885490141069818604e+00
4.526210901059244535e-02,1.873463352104147051e+00
1.695389283225331722e-01,1.861436563138475275e+00
3.178693255658173178e-01,1.849409774172803722e+00
4.822354414299969694e-01,1.817338336931012543e+00
6.947087131568634444e-01,1.817338336931012543e+00
8.751105476419387408e-01,1.785266899689221365e+00
1.071548100747909515e+00,1.789275829344445290e+00
