5.048927348390682551e-02,2.981714056610008101e-01
5.048927348390682551e-02,2.981714056610008101e-01
-6.176075686236223022e-02,2.741178277296574262e-01
-1.218947016907206554e-01,2.380374608326423502e-01
-1.940554354847507657e-01,1.859213753147317405e-01
-2.541893803131091700e-01,1.017338525550299383e-01
-3.022965361757959379e-01,1.754632979532814302e-02
-3.463947623832587808e-01,-9.069477089571702233e-02
-3.824751292802738289e-01,-2.069537308972099754e-01
-4.225644258325127467e-01,-3.151948315882551199e-01
-4.506269334190800557e-01,-4.314537915897481146e-01
-4.706715816951995146e-01,-5.477127515912409983e-01
-4.907162299713189735e-01,-6.439270633166145341e-01
-5.107608782474384324e-01,-7.361324453867641449e-01
-5.267965968683340217e-01,-8.082931791807942412e-01
-5.388233858340056859e-01,-8.483824757330331590e-01
-5.388233858340056859e-01,-8.483824757330331590e-01
-5.388233858340056859e-01,-8.483824757330331590e-01
-5.388233858340056859e-01,-8.483824757330331590e-01
-5.107608782474384324e-01,-7.601860233181074733e-01
-4.867073003160951039e-01,-6.679806412479578626e-01
-4.586447927295278504e-01,-5.557306109016888485e-01
-4.305822851429605413e-01,-4.194270026240763949e-01
-4.025197775563932878e-01,-2.791144646912400717e-01
-3.824751292802738289e-01,-1.388019267584037486e-01
-3.784661996250499039e-01,-1.452510744646301824e-02
-3.864840589354976985e-01,8.168920427891046554e-02
-4.145465665220650076e-01,1.658767270386122539e-01
-4.466180037638561307e-01,2.139838829012989940e-01
-4.867073003160951039e-01,2.380374608326423502e-01
-5.227876672131100966e-01,2.340285311774184807e-01
-5.668858934205729394e-01,1.939392346251795074e-01
-5.949484010071403040e-01,1.538499380729405619e-01
-6.190019789384836324e-01,8.970706358935824631e-02
-6.190019789384836324e-01,2.957311876099982806e-02
-6.069751899728119682e-01,-3.857868537780638485e-02
-5.708948230757968645e-01,-9.069477089571702233e-02
-5.067519485922146183e-01,-1.388019267584037486e-01
-4.345912147981844664e-01,-1.628555046897471326e-01
-3.263501141071393219e-01,-1.588465750345232352e-01
-2.141000837608702245e-01,-1.388019267584037486e-01
-7.779647548325781259e-02,-8.668584124049312500e-02
5.850713279435462016e-02,-1.452510744646301824e-02
1.948107410719670529e-01,9.371599324458214364e-02
3.230964900391316563e-01,2.019570939356273021e-01
4.313375907301768564e-01,3.342517725580158583e-01
5.155251134898786169e-01,4.705553808356282564e-01
5.796679879734609742e-01,5.908232704923450651e-01
6.197572845256998919e-01,6.990643711833902652e-01
6.398019328018194063e-01,7.912697532535398759e-01
6.478197921122671454e-01,8.634304870475699722e-01
6.398019328018194063e-01,9.115376429102567402e-01
6.398019328018194063e-01,9.115376429102567402e-01
6.398019328018194063e-01,9.115376429102567402e-01
6.398019328018194063e-01,9.115376429102567402e-01
6.277751438361477421e-01,8.594215573923460472e-01
6.398019328018194063e-01,7.912697532535398759e-01
6.478197921122671454e-01,6.990643711833902652e-01
6.678644403883866598e-01,5.828054111818973260e-01
6.879090886645060632e-01,4.465018029042848724e-01
7.119626665958495026e-01,2.981714056610008101e-01
7.239894555615211669e-01,1.338052897968211030e-01
7.520519631480884204e-01,-3.857868537780638485e-02
7.761055410794318599e-01,-2.189805198628816674e-01
7.921412597003273381e-01,-3.833466357270613467e-01
8.041680486659991134e-01,-5.396948922807932592e-01
8.482662748734619562e-01,-6.599627819375101234e-01
8.643019934943575455e-01,-7.842396012494508017e-01
9.204270086674920526e-01,-8.523914053882570840e-01
