9.890000000000000000e+02,-6.010000000000000000e+02
9.750000000000000000e+02,-6.060000000000000000e+02
9.860000000000000000e+02,-5.910000000000000000e+02
9.860000000000000000e+02,-5.910000000000000000e+02
1.007000000000000000e+03,-5.730000000000000000e+02
1.031000000000000000e+03,-5.550000000000000000e+02
1.048000000000000000e+03,-5.520000000000000000e+02
1.076000000000000000e+03,-5.370000000000000000e+02
1.093000000000000000e+03,-5.440000000000000000e+02
1.113000000000000000e+03,-5.530000000000000000e+02
1.120000000000000000e+03,-5.790000000000000000e+02
1.129000000000000000e+03,-6.060000000000000000e+02
1.131000000000000000e+03,-6.450000000000000000e+02
1.132000000000000000e+03,-6.800000000000000000e+02
1.134000000000000000e+03,-7.140000000000000000e+02
1.138000000000000000e+03,-7.480000000000000000e+02
1.144000000000000000e+03,-7.730000000000000000e+02
1.155000000000000000e+03,-7.910000000000000000e+02
1.168000000000000000e+03,-8.000000000000000000e+02
1.186000000000000000e+03,-8.050000000000000000e+02
1.206000000000000000e+03,-8.050000000000000000e+02
1.226000000000000000e+03,-8.030000000000000000e+02
1.245000000000000000e+03,-8.000000000000000000e+02
1.245000000000000000e+03,-8.000000000000000000e+02
1.271000000000000000e+03,-7.930000000000000000e+02
1.289000000000000000e+03,-7.850000000000000000e+02
1.289000000000000000e+03,-7.850000000000000000e+02
1.313000000000000000e+03,-7.510000000000000000e+02
