-5.821758834481732814e-01,1.658287143757558368e+00
-5.821758834481732814e-01,1.658287143757558368e+00
-6.423098282765317135e-01,1.658287143757558368e+00
-6.423098282765317135e-01,1.658287143757558368e+00
-6.423098282765317135e-01,1.658287143757558368e+00
-6.423098282765317135e-01,1.658287143757558368e+00
-6.423098282765317135e-01,1.658287143757558368e+00
-6.423098282765317135e-01,1.658287143757558368e+00
-6.423098282765317135e-01,1.658287143757558368e+00
-6.423098282765317135e-01,1.658287143757558368e+00
-5.821758834481732814e-01,1.646260354791886593e+00
-5.821758834481732814e-01,1.646260354791886593e+00
-5.260508682750387743e-01,1.694367510654573472e+00
-5.260508682750387743e-01,1.694367510654573472e+00
