-6.864007121219887209e-01,5.825797133584984522e-01
-6.222578376384063636e-01,6.266779395659614060e-01
-5.661328224652718566e-01,6.186600802555135559e-01
-4.498738624637789174e-01,6.306868692211852201e-01
-3.416327617727337729e-01,6.186600802555135559e-01
-1.933023645294496551e-01,6.266779395659614060e-01
-4.096303763094163997e-02,6.146511506002896308e-01
1.153852189227902586e-01,5.946065023241702274e-01
2.597066865108504929e-01,5.705529243928267880e-01
3.879924354780150964e-01,5.464993464614834595e-01
5.162781844451796998e-01,5.224457685301401311e-01
5.643853403078664677e-01,4.703296830122294381e-01
6.646085816884638175e-01,4.823564719779011578e-01
6.646085816884638175e-01,4.823564719779011578e-01
