-8.052092867054194691e-01,1.156463595148520263e+00
-8.052092867054194691e-01,1.156463595148520263e+00
-8.653432315337777903e-01,1.144436806182848709e+00
-8.653432315337777903e-01,1.144436806182848709e+00
-7.851646384292999548e-01,1.156463595148520263e+00
-7.049860453248220082e-01,1.156463595148520263e+00
-5.726913667024334798e-01,1.176508243424639888e+00
-4.283698991143732870e-01,1.180517173079863591e+00
-2.359412756636263264e-01,1.212588610321654770e+00
-2.346800393675991039e-02,1.228624328942550470e+00
2.050409864110021019e-01,1.260695766184341648e+00
4.094963988274207267e-01,1.288758273770908902e+00
6.219696705542872017e-01,1.308802922047028305e+00
8.023715050393624981e-01,1.324838640667924006e+00
9.426840429721987658e-01,1.336865429633595559e+00
1.050925143663243855e+00,1.344883288944043409e+00
1.123085877457274062e+00,1.336865429633595559e+00
1.123085877457274062e+00,1.336865429633595559e+00
1.123085877457274062e+00,1.336865429633595559e+00
1.123085877457274062e+00,1.336865429633595559e+00
1.123085877457274062e+00,1.336865429633595559e+00
9.667376209035420942e-01,1.312811851702252230e+00
8.705233091781686694e-01,1.336865429633595559e+00
