-9.818892282151032713e-01,8.818792277736138274e-01
-9.818892282151032713e-01,8.818792277736138274e-01
-9.818892282151032713e-01,8.818792277736138274e-01
-9.818892282151032713e-01,8.818792277736138274e-01
-1.025987454422566225e+00,9.580488912228678489e-01
-1.025987454422566225e+00,9.580488912228678489e-01
-1.025987454422566225e+00,9.580488912228678489e-01
-1.013960665456894450e+00,1.030209625016897945e+00
-1.013960665456894450e+00,1.030209625016897945e+00
-1.013960665456894450e+00,1.030209625016897945e+00
-1.013960665456894450e+00,1.030209625016897945e+00
-1.009951735801670525e+00,1.094352499500480302e+00
-1.009951735801670525e+00,1.094352499500480302e+00
-1.009951735801670525e+00,1.094352499500480302e+00
-1.034005313733013853e+00,1.146468585018390884e+00
-1.034005313733013853e+00,1.146468585018390884e+00
-1.034005313733013853e+00,1.146468585018390884e+00
-1.046032102698685629e+00,1.214620389157197167e+00
-1.046032102698685629e+00,1.214620389157197167e+00
-1.046032102698685629e+00,1.214620389157197167e+00
-1.046032102698685629e+00,1.214620389157197167e+00
-1.046032102698685629e+00,1.214620389157197167e+00
-1.046032102698685629e+00,1.214620389157197167e+00
-1.050041032353909554e+00,1.266736474675107749e+00
-1.050041032353909554e+00,1.266736474675107749e+00
-1.050041032353909554e+00,1.266736474675107749e+00
-1.050041032353909554e+00,1.266736474675107749e+00
-1.050041032353909554e+00,1.266736474675107749e+00
-1.050041032353909554e+00,1.214620389157197167e+00
-1.050041032353909554e+00,1.214620389157197167e+00
-1.025987454422566225e+00,1.130432866397495406e+00
-9.979249468359988606e-01,1.050254273293017571e+00
-9.698624392494316071e-01,9.420131726019722596e-01
-9.217552833867448392e-01,8.217452829452555063e-01
-8.736481275240580713e-01,6.573791670810757992e-01
-8.014873937300279749e-01,4.769773325960005028e-01
-7.293266599359978786e-01,2.725219201795818780e-01
-6.531569964867438571e-01,3.599507052137205371e-02
-5.729784033822660216e-01,-2.125585681025094209e-01
-4.887908806225642055e-01,-4.651211363816148414e-01
-4.086122875180863145e-01,-7.377283529368396930e-01
-3.324426240688322931e-01,-1.010335569492064600e+00
-2.723086792404738610e-01,-1.274924926736841657e+00
-2.242015233777871486e-01,-1.535505354326394789e+00
-1.801032971703243057e-01,-1.772032203984604593e+00
-1.440229302733092576e-01,-1.972478686745799292e+00
-1.199693523419658736e-01,-2.152880521230874589e+00
-9.591577441062250353e-02,-2.289184129508487153e+00
-8.388898544495082543e-02,-2.405443089509979870e+00
-7.186219647927914733e-02,-2.485621682614457928e+00
-5.983540751360745535e-02,-2.537737768132368288e+00
-5.983540751360745535e-02,-2.537737768132368288e+00
-3.578182958226408528e-02,-2.597871712960726942e+00
-3.578182958226408528e-02,-2.597871712960726942e+00
-3.578182958226408528e-02,-2.597871712960726942e+00
-3.578182958226408528e-02,-2.597871712960726942e+00
-3.578182958226408528e-02,-2.597871712960726942e+00
-3.578182958226408528e-02,-2.597871712960726942e+00
2.034318559087044259e-02,-2.549764557098040285e+00
4.439676352221381267e-02,-2.497648471580129481e+00
7.245927110878107313e-02,-2.429496667441323421e+00
1.165574973162439160e-01,-2.341300215026397513e+00
1.686735828341545673e-01,-2.229050184680128499e+00
2.328164573177368690e-01,-2.092746576402515934e+00
3.049771911117669654e-01,-1.936398319848784189e+00
3.891647138714687815e-01,-1.747978626053261264e+00
4.773611662863944671e-01,-1.531496424671170864e+00
5.815933373222157421e-01,-1.282942786047289285e+00
7.098790862893803455e-01,-1.010335569492064600e+00
8.421737649117688740e-01,-7.337194232816157680e-01
9.744684435341574025e-01,-4.370586287950475324e-01
1.106763122156545931e+00,-1.564335529293749139e-01
1.227031011813262795e+00,1.201825932810738490e-01
1.343289971814755734e+00,3.807630208706270225e-01
1.435495353884905345e+00,5.892273629422695169e-01
1.519682876644607106e+00,7.736381270825687384e-01
1.567790032507293985e+00,9.179595946706289311e-01
1.603870399404308866e+00,1.030209625016897945e+00
1.627923977335652195e+00,1.118406077431823631e+00
1.639950766301323970e+00,1.178540022260182063e+00
1.639950766301323970e+00,1.178540022260182063e+00
1.651977555266995745e+00,1.238673967088540495e+00
1.651977555266995745e+00,1.238673967088540495e+00
1.651977555266995745e+00,1.238673967088540495e+00
1.651977555266995745e+00,1.238673967088540495e+00
1.651977555266995745e+00,1.238673967088540495e+00
1.651977555266995745e+00,1.238673967088540495e+00
1.651977555266995745e+00,1.238673967088540495e+00
1.651977555266995745e+00,1.238673967088540495e+00
1.651977555266995745e+00,1.238673967088540495e+00
1.651977555266995745e+00,1.238673967088540495e+00
1.651977555266995745e+00,1.238673967088540495e+00
1.651977555266995745e+00,1.178540022260182063e+00
1.651977555266995745e+00,1.178540022260182063e+00
