3.960000000000000000e+02,-1.694000000000000000e+03
3.960000000000000000e+02,-1.694000000000000000e+03
3.960000000000000000e+02,-1.694000000000000000e+03
3.960000000000000000e+02,-1.694000000000000000e+03
3.960000000000000000e+02,-1.694000000000000000e+03
3.470000000000000000e+02,-1.763000000000000000e+03
3.470000000000000000e+02,-1.763000000000000000e+03
3.470000000000000000e+02,-1.763000000000000000e+03
3.470000000000000000e+02,-1.763000000000000000e+03
3.470000000000000000e+02,-1.763000000000000000e+03
3.470000000000000000e+02,-1.763000000000000000e+03
3.470000000000000000e+02,-1.763000000000000000e+03
3.470000000000000000e+02,-1.763000000000000000e+03
3.470000000000000000e+02,-1.763000000000000000e+03
3.470000000000000000e+02,-1.763000000000000000e+03
3.470000000000000000e+02,-1.763000000000000000e+03
3.470000000000000000e+02,-1.763000000000000000e+03
3.470000000000000000e+02,-1.763000000000000000e+03
3.470000000000000000e+02,-1.763000000000000000e+03
3.470000000000000000e+02,-1.763000000000000000e+03
3.470000000000000000e+02,-1.763000000000000000e+03
3.470000000000000000e+02,-1.763000000000000000e+03
3.470000000000000000e+02,-1.763000000000000000e+03
3.780000000000000000e+02,-1.686000000000000000e+03
3.780000000000000000e+02,-1.686000000000000000e+03
3.990000000000000000e+02,-1.622000000000000000e+03
3.990000000000000000e+02,-1.622000000000000000e+03
4.340000000000000000e+02,-1.524000000000000000e+03
4.340000000000000000e+02,-1.524000000000000000e+03
4.820000000000000000e+02,-1.403000000000000000e+03
5.070000000000000000e+02,-1.340000000000000000e+03
5.320000000000000000e+02,-1.278000000000000000e+03
5.560000000000000000e+02,-1.216000000000000000e+03
5.560000000000000000e+02,-1.216000000000000000e+03
6.050000000000000000e+02,-1.103000000000000000e+03
6.050000000000000000e+02,-1.103000000000000000e+03
6.420000000000000000e+02,-1.004000000000000000e+03
6.420000000000000000e+02,-1.004000000000000000e+03
6.600000000000000000e+02,-9.280000000000000000e+02
6.600000000000000000e+02,-9.280000000000000000e+02
6.600000000000000000e+02,-9.280000000000000000e+02
6.770000000000000000e+02,-8.650000000000000000e+02
6.770000000000000000e+02,-8.650000000000000000e+02
6.770000000000000000e+02,-8.650000000000000000e+02
6.770000000000000000e+02,-8.650000000000000000e+02
6.770000000000000000e+02,-8.650000000000000000e+02
6.770000000000000000e+02,-8.650000000000000000e+02
6.770000000000000000e+02,-8.650000000000000000e+02
6.770000000000000000e+02,-8.650000000000000000e+02
6.770000000000000000e+02,-8.650000000000000000e+02
6.770000000000000000e+02,-8.650000000000000000e+02
6.770000000000000000e+02,-8.650000000000000000e+02
6.770000000000000000e+02,-8.650000000000000000e+02
6.770000000000000000e+02,-8.650000000000000000e+02
6.770000000000000000e+02,-8.650000000000000000e+02
7.160000000000000000e+02,-9.250000000000000000e+02
7.160000000000000000e+02,-9.250000000000000000e+02
7.450000000000000000e+02,-9.900000000000000000e+02
7.450000000000000000e+02,-9.900000000000000000e+02
7.780000000000000000e+02,-1.076000000000000000e+03
7.780000000000000000e+02,-1.076000000000000000e+03
8.260000000000000000e+02,-1.177000000000000000e+03
8.260000000000000000e+02,-1.177000000000000000e+03
8.680000000000000000e+02,-1.281000000000000000e+03
8.680000000000000000e+02,-1.281000000000000000e+03
9.060000000000000000e+02,-1.371000000000000000e+03
9.060000000000000000e+02,-1.371000000000000000e+03
9.380000000000000000e+02,-1.436000000000000000e+03
9.380000000000000000e+02,-1.436000000000000000e+03
9.380000000000000000e+02,-1.436000000000000000e+03
9.380000000000000000e+02,-1.436000000000000000e+03
9.380000000000000000e+02,-1.436000000000000000e+03
1.015000000000000000e+03,-1.457000000000000000e+03
1.015000000000000000e+03,-1.457000000000000000e+03
1.015000000000000000e+03,-1.457000000000000000e+03
1.072000000000000000e+03,-1.390000000000000000e+03
1.072000000000000000e+03,-1.390000000000000000e+03
1.106000000000000000e+03,-1.326000000000000000e+03
1.106000000000000000e+03,-1.326000000000000000e+03
1.149000000000000000e+03,-1.249000000000000000e+03
1.149000000000000000e+03,-1.249000000000000000e+03
1.185000000000000000e+03,-1.163000000000000000e+03
1.185000000000000000e+03,-1.163000000000000000e+03
1.224000000000000000e+03,-1.070000000000000000e+03
1.224000000000000000e+03,-1.070000000000000000e+03
1.266000000000000000e+03,-9.830000000000000000e+02
1.266000000000000000e+03,-9.830000000000000000e+02
1.293000000000000000e+03,-9.130000000000000000e+02
1.293000000000000000e+03,-9.130000000000000000e+02
1.293000000000000000e+03,-9.130000000000000000e+02
1.342000000000000000e+03,-8.520000000000000000e+02
1.342000000000000000e+03,-8.520000000000000000e+02
1.342000000000000000e+03,-8.520000000000000000e+02
1.342000000000000000e+03,-8.520000000000000000e+02
1.342000000000000000e+03,-8.520000000000000000e+02
1.342000000000000000e+03,-8.520000000000000000e+02
1.342000000000000000e+03,-8.520000000000000000e+02
1.342000000000000000e+03,-8.520000000000000000e+02
1.372000000000000000e+03,-9.120000000000000000e+02
1.372000000000000000e+03,-9.120000000000000000e+02
1.393000000000000000e+03,-9.920000000000000000e+02
1.393000000000000000e+03,-9.920000000000000000e+02
1.423000000000000000e+03,-1.109000000000000000e+03
1.440000000000000000e+03,-1.180000000000000000e+03
1.461000000000000000e+03,-1.255000000000000000e+03
1.482000000000000000e+03,-1.329000000000000000e+03
1.500000000000000000e+03,-1.402000000000000000e+03
1.520000000000000000e+03,-1.468000000000000000e+03
1.520000000000000000e+03,-1.468000000000000000e+03
1.574000000000000000e+03,-1.573000000000000000e+03
1.574000000000000000e+03,-1.573000000000000000e+03
1.618000000000000000e+03,-1.641000000000000000e+03
1.618000000000000000e+03,-1.641000000000000000e+03
1.618000000000000000e+03,-1.641000000000000000e+03
1.663000000000000000e+03,-1.705000000000000000e+03
1.663000000000000000e+03,-1.705000000000000000e+03
1.663000000000000000e+03,-1.705000000000000000e+03
