-7.361224280712842516e-01,9.766582073847179801e-01
-6.679706239324780803e-01,1.048818941178748076e+00
-6.238723977250152375e-01,1.072872519110091405e+00
-5.436938046205372910e-01,1.096926097041434733e+00
-4.394616335847160160e-01,1.133006463938449837e+00
-3.392383922041186661e-01,1.108952886007106509e+00
-1.909079949608345483e-01,1.108952886007106509e+00
-4.658652737277433481e-02,1.072872519110091405e+00
1.177795884914053515e-01,1.040801081868300226e+00
2.661099857346894693e-01,9.806671370399419052e-01
4.344850312540930459e-01,9.165242625563595480e-01
5.908332878078249584e-01,8.243188804862099373e-01
7.471815443615568153e-01,7.240956391056125874e-01
8.754672933287215297e-01,6.078366791041196482e-01
9.877173236749905438e-01,4.835598597921788588e-01
1.071904846434692304e+00,3.472562515145664608e-01
1.144065580228722512e+00,2.109526432369540350e-01
1.184154876780961319e+00,6.663117564889381450e-02
1.200190595401857019e+00,-6.566350297349471399e-02
1.176137017470513690e+00,-2.099849705615549345e-01
1.120012002297379183e+00,-3.382707195287195656e-01
1.031815549882453498e+00,-4.625475388406602995e-01
9.315923085018560368e-01,-5.788064988421532941e-01
8.073154891899152474e-01,-6.870475995331983832e-01
6.549761622914073156e-01,-7.952887002242435832e-01
4.825921871167798138e-01,-8.955119416048409331e-01
3.102082119421523121e-01,-9.877173236749905438e-01
1.298063774570770434e-01,-1.059878057469020751e+00
-3.455973840710264977e-02,-1.124020931952602886e+00
-1.868990653056106510e-01,-1.168119158160065840e+00
-3.392383922041186661e-01,-1.208208454712304869e+00
-4.474794928951638107e-01,-1.224244173333200347e+00
-5.637384528966568054e-01,-1.252306680919767601e+00
-6.278813273802390515e-01,-1.236270962298872123e+00
-6.719795535877018944e-01,-1.240279891954095826e+00
-6.719795535877018944e-01,-1.240279891954095826e+00
-6.719795535877018944e-01,-1.240279891954095826e+00
