-6.345713651624133866e-02,1.348899330834019139e+00
-4.742141789534576324e-02,1.425068994283273049e+00
-1.534998065355460198e-02,1.505247587387751107e+00
6.857379673409773509e-04,1.553354743250437764e+00
1.672145658823655581e-02,1.593444039802676793e+00
1.672145658823655581e-02,1.593444039802676793e+00
1.672145658823655581e-02,1.593444039802676793e+00
8.703597277788766365e-03,1.525292235663870510e+00
-4.742141789534576324e-02,1.392997557041481871e+00
-9.953750341325640072e-02,1.224622511522078350e+00
-1.997607447938537784e-01,9.840867322086447322e-01
-2.999839861744511560e-01,7.275152342743154144e-01
-4.443054537625113487e-01,4.108097915116277199e-01
-5.766001323848999327e-01,1.021222080593878062e-01
-7.249305296281840505e-01,-2.226010940137476690e-01
-8.492073489401247288e-01,-5.072350995346441849e-01
-9.694752385968415931e-01,-7.678155271241974278e-01
-1.061680620666991093e+00,-9.602441505749443884e-01
-1.133841354461021300e+00,-1.108574547818228506e+00
-1.165912791702812479e+00,-1.208797789198825745e+00
-1.185957439978931882e+00,-1.252896015406288699e+00
-1.185957439978931882e+00,-1.252896015406288699e+00
-1.161903862047588554e+00,-1.208797789198825745e+00
-1.129832424805797375e+00,-1.128619196094347910e+00
-1.085734198598334643e+00,-1.004342376782407120e+00
-1.025600253769976211e+00,-8.560119795391231134e-01
-9.454216606654982646e-01,-6.756101450540478170e-01
-8.411894896296769897e-01,-4.671458029824052671e-01
-7.209215999729601254e-01,-2.266100236689715663e-01
-5.806090620401237468e-01,3.397040392058159330e-02
-4.082250868654963005e-01,2.985597611653586503e-01
-2.198053930699732372e-01,5.551312590996879681e-01
-7.332121343106812530e-03,7.836402494474499214e-01
2.051411503837596295e-01,9.880956618638685462e-01
4.136054924554021794e-01,1.152461777728048364e+00
6.100430455613730096e-01,1.272729667384765229e+00
7.824270207360004559e-01,1.328854682557899736e+00
9.267484883240606486e-01,1.332863612213123439e+00
1.030980659359882035e+00,1.280747526695212857e+00
1.079087815222568691e+00,1.188542144625063246e+00
1.075078885567344766e+00,1.052238536347450903e+00
1.022962800049434184e+00,8.918813501384951214e-01
9.147216993583889844e-01,7.034616563429720859e-01
7.744091614255527167e-01,5.110330328922251253e-01
6.140519752165969347e-01,3.226133390967020342e-01
4.456769296971933025e-01,1.542382935772984298e-01
2.813108138330135954e-01,1.392575564446211882e-02
1.409982759001773001e-01,-1.023332043570308325e-01
4.077503451957992936e-02,-1.785028678062848262e-01
-1.534998065355460198e-02,-2.185921643585237995e-01
-1.534998065355460198e-02,-2.185921643585237995e-01
5.681075314047550479e-02,-1.985475160824043128e-01
1.570339945210728894e-01,-1.584582195301653673e-01
2.853197434882375205e-01,-1.183689229779264079e-01
4.376590703867455079e-01,-7.827962642568746243e-02
5.980162565957013454e-01,-5.422604849434409235e-02
7.583734428046571274e-01,-5.021711883912020197e-02
9.067038400479412452e-01,-7.427069677046356511e-02
1.018953870394210259e+00,-1.303957119435980860e-01
1.095123533843464392e+00,-2.226010940137476690e-01
1.131203900740479273e+00,-3.468779133256884029e-01
1.127194971085255348e+00,-4.831815216033008564e-01
1.067061026256896916e+00,-6.475476374674805635e-01
9.708467145315236024e-01,-8.038958940212124205e-01
8.185073876330155596e-01,-9.642530802301682025e-01
6.461234124583881133e-01,-1.092538829197332806e+00
4.456769296971933025e-01,-1.216815648509273595e+00
2.332036579703268830e-01,-1.288976382303303803e+00
1.271252693301266196e-02,-1.333074608510766534e+00
-1.957518151386298810e-01,-1.349110327131662235e+00
-3.721447199684812523e-01,-1.329065678855542609e+00
-5.405197654878848290e-01,-1.296994241613751431e+00
-6.567787254893777682e-01,-1.208797789198825745e+00
-7.249305296281840505e-01,-1.100556688507780656e+00
-7.409662482490795288e-01,-9.522262912644965382e-01
-7.249305296281840505e-01,-7.798423160898690920e-01
