-2.473115656208757063e+00,9.254139062506723246e-01
-2.481133515519204913e+00,8.612710317670900784e-01
-2.529240671381891570e+00,7.650567200417165425e-01
-2.545276390002786826e+00,6.928959862476864462e-01
-2.565321038278906673e+00,6.207352524536563498e-01
-2.581356756899801930e+00,5.686191669357456568e-01
-2.581356756899801930e+00,5.686191669357456568e-01
-2.605410334831145480e+00,4.844316441760438963e-01
-2.605410334831145480e+00,4.844316441760438963e-01
-2.605410334831145480e+00,4.844316441760438963e-01
-2.605410334831145480e+00,4.844316441760438963e-01
-2.605410334831145480e+00,4.844316441760438963e-01
-2.553294249313234676e+00,5.004673627969394856e-01
-2.553294249313234676e+00,5.004673627969394856e-01
-2.461088867243085065e+00,5.686191669357456568e-01
-2.408972781725174706e+00,6.087084634879846856e-01
-2.308749540344577245e+00,6.768602676267908569e-01
-2.212535228619203931e+00,7.369942124551492890e-01
-2.092267338962487067e+00,8.131638759044033105e-01
-1.980017308616217830e+00,8.933424690088811460e-01
-1.851731559649053116e+00,9.855478510790307567e-01
-1.731463669992336474e+00,1.081762162804404293e+00
-1.603177921025171759e+00,1.194012193150673307e+00
-1.482910031368454895e+00,1.298244364186494693e+00
-1.386695719643081359e+00,1.394458675911868006e+00
-1.306517126538603524e+00,1.486664057982017617e+00
-1.234356392744573316e+00,1.558824791776047824e+00
-1.182240307226662734e+00,1.606931947638734481e+00
-1.182240307226662734e+00,1.606931947638734481e+00
-1.106070643777408824e+00,1.655039103501421138e+00
-1.106070643777408824e+00,1.655039103501421138e+00
-1.106070643777408824e+00,1.655039103501421138e+00
-1.065981347225169795e+00,1.574860510396943303e+00
-1.069990276880393720e+00,1.522744424879032721e+00
-1.069990276880393720e+00,1.466619409705898214e+00
-1.069990276880393720e+00,1.406485464877539782e+00
-1.065981347225169795e+00,1.330315801428285649e+00
-1.057963487914721945e+00,1.238110419358136260e+00
-1.045936698949050392e+00,1.133878248322314874e+00
-1.033909909983378617e+00,1.021628217976045860e+00
-1.021883121017707063e+00,9.013603283193289961e-01
-1.005847402396811363e+00,7.730745793521643927e-01
-9.858027541206919597e-01,6.207352524536563498e-01
-9.697670354997963704e-01,4.603780662447005678e-01
-9.457134575684529310e-01,2.879940910700730661e-01
-9.256688092923335276e-01,9.556546761932610545e-02
-9.016152313609900881e-01,-1.048810151418686359e-01
-8.775616534296467597e-01,-3.333900054896306586e-01
-8.615259348087511704e-01,-5.859525737687359959e-01
-8.494991458430795062e-01,-8.705865792896325672e-01
-8.374723568774078419e-01,-1.167247373776200803e+00
-8.374723568774078419e-01,-1.475934957228440592e+00
-8.414812865326316560e-01,-1.784622540680680602e+00
-8.535080754983034312e-01,-2.085292264822472763e+00
-8.775616534296467597e-01,-2.369926270343369445e+00
-9.136420203266618634e-01,-2.634515627588146280e+00
-9.497223872236768560e-01,-2.859015688280684309e+00
-9.858027541206919597e-01,-3.059462171041879230e+00
-1.017874191362483138e+00,-3.227837216561282752e+00
-1.053954558259498242e+00,-3.380176543459790572e+00
-1.078008136190841570e+00,-3.492426573806060031e+00
-1.102061714122184899e+00,-3.600667674497104898e+00
-1.114088503087856452e+00,-3.704899845532926062e+00
-1.126115292053528227e+00,-3.781069508982180416e+00
-1.126115292053528227e+00,-3.861248102086658029e+00
-1.126115292053528227e+00,-3.921382046915016684e+00
-1.126115292053528227e+00,-3.921382046915016684e+00
-1.130124221708752152e+00,-3.993542780709046891e+00
-1.130124221708752152e+00,-3.993542780709046891e+00
-1.130124221708752152e+00,-3.993542780709046891e+00
-1.130124221708752152e+00,-3.993542780709046891e+00
-1.130124221708752152e+00,-3.993542780709046891e+00
-1.162195658950543331e+00,-3.933408835880688237e+00
-1.182240307226662734e+00,-3.849221313120986476e+00
-1.186249236881886659e+00,-3.740980212429941165e+00
-1.198276025847558435e+00,-3.588640885531433344e+00
-1.198276025847558435e+00,-3.384185473115014720e+00
-1.194267096192334510e+00,-3.131622904835909438e+00
-1.158186729295319406e+00,-2.814917462073221799e+00
-1.102061714122184899e+00,-2.458122722758294909e+00
-1.021883121017707063e+00,-2.053220827580681362e+00
-9.256688092923335276e-01,-1.624265354471724709e+00
-8.054009196356166633e-01,-1.159229514465752953e+00
-6.771151706684520599e-01,-7.022115337702289350e-01
-5.287847734251679421e-01,-2.532114123851527676e-01
-3.764454465266598993e-01,1.677262014133562296e-01
-2.200971899729279868e-01,5.686191669357456568e-01
-6.374893341919608825e-02,9.294228359058962496e-01
8.458146382408801567e-02,1.230092560047688410e+00
2.289029314121482361e-01,1.502699776602913317e+00
3.652065396897606897e-01,1.715173048329779570e+00
5.015101479673731433e-01,1.883548093849183314e+00
6.257869672793138216e-01,2.003815983505900178e+00
7.580816459017023501e-01,2.071967787644706238e+00
8.823584652136431394e-01,2.075976717299930385e+00
9.946084955599121535e-01,2.015842772471571731e+00
1.102849596250957243e+00,1.907601671780526642e+00
1.199063907976330778e+00,1.739226626261123121e+00
1.291269290046480389e+00,1.522744424879032721e+00
1.371447883150958225e+00,1.266172926944703514e+00
1.435590757634540582e+00,9.735210621133590925e-01
1.483697913497227239e+00,6.648334786611191927e-01
1.531805069359914118e+00,3.481280358984314982e-01
1.567885436256929221e+00,2.741366348051989948e-02
1.599956873498720400e+00,-2.852828496269438907e-01
1.628019381085287653e+00,-5.979793627344076601e-01
1.652072959016630982e+00,-9.026580165314237458e-01
1.684144396258422161e+00,-1.207336670328439832e+00
1.720224763155437042e+00,-1.491970675849336292e+00
1.764322989362899996e+00,-1.752551103438889424e+00
1.804412285915139025e+00,-2.001104742062771003e+00
1.860537301088273532e+00,-2.217586943444861181e+00
1.912653386606184114e+00,-2.418033426206056102e+00
1.984814120400214099e+00,-2.586408471725459624e+00
2.069001643159916082e+00,-2.742756728279191591e+00
2.161207025230065693e+00,-2.871042477246356306e+00
2.253412407300215303e+00,-2.991310366903073170e+00
2.341608859715140767e+00,-3.119596115870237441e+00
2.445841030750961931e+00,-3.239864005526954305e+00
2.550073201786783539e+00,-3.368149754494119019e+00
2.662323232133052553e+00,-3.468372995874716480e+00
2.770564332824097420e+00,-3.572605166910537644e+00
2.894841152136038431e+00,-3.632739111738896298e+00
3.015109041792755296e+00,-3.668819478635911402e+00
3.139385861104695863e+00,-3.656792689670239405e+00
3.271680539727084280e+00,-3.596658744841881195e+00
3.420010936970368398e+00,-3.492426573806060031e+00
3.564332404558428813e+00,-3.352114035873223319e+00
3.708653872146489228e+00,-3.183738990353819798e+00
3.877028917665892749e+00,-2.999328226213520576e+00
3.981261088701713913e+00,-2.838971040004564905e+00
4.109546837668878183e+00,-2.670595994485161384e+00
4.205761149394252385e+00,-2.514247737931429416e+00
4.257877234912162301e+00,-2.385961988964264702e+00
4.265895094222610595e+00,-2.277720888273219835e+00
