8.920000000000000000e+02,-1.123000000000000000e+03
8.650000000000000000e+02,-1.114000000000000000e+03
8.650000000000000000e+02,-1.114000000000000000e+03
8.430000000000000000e+02,-1.090000000000000000e+03
8.350000000000000000e+02,-1.073000000000000000e+03
8.370000000000000000e+02,-1.050000000000000000e+03
8.400000000000000000e+02,-1.028000000000000000e+03
8.550000000000000000e+02,-9.980000000000000000e+02
8.760000000000000000e+02,-9.720000000000000000e+02
9.120000000000000000e+02,-9.370000000000000000e+02
9.500000000000000000e+02,-9.100000000000000000e+02
1.002000000000000000e+03,-8.800000000000000000e+02
1.052000000000000000e+03,-8.620000000000000000e+02
1.117000000000000000e+03,-8.420000000000000000e+02
1.177000000000000000e+03,-8.380000000000000000e+02
1.247000000000000000e+03,-8.350000000000000000e+02
1.308000000000000000e+03,-8.440000000000000000e+02
1.363000000000000000e+03,-8.610000000000000000e+02
1.405000000000000000e+03,-8.920000000000000000e+02
1.432000000000000000e+03,-9.340000000000000000e+02
1.443000000000000000e+03,-9.840000000000000000e+02
1.431000000000000000e+03,-1.043000000000000000e+03
1.403000000000000000e+03,-1.105000000000000000e+03
1.354000000000000000e+03,-1.173000000000000000e+03
1.296000000000000000e+03,-1.230000000000000000e+03
1.227000000000000000e+03,-1.286000000000000000e+03
1.170000000000000000e+03,-1.325000000000000000e+03
1.113000000000000000e+03,-1.356000000000000000e+03
1.070000000000000000e+03,-1.373000000000000000e+03
1.042000000000000000e+03,-1.384000000000000000e+03
1.022000000000000000e+03,-1.387000000000000000e+03
1.022000000000000000e+03,-1.387000000000000000e+03
1.022000000000000000e+03,-1.387000000000000000e+03
1.042000000000000000e+03,-1.393000000000000000e+03
1.057000000000000000e+03,-1.409000000000000000e+03
1.082000000000000000e+03,-1.427000000000000000e+03
1.105000000000000000e+03,-1.457000000000000000e+03
1.131000000000000000e+03,-1.486000000000000000e+03
1.155000000000000000e+03,-1.521000000000000000e+03
1.171000000000000000e+03,-1.558000000000000000e+03
1.191000000000000000e+03,-1.592000000000000000e+03
1.201000000000000000e+03,-1.631000000000000000e+03
1.203000000000000000e+03,-1.662000000000000000e+03
1.203000000000000000e+03,-1.686000000000000000e+03
1.191000000000000000e+03,-1.714000000000000000e+03
