5.370000000000000000e+02,-4.420000000000000000e+02
5.370000000000000000e+02,-4.420000000000000000e+02
5.230000000000000000e+02,-4.310000000000000000e+02
5.230000000000000000e+02,-4.310000000000000000e+02
5.230000000000000000e+02,-4.310000000000000000e+02
5.230000000000000000e+02,-4.310000000000000000e+02
5.230000000000000000e+02,-4.310000000000000000e+02
5.230000000000000000e+02,-4.310000000000000000e+02
5.230000000000000000e+02,-4.310000000000000000e+02
5.230000000000000000e+02,-4.310000000000000000e+02
5.400000000000000000e+02,-4.340000000000000000e+02
5.400000000000000000e+02,-4.340000000000000000e+02
5.560000000000000000e+02,-4.310000000000000000e+02
5.560000000000000000e+02,-4.310000000000000000e+02
5.710000000000000000e+02,-4.160000000000000000e+02
5.710000000000000000e+02,-4.160000000000000000e+02
5.790000000000000000e+02,-3.980000000000000000e+02
5.790000000000000000e+02,-3.980000000000000000e+02
5.790000000000000000e+02,-3.980000000000000000e+02
5.790000000000000000e+02,-3.980000000000000000e+02
5.790000000000000000e+02,-3.980000000000000000e+02
5.790000000000000000e+02,-3.980000000000000000e+02
5.790000000000000000e+02,-3.980000000000000000e+02
