-7.047081575475109272e-01,-9.702226524050321377e-01
-6.806545796161675987e-01,-9.181065668871215557e-01
-6.205206347878091666e-01,-8.499547627483153844e-01
-5.363331120281072950e-01,-7.777940289542851771e-01
-3.839937851295993632e-01,-6.615350689527922379e-01
-2.396723175415391149e-01,-5.733386165378665522e-01
-4.724369409079216819e-02,-4.450528675707019488e-01
1.692385072912981625e-01,-2.927135406721939614e-01
3.897296383286124044e-01,-1.844724399811487892e-01
5.821582617793593650e-01,-2.010632411696908553e-02
7.344975886778672969e-01,1.402508620919867000e-01
8.467476190241364220e-01,2.845723296800469204e-01
