1.049000000000000000e+03,-1.445000000000000000e+03
1.034000000000000000e+03,-1.441000000000000000e+03
1.030000000000000000e+03,-1.427000000000000000e+03
1.030000000000000000e+03,-1.427000000000000000e+03
1.010000000000000000e+03,-1.409000000000000000e+03
1.010000000000000000e+03,-1.409000000000000000e+03
9.930000000000000000e+02,-1.396000000000000000e+03
9.930000000000000000e+02,-1.396000000000000000e+03
9.930000000000000000e+02,-1.396000000000000000e+03
9.840000000000000000e+02,-1.379000000000000000e+03
9.840000000000000000e+02,-1.379000000000000000e+03
9.840000000000000000e+02,-1.379000000000000000e+03
9.870000000000000000e+02,-1.402000000000000000e+03
9.950000000000000000e+02,-1.417000000000000000e+03
1.004000000000000000e+03,-1.438000000000000000e+03
1.018000000000000000e+03,-1.463000000000000000e+03
1.034000000000000000e+03,-1.498000000000000000e+03
1.055000000000000000e+03,-1.536000000000000000e+03
1.075000000000000000e+03,-1.582000000000000000e+03
1.097000000000000000e+03,-1.629000000000000000e+03
1.120000000000000000e+03,-1.682000000000000000e+03
1.141000000000000000e+03,-1.736000000000000000e+03
1.158000000000000000e+03,-1.789000000000000000e+03
1.171000000000000000e+03,-1.840000000000000000e+03
1.177000000000000000e+03,-1.887000000000000000e+03
1.176000000000000000e+03,-1.926000000000000000e+03
1.165000000000000000e+03,-1.959000000000000000e+03
1.146000000000000000e+03,-1.986000000000000000e+03
1.114000000000000000e+03,-2.004000000000000000e+03
1.075000000000000000e+03,-2.015000000000000000e+03
1.031000000000000000e+03,-2.020000000000000000e+03
9.840000000000000000e+02,-2.020000000000000000e+03
9.440000000000000000e+02,-2.015000000000000000e+03
9.010000000000000000e+02,-2.015000000000000000e+03
8.730000000000000000e+02,-2.003000000000000000e+03
8.580000000000000000e+02,-1.994000000000000000e+03
8.580000000000000000e+02,-1.994000000000000000e+03
8.640000000000000000e+02,-1.974000000000000000e+03
