3.300000000000000000e+02,-7.900000000000000000e+02
3.300000000000000000e+02,-7.900000000000000000e+02
3.210000000000000000e+02,-7.690000000000000000e+02
3.210000000000000000e+02,-7.690000000000000000e+02
3.180000000000000000e+02,-7.510000000000000000e+02
3.270000000000000000e+02,-7.330000000000000000e+02
3.270000000000000000e+02,-7.330000000000000000e+02
3.450000000000000000e+02,-7.120000000000000000e+02
3.590000000000000000e+02,-7.090000000000000000e+02
3.770000000000000000e+02,-7.030000000000000000e+02
3.950000000000000000e+02,-7.060000000000000000e+02
4.170000000000000000e+02,-7.070000000000000000e+02
4.350000000000000000e+02,-7.170000000000000000e+02
4.570000000000000000e+02,-7.310000000000000000e+02
4.760000000000000000e+02,-7.510000000000000000e+02
4.940000000000000000e+02,-7.700000000000000000e+02
5.070000000000000000e+02,-7.910000000000000000e+02
5.190000000000000000e+02,-8.120000000000000000e+02
5.240000000000000000e+02,-8.350000000000000000e+02
5.250000000000000000e+02,-8.580000000000000000e+02
5.210000000000000000e+02,-8.790000000000000000e+02
5.100000000000000000e+02,-9.000000000000000000e+02
4.930000000000000000e+02,-9.190000000000000000e+02
4.710000000000000000e+02,-9.360000000000000000e+02
4.460000000000000000e+02,-9.520000000000000000e+02
4.200000000000000000e+02,-9.650000000000000000e+02
3.930000000000000000e+02,-9.730000000000000000e+02
3.670000000000000000e+02,-9.770000000000000000e+02
3.430000000000000000e+02,-9.770000000000000000e+02
3.230000000000000000e+02,-9.750000000000000000e+02
3.100000000000000000e+02,-9.680000000000000000e+02
3.100000000000000000e+02,-9.680000000000000000e+02
3.010000000000000000e+02,-9.530000000000000000e+02
3.010000000000000000e+02,-9.530000000000000000e+02
3.170000000000000000e+02,-9.420000000000000000e+02
3.350000000000000000e+02,-9.400000000000000000e+02
3.560000000000000000e+02,-9.440000000000000000e+02
3.790000000000000000e+02,-9.510000000000000000e+02
4.040000000000000000e+02,-9.650000000000000000e+02
4.300000000000000000e+02,-9.820000000000000000e+02
4.540000000000000000e+02,-1.004000000000000000e+03
4.770000000000000000e+02,-1.029000000000000000e+03
4.980000000000000000e+02,-1.055000000000000000e+03
5.140000000000000000e+02,-1.082000000000000000e+03
5.270000000000000000e+02,-1.112000000000000000e+03
5.350000000000000000e+02,-1.139000000000000000e+03
5.430000000000000000e+02,-1.163000000000000000e+03
5.470000000000000000e+02,-1.187000000000000000e+03
5.490000000000000000e+02,-1.206000000000000000e+03
5.510000000000000000e+02,-1.223000000000000000e+03
5.570000000000000000e+02,-1.235000000000000000e+03
5.610000000000000000e+02,-1.244000000000000000e+03
5.610000000000000000e+02,-1.244000000000000000e+03
5.700000000000000000e+02,-1.238000000000000000e+03
5.760000000000000000e+02,-1.224000000000000000e+03
