2.970000000000000000e+02,-1.661000000000000000e+03
3.610000000000000000e+02,-1.640000000000000000e+03
4.330000000000000000e+02,-1.620000000000000000e+03
5.250000000000000000e+02,-1.585000000000000000e+03
6.250000000000000000e+02,-1.551000000000000000e+03
7.270000000000000000e+02,-1.521000000000000000e+03
8.300000000000000000e+02,-1.485000000000000000e+03
9.290000000000000000e+02,-1.453000000000000000e+03
1.018000000000000000e+03,-1.418000000000000000e+03
1.082000000000000000e+03,-1.399000000000000000e+03
1.133000000000000000e+03,-1.373000000000000000e+03
1.156000000000000000e+03,-1.359000000000000000e+03
