9.480000000000000000e+02,-1.257000000000000000e+03
9.480000000000000000e+02,-1.257000000000000000e+03
9.440000000000000000e+02,-1.236000000000000000e+03
9.440000000000000000e+02,-1.236000000000000000e+03
9.260000000000000000e+02,-1.221000000000000000e+03
9.260000000000000000e+02,-1.221000000000000000e+03
8.940000000000000000e+02,-1.207000000000000000e+03
8.760000000000000000e+02,-1.203000000000000000e+03
8.460000000000000000e+02,-1.204000000000000000e+03
8.200000000000000000e+02,-1.204000000000000000e+03
7.840000000000000000e+02,-1.212000000000000000e+03
7.510000000000000000e+02,-1.219000000000000000e+03
7.130000000000000000e+02,-1.236000000000000000e+03
6.780000000000000000e+02,-1.254000000000000000e+03
6.420000000000000000e+02,-1.281000000000000000e+03
6.110000000000000000e+02,-1.314000000000000000e+03
5.820000000000000000e+02,-1.355000000000000000e+03
5.620000000000000000e+02,-1.399000000000000000e+03
5.460000000000000000e+02,-1.448000000000000000e+03
5.350000000000000000e+02,-1.506000000000000000e+03
5.340000000000000000e+02,-1.561000000000000000e+03
5.400000000000000000e+02,-1.619000000000000000e+03
5.560000000000000000e+02,-1.667000000000000000e+03
5.800000000000000000e+02,-1.705000000000000000e+03
6.150000000000000000e+02,-1.730000000000000000e+03
6.530000000000000000e+02,-1.751000000000000000e+03
6.990000000000000000e+02,-1.762000000000000000e+03
7.480000000000000000e+02,-1.754000000000000000e+03
7.970000000000000000e+02,-1.739000000000000000e+03
8.470000000000000000e+02,-1.706000000000000000e+03
8.920000000000000000e+02,-1.674000000000000000e+03
9.330000000000000000e+02,-1.638000000000000000e+03
9.660000000000000000e+02,-1.601000000000000000e+03
9.930000000000000000e+02,-1.555000000000000000e+03
1.012000000000000000e+03,-1.506000000000000000e+03
1.019000000000000000e+03,-1.457000000000000000e+03
1.021000000000000000e+03,-1.412000000000000000e+03
1.015000000000000000e+03,-1.370000000000000000e+03
9.960000000000000000e+02,-1.334000000000000000e+03
9.770000000000000000e+02,-1.299000000000000000e+03
9.530000000000000000e+02,-1.272000000000000000e+03
9.270000000000000000e+02,-1.249000000000000000e+03
9.030000000000000000e+02,-1.236000000000000000e+03
8.770000000000000000e+02,-1.228000000000000000e+03
8.620000000000000000e+02,-1.221000000000000000e+03
8.620000000000000000e+02,-1.221000000000000000e+03
8.400000000000000000e+02,-1.228000000000000000e+03
8.400000000000000000e+02,-1.228000000000000000e+03
8.310000000000000000e+02,-1.246000000000000000e+03
