6.860000000000000000e+02,-1.619000000000000000e+03
6.860000000000000000e+02,-1.619000000000000000e+03
7.310000000000000000e+02,-1.598000000000000000e+03
7.580000000000000000e+02,-1.584000000000000000e+03
8.020000000000000000e+02,-1.555000000000000000e+03
8.470000000000000000e+02,-1.527000000000000000e+03
8.980000000000000000e+02,-1.492000000000000000e+03
9.510000000000000000e+02,-1.459000000000000000e+03
1.002000000000000000e+03,-1.430000000000000000e+03
1.051000000000000000e+03,-1.399000000000000000e+03
1.088000000000000000e+03,-1.374000000000000000e+03
1.122000000000000000e+03,-1.349000000000000000e+03
1.144000000000000000e+03,-1.341000000000000000e+03
1.161000000000000000e+03,-1.328000000000000000e+03
1.161000000000000000e+03,-1.328000000000000000e+03
1.161000000000000000e+03,-1.328000000000000000e+03
1.161000000000000000e+03,-1.328000000000000000e+03
1.132000000000000000e+03,-1.331000000000000000e+03
1.106000000000000000e+03,-1.344000000000000000e+03
1.073000000000000000e+03,-1.365000000000000000e+03
1.034000000000000000e+03,-1.388000000000000000e+03
9.900000000000000000e+02,-1.421000000000000000e+03
9.470000000000000000e+02,-1.456000000000000000e+03
9.040000000000000000e+02,-1.491000000000000000e+03
8.700000000000000000e+02,-1.521000000000000000e+03
8.430000000000000000e+02,-1.549000000000000000e+03
8.220000000000000000e+02,-1.578000000000000000e+03
8.140000000000000000e+02,-1.604000000000000000e+03
8.170000000000000000e+02,-1.629000000000000000e+03
8.280000000000000000e+02,-1.652000000000000000e+03
8.500000000000000000e+02,-1.670000000000000000e+03
8.760000000000000000e+02,-1.685000000000000000e+03
9.080000000000000000e+02,-1.696000000000000000e+03
9.420000000000000000e+02,-1.703000000000000000e+03
9.800000000000000000e+02,-1.703000000000000000e+03
1.021000000000000000e+03,-1.697000000000000000e+03
1.058000000000000000e+03,-1.679000000000000000e+03
1.096000000000000000e+03,-1.650000000000000000e+03
1.131000000000000000e+03,-1.619000000000000000e+03
1.161000000000000000e+03,-1.581000000000000000e+03
1.186000000000000000e+03,-1.549000000000000000e+03
1.207000000000000000e+03,-1.512000000000000000e+03
1.221000000000000000e+03,-1.480000000000000000e+03
1.230000000000000000e+03,-1.451000000000000000e+03
1.235000000000000000e+03,-1.426000000000000000e+03
1.235000000000000000e+03,-1.402000000000000000e+03
1.235000000000000000e+03,-1.402000000000000000e+03
1.220000000000000000e+03,-1.391000000000000000e+03
1.220000000000000000e+03,-1.391000000000000000e+03
1.197000000000000000e+03,-1.412000000000000000e+03
1.185000000000000000e+03,-1.436000000000000000e+03
1.174000000000000000e+03,-1.466000000000000000e+03
1.167000000000000000e+03,-1.513000000000000000e+03
1.162000000000000000e+03,-1.567000000000000000e+03
1.159000000000000000e+03,-1.625000000000000000e+03
1.161000000000000000e+03,-1.686000000000000000e+03
1.162000000000000000e+03,-1.748000000000000000e+03
1.167000000000000000e+03,-1.818000000000000000e+03
1.171000000000000000e+03,-1.885000000000000000e+03
1.176000000000000000e+03,-1.950000000000000000e+03
1.177000000000000000e+03,-2.014000000000000000e+03
1.177000000000000000e+03,-2.081000000000000000e+03
1.176000000000000000e+03,-2.143000000000000000e+03
1.171000000000000000e+03,-2.200000000000000000e+03
1.164000000000000000e+03,-2.252000000000000000e+03
1.150000000000000000e+03,-2.297000000000000000e+03
1.134000000000000000e+03,-2.338000000000000000e+03
1.108000000000000000e+03,-2.380000000000000000e+03
1.081000000000000000e+03,-2.410000000000000000e+03
1.042000000000000000e+03,-2.436000000000000000e+03
1.001000000000000000e+03,-2.455000000000000000e+03
9.500000000000000000e+02,-2.473000000000000000e+03
9.000000000000000000e+02,-2.488000000000000000e+03
8.460000000000000000e+02,-2.502000000000000000e+03
7.970000000000000000e+02,-2.505000000000000000e+03
7.550000000000000000e+02,-2.506000000000000000e+03
7.190000000000000000e+02,-2.502000000000000000e+03
6.950000000000000000e+02,-2.493000000000000000e+03
6.860000000000000000e+02,-2.476000000000000000e+03
6.930000000000000000e+02,-2.452000000000000000e+03
7.130000000000000000e+02,-2.420000000000000000e+03
7.540000000000000000e+02,-2.374000000000000000e+03
8.050000000000000000e+02,-2.322000000000000000e+03
8.740000000000000000e+02,-2.256000000000000000e+03
9.480000000000000000e+02,-2.187000000000000000e+03
1.037000000000000000e+03,-2.102000000000000000e+03
1.126000000000000000e+03,-2.020000000000000000e+03
1.224000000000000000e+03,-1.928000000000000000e+03
1.319000000000000000e+03,-1.837000000000000000e+03
1.416000000000000000e+03,-1.760000000000000000e+03
1.504000000000000000e+03,-1.683000000000000000e+03
1.584000000000000000e+03,-1.619000000000000000e+03
1.651000000000000000e+03,-1.564000000000000000e+03
1.717000000000000000e+03,-1.515000000000000000e+03
1.759000000000000000e+03,-1.486000000000000000e+03
1.800000000000000000e+03,-1.456000000000000000e+03
