8.410000000000000000e+02,-1.212000000000000000e+03
8.610000000000000000e+02,-1.206000000000000000e+03
8.940000000000000000e+02,-1.201000000000000000e+03
9.270000000000000000e+02,-1.201000000000000000e+03
9.680000000000000000e+02,-1.194000000000000000e+03
1.024000000000000000e+03,-1.185000000000000000e+03
1.081000000000000000e+03,-1.180000000000000000e+03
1.140000000000000000e+03,-1.173000000000000000e+03
1.198000000000000000e+03,-1.163000000000000000e+03
1.257000000000000000e+03,-1.153000000000000000e+03
1.301000000000000000e+03,-1.150000000000000000e+03
1.343000000000000000e+03,-1.139000000000000000e+03
1.367000000000000000e+03,-1.135000000000000000e+03
