9.930000000000000000e+02,-6.480000000000000000e+02
9.930000000000000000e+02,-6.480000000000000000e+02
1.007000000000000000e+03,-6.150000000000000000e+02
1.025000000000000000e+03,-5.910000000000000000e+02
1.049000000000000000e+03,-5.590000000000000000e+02
1.091000000000000000e+03,-5.110000000000000000e+02
1.149000000000000000e+03,-4.490000000000000000e+02
1.214000000000000000e+03,-3.770000000000000000e+02
1.275000000000000000e+03,-3.100000000000000000e+02
1.340000000000000000e+03,-2.350000000000000000e+02
1.388000000000000000e+03,-1.690000000000000000e+02
