1.304000000000000000e+03,-1.308000000000000000e+03
1.304000000000000000e+03,-1.308000000000000000e+03
1.304000000000000000e+03,-1.295000000000000000e+03
1.304000000000000000e+03,-1.295000000000000000e+03
1.304000000000000000e+03,-1.295000000000000000e+03
1.304000000000000000e+03,-1.295000000000000000e+03
1.304000000000000000e+03,-1.295000000000000000e+03
1.304000000000000000e+03,-1.295000000000000000e+03
1.287000000000000000e+03,-1.307000000000000000e+03
1.283000000000000000e+03,-1.323000000000000000e+03
1.269000000000000000e+03,-1.352000000000000000e+03
1.260000000000000000e+03,-1.382000000000000000e+03
1.241000000000000000e+03,-1.427000000000000000e+03
1.224000000000000000e+03,-1.475000000000000000e+03
1.201000000000000000e+03,-1.536000000000000000e+03
1.179000000000000000e+03,-1.593000000000000000e+03
1.152000000000000000e+03,-1.656000000000000000e+03
1.129000000000000000e+03,-1.712000000000000000e+03
1.103000000000000000e+03,-1.769000000000000000e+03
1.085000000000000000e+03,-1.818000000000000000e+03
1.069000000000000000e+03,-1.861000000000000000e+03
1.060000000000000000e+03,-1.894000000000000000e+03
1.055000000000000000e+03,-1.922000000000000000e+03
1.054000000000000000e+03,-1.941000000000000000e+03
1.054000000000000000e+03,-1.955000000000000000e+03
1.054000000000000000e+03,-1.955000000000000000e+03
1.063000000000000000e+03,-1.970000000000000000e+03
1.063000000000000000e+03,-1.970000000000000000e+03
1.063000000000000000e+03,-1.970000000000000000e+03
1.063000000000000000e+03,-1.970000000000000000e+03
1.063000000000000000e+03,-1.970000000000000000e+03
1.073000000000000000e+03,-1.943000000000000000e+03
1.072000000000000000e+03,-1.925000000000000000e+03
