2.142001952706551193e-01,1.020241759334056919e+00
2.142001952706551193e-01,1.020241759334056919e+00
3.505038035482675451e-01,1.136500719335549858e+00
4.547359745840888201e-01,1.196634664163908290e+00
5.589681456199100396e-01,1.308884694510177304e+00
6.792360352766269038e-01,1.433161513822118094e+00
7.995039249333437681e-01,1.553429403478834958e+00
9.277896739005083715e-01,1.661670504169880047e+00
9.799057594184190645e-01,1.721804448998238479e+00
1.084137930454240228e+00,1.846081268310179269e+00
1.084137930454240228e+00,1.846081268310179269e+00
