3.730000000000000000e+02,-6.350000000000000000e+02
3.730000000000000000e+02,-6.350000000000000000e+02
3.730000000000000000e+02,-6.350000000000000000e+02
3.730000000000000000e+02,-6.350000000000000000e+02
4.170000000000000000e+02,-6.390000000000000000e+02
4.170000000000000000e+02,-6.390000000000000000e+02
4.170000000000000000e+02,-6.390000000000000000e+02
4.700000000000000000e+02,-6.960000000000000000e+02
4.700000000000000000e+02,-6.960000000000000000e+02
5.010000000000000000e+02,-7.670000000000000000e+02
5.160000000000000000e+02,-8.140000000000000000e+02
5.280000000000000000e+02,-8.640000000000000000e+02
5.390000000000000000e+02,-9.170000000000000000e+02
5.460000000000000000e+02,-9.680000000000000000e+02
5.490000000000000000e+02,-1.020000000000000000e+03
5.510000000000000000e+02,-1.069000000000000000e+03
5.490000000000000000e+02,-1.117000000000000000e+03
5.430000000000000000e+02,-1.159000000000000000e+03
5.430000000000000000e+02,-1.159000000000000000e+03
5.260000000000000000e+02,-1.235000000000000000e+03
5.260000000000000000e+02,-1.235000000000000000e+03
5.030000000000000000e+02,-1.303000000000000000e+03
5.030000000000000000e+02,-1.303000000000000000e+03
4.740000000000000000e+02,-1.342000000000000000e+03
4.740000000000000000e+02,-1.342000000000000000e+03
