-1.025821188299030240e+00,1.070209916655422644e+00
-1.110008711058732001e+00,1.054174198034526944e+00
-1.110008711058732001e+00,1.054174198034526944e+00
-1.198205163473657686e+00,1.082236705621094197e+00
-1.250321248991568490e+00,1.074218846310646569e+00
-1.250321248991568490e+00,1.074218846310646569e+00
-1.250321248991568490e+00,1.074218846310646569e+00
-1.093972992437836522e+00,1.098272424241989897e+00
-9.616783138154479937e-01,1.098272424241989897e+00
-7.692496903647010331e-01,1.134352791139005001e+00
-5.607853482930584832e-01,1.146379580104676554e+00
-3.082227800139530904e-01,1.182459947001691658e+00
-4.363342276917604040e-02,1.202504595277811061e+00
2.289737937860488182e-01,1.226558173209154612e+00
4.655006434442586216e-01,1.238584962174826165e+00
6.779739151711250411e-01,1.238584962174826165e+00
8.343221717248568980e-01,1.218540313898706762e+00
9.626079206920216125e-01,1.194486735967363433e+00
1.026750795175603859e+00,1.142370650449452629e+00
1.046795443451723484e+00,1.086245635276318122e+00
1.002697217244260530e+00,9.900313235509446974e-01
9.385543427606781730e-01,8.938170118255712726e-01
8.343221717248568980e-01,7.655312628584065582e-01
7.140542820681401448e-01,6.332365842360180297e-01
5.737417441353037662e-01,4.688704683718383781e-01
4.294202765472435734e-01,2.964864931972108764e-01
2.730720199935116610e-01,8.802215112556836807e-02
1.528041303367947967e-01,-1.204421909460741680e-01
2.451838136963017251e-02,-3.449422516386123072e-01
-7.169593035574330087e-02,-5.614244530207026518e-01
-1.558834531154451031e-01,-7.859245137132406800e-01
-2.160173979438035352e-01,-9.983977854401071550e-01
-2.601156241512663780e-01,-1.190826408890854005e+00
-2.761513427721619673e-01,-1.359201454410257748e+00
-2.761513427721619673e-01,-1.495505062687870090e+00
-2.641245538064902476e-01,-1.591719374413243626e+00
-2.360620462199229941e-01,-1.655862248896825983e+00
-2.360620462199229941e-01,-1.655862248896825983e+00
-1.518745234602212058e-01,-1.667889037862497537e+00
-9.574950828708667094e-02,-1.627799741310258730e+00
-3.561556345872825269e-02,-1.555639007516228522e+00
-7.553055872160987887e-03,-1.475460414411750687e+00
4.857195930097354258e-02,-1.367219313720705598e+00
4.857195930097354258e-02,-1.287040720616227540e+00
5.658981861142133030e-02,-1.178799619925182451e+00
7.262553723231690572e-02,-1.094612097165480691e+00
6.861660757709302227e-02,-1.014433504061002633e+00
5.658981861142133030e-02,-9.422727702669726479e-01
