2.110000000000000000e+02,-6.630000000000000000e+02
2.160000000000000000e+02,-6.460000000000000000e+02
2.160000000000000000e+02,-6.460000000000000000e+02
2.170000000000000000e+02,-6.260000000000000000e+02
2.170000000000000000e+02,-6.260000000000000000e+02
2.190000000000000000e+02,-6.160000000000000000e+02
2.190000000000000000e+02,-6.160000000000000000e+02
2.200000000000000000e+02,-6.250000000000000000e+02
2.230000000000000000e+02,-6.370000000000000000e+02
2.210000000000000000e+02,-6.640000000000000000e+02
2.240000000000000000e+02,-6.930000000000000000e+02
2.240000000000000000e+02,-7.350000000000000000e+02
2.270000000000000000e+02,-7.810000000000000000e+02
2.280000000000000000e+02,-8.390000000000000000e+02
2.320000000000000000e+02,-8.970000000000000000e+02
2.350000000000000000e+02,-9.540000000000000000e+02
2.390000000000000000e+02,-1.011000000000000000e+03
2.440000000000000000e+02,-1.063000000000000000e+03
2.490000000000000000e+02,-1.111000000000000000e+03
2.530000000000000000e+02,-1.150000000000000000e+03
2.550000000000000000e+02,-1.182000000000000000e+03
2.550000000000000000e+02,-1.206000000000000000e+03
2.550000000000000000e+02,-1.224000000000000000e+03
2.540000000000000000e+02,-1.236000000000000000e+03
2.540000000000000000e+02,-1.236000000000000000e+03
2.540000000000000000e+02,-1.236000000000000000e+03
2.400000000000000000e+02,-1.237000000000000000e+03
2.360000000000000000e+02,-1.225000000000000000e+03
2.270000000000000000e+02,-1.214000000000000000e+03
2.250000000000000000e+02,-1.194000000000000000e+03
2.170000000000000000e+02,-1.174000000000000000e+03
2.150000000000000000e+02,-1.146000000000000000e+03
2.110000000000000000e+02,-1.120000000000000000e+03
2.120000000000000000e+02,-1.086000000000000000e+03
2.120000000000000000e+02,-1.054000000000000000e+03
2.150000000000000000e+02,-1.022000000000000000e+03
2.190000000000000000e+02,-9.910000000000000000e+02
2.240000000000000000e+02,-9.630000000000000000e+02
2.290000000000000000e+02,-9.390000000000000000e+02
2.350000000000000000e+02,-9.210000000000000000e+02
2.410000000000000000e+02,-9.060000000000000000e+02
2.410000000000000000e+02,-9.060000000000000000e+02
2.520000000000000000e+02,-8.950000000000000000e+02
2.520000000000000000e+02,-8.950000000000000000e+02
2.650000000000000000e+02,-9.010000000000000000e+02
2.710000000000000000e+02,-9.100000000000000000e+02
2.820000000000000000e+02,-9.150000000000000000e+02
2.930000000000000000e+02,-9.260000000000000000e+02
3.120000000000000000e+02,-9.320000000000000000e+02
3.280000000000000000e+02,-9.380000000000000000e+02
3.500000000000000000e+02,-9.400000000000000000e+02
3.720000000000000000e+02,-9.410000000000000000e+02
3.960000000000000000e+02,-9.370000000000000000e+02
4.210000000000000000e+02,-9.320000000000000000e+02
4.460000000000000000e+02,-9.230000000000000000e+02
4.700000000000000000e+02,-9.120000000000000000e+02
4.920000000000000000e+02,-9.000000000000000000e+02
5.120000000000000000e+02,-8.860000000000000000e+02
5.300000000000000000e+02,-8.730000000000000000e+02
5.450000000000000000e+02,-8.570000000000000000e+02
5.560000000000000000e+02,-8.420000000000000000e+02
5.670000000000000000e+02,-8.230000000000000000e+02
5.720000000000000000e+02,-8.040000000000000000e+02
5.780000000000000000e+02,-7.810000000000000000e+02
5.790000000000000000e+02,-7.590000000000000000e+02
5.800000000000000000e+02,-7.340000000000000000e+02
5.770000000000000000e+02,-7.120000000000000000e+02
5.740000000000000000e+02,-6.880000000000000000e+02
5.680000000000000000e+02,-6.670000000000000000e+02
5.600000000000000000e+02,-6.480000000000000000e+02
5.510000000000000000e+02,-6.330000000000000000e+02
5.400000000000000000e+02,-6.230000000000000000e+02
5.280000000000000000e+02,-6.180000000000000000e+02
5.140000000000000000e+02,-6.200000000000000000e+02
5.000000000000000000e+02,-6.290000000000000000e+02
4.840000000000000000e+02,-6.470000000000000000e+02
4.690000000000000000e+02,-6.730000000000000000e+02
4.530000000000000000e+02,-7.110000000000000000e+02
4.420000000000000000e+02,-7.520000000000000000e+02
4.290000000000000000e+02,-8.030000000000000000e+02
4.210000000000000000e+02,-8.540000000000000000e+02
4.140000000000000000e+02,-9.130000000000000000e+02
4.120000000000000000e+02,-9.660000000000000000e+02
4.100000000000000000e+02,-1.021000000000000000e+03
4.140000000000000000e+02,-1.066000000000000000e+03
4.160000000000000000e+02,-1.109000000000000000e+03
4.200000000000000000e+02,-1.144000000000000000e+03
4.230000000000000000e+02,-1.176000000000000000e+03
4.290000000000000000e+02,-1.201000000000000000e+03
4.320000000000000000e+02,-1.222000000000000000e+03
4.370000000000000000e+02,-1.237000000000000000e+03
4.420000000000000000e+02,-1.249000000000000000e+03
4.420000000000000000e+02,-1.249000000000000000e+03
4.500000000000000000e+02,-1.263000000000000000e+03
4.500000000000000000e+02,-1.263000000000000000e+03
4.500000000000000000e+02,-1.263000000000000000e+03
4.500000000000000000e+02,-1.263000000000000000e+03
4.640000000000000000e+02,-1.262000000000000000e+03
4.640000000000000000e+02,-1.262000000000000000e+03
4.640000000000000000e+02,-1.262000000000000000e+03
4.700000000000000000e+02,-1.253000000000000000e+03
4.700000000000000000e+02,-1.253000000000000000e+03
