1.110000000000000000e+03,-1.677000000000000000e+03
1.122000000000000000e+03,-1.664000000000000000e+03
1.122000000000000000e+03,-1.664000000000000000e+03
1.119000000000000000e+03,-1.643000000000000000e+03
1.114000000000000000e+03,-1.628000000000000000e+03
1.102000000000000000e+03,-1.613000000000000000e+03
1.093000000000000000e+03,-1.589000000000000000e+03
1.069000000000000000e+03,-1.573000000000000000e+03
1.046000000000000000e+03,-1.549000000000000000e+03
1.013000000000000000e+03,-1.531000000000000000e+03
9.810000000000000000e+02,-1.512000000000000000e+03
9.450000000000000000e+02,-1.501000000000000000e+03
9.090000000000000000e+02,-1.494000000000000000e+03
8.740000000000000000e+02,-1.498000000000000000e+03
8.430000000000000000e+02,-1.510000000000000000e+03
8.160000000000000000e+02,-1.528000000000000000e+03
7.990000000000000000e+02,-1.555000000000000000e+03
7.880000000000000000e+02,-1.589000000000000000e+03
7.900000000000000000e+02,-1.625000000000000000e+03
7.990000000000000000e+02,-1.661000000000000000e+03
8.190000000000000000e+02,-1.692000000000000000e+03
8.470000000000000000e+02,-1.720000000000000000e+03
8.850000000000000000e+02,-1.736000000000000000e+03
9.300000000000000000e+02,-1.745000000000000000e+03
9.780000000000000000e+02,-1.744000000000000000e+03
1.028000000000000000e+03,-1.733000000000000000e+03
1.076000000000000000e+03,-1.714000000000000000e+03
1.122000000000000000e+03,-1.685000000000000000e+03
1.161000000000000000e+03,-1.653000000000000000e+03
1.192000000000000000e+03,-1.619000000000000000e+03
1.214000000000000000e+03,-1.587000000000000000e+03
1.224000000000000000e+03,-1.560000000000000000e+03
1.230000000000000000e+03,-1.540000000000000000e+03
1.230000000000000000e+03,-1.540000000000000000e+03
1.230000000000000000e+03,-1.540000000000000000e+03
1.207000000000000000e+03,-1.572000000000000000e+03
1.200000000000000000e+03,-1.610000000000000000e+03
1.186000000000000000e+03,-1.667000000000000000e+03
1.182000000000000000e+03,-1.730000000000000000e+03
1.177000000000000000e+03,-1.809000000000000000e+03
1.177000000000000000e+03,-1.887000000000000000e+03
1.183000000000000000e+03,-1.965000000000000000e+03
1.194000000000000000e+03,-2.036000000000000000e+03
1.204000000000000000e+03,-2.101000000000000000e+03
1.215000000000000000e+03,-2.154000000000000000e+03
1.224000000000000000e+03,-2.193000000000000000e+03
1.229000000000000000e+03,-2.223000000000000000e+03
1.229000000000000000e+03,-2.223000000000000000e+03
1.241000000000000000e+03,-2.241000000000000000e+03
1.241000000000000000e+03,-2.241000000000000000e+03
1.223000000000000000e+03,-2.237000000000000000e+03
1.223000000000000000e+03,-2.237000000000000000e+03
