5.804357436527741720e-01,1.967239052242015229e-01
5.804357436527741720e-01,1.967239052242015229e-01
5.924625326184458363e-01,3.009560762600227979e-01
5.924625326184458363e-01,3.009560762600227979e-01
5.563821657214307326e-01,3.931614583301723531e-01
5.563821657214307326e-01,3.931614583301723531e-01
4.762035726169528416e-01,4.893757700555458334e-01
4.240874870990422041e-01,5.414918555734564709e-01
3.439088939945643131e-01,5.895990114361432388e-01
2.597213712348625525e-01,6.377061672988300067e-01
1.514802705438173802e-01,6.697776045406210743e-01
3.121238088710051942e-02,7.058579714376361780e-01
-1.091001570457358072e-01,7.098669010928601031e-01
-2.494126949785721303e-01,7.098669010928601031e-01
-3.977430922218562204e-01,6.818043935062928496e-01
-5.380556301546925990e-01,6.336972376436060816e-01
-6.783681680875288666e-01,5.495097148839043211e-01
-8.026449873994696560e-01,4.532954031585307852e-01
-9.108860880905147450e-01,3.250096541913661818e-01
-9.910646811949926915e-01,1.806881866033059336e-01
-1.047189696368127310e+00,3.636671901524572009e-02
-1.071243274299470638e+00,-1.279993968489339662e-01
-1.063225414989022788e+00,-2.923655127131136733e-01
-1.023136118436783759e+00,-4.607405582325172499e-01
-9.309307363666342594e-01,-6.170888147862491069e-01
-7.986360577442457309e-01,-7.493834934086376354e-01
-6.342699418800660238e-01,-8.696513830653544996e-01
-4.418413184293190632e-01,-9.458210465146085211e-01
-2.413948356681243357e-01,-9.939282023772952890e-01
-2.491263428603400845e-02,-9.859103430668474388e-01
1.755338484751607364e-01,-9.458210465146085211e-01
3.679624719259076970e-01,-8.656424534101306856e-01
5.203017988244157399e-01,-7.614102823743094106e-01
6.485875477915803433e-01,-6.291156037519208821e-01
7.207482815856104397e-01,-4.888030658190845035e-01
7.688554374482972076e-01,-3.444815982310243108e-01
7.728643671035211327e-01,-2.001601306429640903e-01
7.327750705512821039e-01,-7.187438167579944526e-02
6.606143367572520075e-01,2.433993004957403852e-02
5.924625326184458363e-01,1.446078197062908854e-01
4.721946429617289720e-01,2.047417645346493176e-01
3.759803312363554917e-01,2.809114279839033390e-01
