7.130000000000000000e+02,-1.450000000000000000e+03
7.130000000000000000e+02,-1.450000000000000000e+03
6.540000000000000000e+02,-1.563000000000000000e+03
6.210000000000000000e+02,-1.628000000000000000e+03
6.210000000000000000e+02,-1.628000000000000000e+03
5.700000000000000000e+02,-1.735000000000000000e+03
5.700000000000000000e+02,-1.735000000000000000e+03
5.470000000000000000e+02,-1.804000000000000000e+03
5.470000000000000000e+02,-1.804000000000000000e+03
5.470000000000000000e+02,-1.804000000000000000e+03
5.470000000000000000e+02,-1.804000000000000000e+03
5.470000000000000000e+02,-1.804000000000000000e+03
5.470000000000000000e+02,-1.804000000000000000e+03
6.290000000000000000e+02,-1.717000000000000000e+03
6.290000000000000000e+02,-1.717000000000000000e+03
6.740000000000000000e+02,-1.602000000000000000e+03
6.960000000000000000e+02,-1.537000000000000000e+03
7.180000000000000000e+02,-1.475000000000000000e+03
7.390000000000000000e+02,-1.415000000000000000e+03
7.390000000000000000e+02,-1.415000000000000000e+03
7.660000000000000000e+02,-1.319000000000000000e+03
7.660000000000000000e+02,-1.319000000000000000e+03
7.660000000000000000e+02,-1.319000000000000000e+03
7.930000000000000000e+02,-1.258000000000000000e+03
7.930000000000000000e+02,-1.258000000000000000e+03
7.930000000000000000e+02,-1.258000000000000000e+03
7.930000000000000000e+02,-1.258000000000000000e+03
8.370000000000000000e+02,-1.350000000000000000e+03
8.370000000000000000e+02,-1.350000000000000000e+03
8.650000000000000000e+02,-1.451000000000000000e+03
8.650000000000000000e+02,-1.451000000000000000e+03
8.890000000000000000e+02,-1.572000000000000000e+03
8.890000000000000000e+02,-1.572000000000000000e+03
9.120000000000000000e+02,-1.689000000000000000e+03
9.120000000000000000e+02,-1.689000000000000000e+03
9.360000000000000000e+02,-1.798000000000000000e+03
9.360000000000000000e+02,-1.798000000000000000e+03
9.620000000000000000e+02,-1.879000000000000000e+03
9.620000000000000000e+02,-1.879000000000000000e+03
9.620000000000000000e+02,-1.879000000000000000e+03
9.950000000000000000e+02,-1.947000000000000000e+03
9.950000000000000000e+02,-1.947000000000000000e+03
9.950000000000000000e+02,-1.947000000000000000e+03
