5.920000000000000000e+02,-1.349000000000000000e+03
5.920000000000000000e+02,-1.314000000000000000e+03
5.920000000000000000e+02,-1.314000000000000000e+03
5.920000000000000000e+02,-1.314000000000000000e+03
5.920000000000000000e+02,-1.314000000000000000e+03
5.680000000000000000e+02,-1.337000000000000000e+03
5.640000000000000000e+02,-1.364000000000000000e+03
5.500000000000000000e+02,-1.414000000000000000e+03
5.460000000000000000e+02,-1.462000000000000000e+03
5.410000000000000000e+02,-1.527000000000000000e+03
5.520000000000000000e+02,-1.590000000000000000e+03
5.680000000000000000e+02,-1.662000000000000000e+03
5.980000000000000000e+02,-1.726000000000000000e+03
6.420000000000000000e+02,-1.784000000000000000e+03
6.960000000000000000e+02,-1.833000000000000000e+03
7.570000000000000000e+02,-1.872000000000000000e+03
8.260000000000000000e+02,-1.900000000000000000e+03
8.950000000000000000e+02,-1.920000000000000000e+03
9.630000000000000000e+02,-1.929000000000000000e+03
1.031000000000000000e+03,-1.928000000000000000e+03
1.087000000000000000e+03,-1.920000000000000000e+03
1.141000000000000000e+03,-1.902000000000000000e+03
1.171000000000000000e+03,-1.885000000000000000e+03
1.197000000000000000e+03,-1.857000000000000000e+03
1.207000000000000000e+03,-1.833000000000000000e+03
1.204000000000000000e+03,-1.806000000000000000e+03
1.188000000000000000e+03,-1.777000000000000000e+03
