8.020000000000000000e+02,-1.221000000000000000e+03
7.990000000000000000e+02,-1.206000000000000000e+03
8.030000000000000000e+02,-1.182000000000000000e+03
8.030000000000000000e+02,-1.167000000000000000e+03
8.020000000000000000e+02,-1.151000000000000000e+03
8.020000000000000000e+02,-1.151000000000000000e+03
8.020000000000000000e+02,-1.151000000000000000e+03
8.020000000000000000e+02,-1.151000000000000000e+03
7.940000000000000000e+02,-1.179000000000000000e+03
7.930000000000000000e+02,-1.213000000000000000e+03
7.840000000000000000e+02,-1.267000000000000000e+03
7.760000000000000000e+02,-1.334000000000000000e+03
7.670000000000000000e+02,-1.417000000000000000e+03
7.600000000000000000e+02,-1.509000000000000000e+03
7.510000000000000000e+02,-1.607000000000000000e+03
7.450000000000000000e+02,-1.700000000000000000e+03
7.400000000000000000e+02,-1.792000000000000000e+03
7.370000000000000000e+02,-1.873000000000000000e+03
7.370000000000000000e+02,-1.941000000000000000e+03
7.390000000000000000e+02,-1.994000000000000000e+03
7.430000000000000000e+02,-2.029000000000000000e+03
7.480000000000000000e+02,-2.048000000000000000e+03
7.480000000000000000e+02,-2.048000000000000000e+03
7.480000000000000000e+02,-2.048000000000000000e+03
7.670000000000000000e+02,-2.018000000000000000e+03
7.690000000000000000e+02,-1.986000000000000000e+03
7.760000000000000000e+02,-1.938000000000000000e+03
7.790000000000000000e+02,-1.890000000000000000e+03
7.820000000000000000e+02,-1.831000000000000000e+03
7.840000000000000000e+02,-1.771000000000000000e+03
7.820000000000000000e+02,-1.711000000000000000e+03
7.840000000000000000e+02,-1.647000000000000000e+03
7.840000000000000000e+02,-1.589000000000000000e+03
7.840000000000000000e+02,-1.533000000000000000e+03
7.850000000000000000e+02,-1.481000000000000000e+03
7.880000000000000000e+02,-1.435000000000000000e+03
7.930000000000000000e+02,-1.391000000000000000e+03
8.000000000000000000e+02,-1.352000000000000000e+03
8.130000000000000000e+02,-1.314000000000000000e+03
8.280000000000000000e+02,-1.281000000000000000e+03
8.440000000000000000e+02,-1.252000000000000000e+03
8.710000000000000000e+02,-1.221000000000000000e+03
8.950000000000000000e+02,-1.200000000000000000e+03
9.290000000000000000e+02,-1.173000000000000000e+03
9.590000000000000000e+02,-1.159000000000000000e+03
9.930000000000000000e+02,-1.139000000000000000e+03
1.028000000000000000e+03,-1.132000000000000000e+03
1.063000000000000000e+03,-1.123000000000000000e+03
1.097000000000000000e+03,-1.120000000000000000e+03
1.126000000000000000e+03,-1.121000000000000000e+03
1.158000000000000000e+03,-1.123000000000000000e+03
1.177000000000000000e+03,-1.130000000000000000e+03
1.200000000000000000e+03,-1.127000000000000000e+03
1.221000000000000000e+03,-1.127000000000000000e+03
1.221000000000000000e+03,-1.127000000000000000e+03
1.242000000000000000e+03,-1.136000000000000000e+03
1.242000000000000000e+03,-1.136000000000000000e+03
