9.810000000000000000e+02,-1.254000000000000000e+03
9.810000000000000000e+02,-1.254000000000000000e+03
9.810000000000000000e+02,-1.254000000000000000e+03
9.810000000000000000e+02,-1.254000000000000000e+03
9.810000000000000000e+02,-1.254000000000000000e+03
9.810000000000000000e+02,-1.254000000000000000e+03
9.810000000000000000e+02,-1.254000000000000000e+03
9.810000000000000000e+02,-1.254000000000000000e+03
9.150000000000000000e+02,-1.233000000000000000e+03
9.150000000000000000e+02,-1.233000000000000000e+03
9.150000000000000000e+02,-1.233000000000000000e+03
9.150000000000000000e+02,-1.233000000000000000e+03
9.150000000000000000e+02,-1.233000000000000000e+03
8.590000000000000000e+02,-1.314000000000000000e+03
8.590000000000000000e+02,-1.314000000000000000e+03
8.250000000000000000e+02,-1.382000000000000000e+03
8.250000000000000000e+02,-1.382000000000000000e+03
7.970000000000000000e+02,-1.468000000000000000e+03
7.970000000000000000e+02,-1.468000000000000000e+03
7.880000000000000000e+02,-1.564000000000000000e+03
7.880000000000000000e+02,-1.564000000000000000e+03
8.030000000000000000e+02,-1.655000000000000000e+03
8.030000000000000000e+02,-1.655000000000000000e+03
8.460000000000000000e+02,-1.738000000000000000e+03
8.460000000000000000e+02,-1.738000000000000000e+03
9.030000000000000000e+02,-1.806000000000000000e+03
9.030000000000000000e+02,-1.806000000000000000e+03
9.690000000000000000e+02,-1.854000000000000000e+03
9.690000000000000000e+02,-1.854000000000000000e+03
1.033000000000000000e+03,-1.878000000000000000e+03
1.033000000000000000e+03,-1.878000000000000000e+03
1.093000000000000000e+03,-1.878000000000000000e+03
1.093000000000000000e+03,-1.878000000000000000e+03
1.093000000000000000e+03,-1.878000000000000000e+03
1.162000000000000000e+03,-1.822000000000000000e+03
1.162000000000000000e+03,-1.822000000000000000e+03
1.194000000000000000e+03,-1.747000000000000000e+03
1.194000000000000000e+03,-1.747000000000000000e+03
1.200000000000000000e+03,-1.647000000000000000e+03
1.200000000000000000e+03,-1.647000000000000000e+03
1.182000000000000000e+03,-1.534000000000000000e+03
1.182000000000000000e+03,-1.534000000000000000e+03
1.140000000000000000e+03,-1.426000000000000000e+03
1.140000000000000000e+03,-1.426000000000000000e+03
1.075000000000000000e+03,-1.347000000000000000e+03
1.075000000000000000e+03,-1.347000000000000000e+03
9.960000000000000000e+02,-1.307000000000000000e+03
9.960000000000000000e+02,-1.307000000000000000e+03
9.260000000000000000e+02,-1.326000000000000000e+03
9.260000000000000000e+02,-1.326000000000000000e+03
9.260000000000000000e+02,-1.326000000000000000e+03
8.760000000000000000e+02,-1.390000000000000000e+03
