8.310000000000000000e+02,-1.608000000000000000e+03
8.380000000000000000e+02,-1.595000000000000000e+03
8.380000000000000000e+02,-1.595000000000000000e+03
8.710000000000000000e+02,-1.579000000000000000e+03
9.040000000000000000e+02,-1.567000000000000000e+03
9.470000000000000000e+02,-1.560000000000000000e+03
1.009000000000000000e+03,-1.537000000000000000e+03
1.073000000000000000e+03,-1.521000000000000000e+03
1.149000000000000000e+03,-1.495000000000000000e+03
1.232000000000000000e+03,-1.469000000000000000e+03
1.315000000000000000e+03,-1.447000000000000000e+03
1.384000000000000000e+03,-1.432000000000000000e+03
1.449000000000000000e+03,-1.417000000000000000e+03
1.492000000000000000e+03,-1.411000000000000000e+03
