-1.985831774284850526e-01,1.318260290993130246e+00
-3.068242781195302249e-01,1.382403165476712603e+00
-3.669582229478886015e-01,1.410465673063279857e+00
-4.391189567419187534e-01,1.434519250994623185e+00
-5.152886201911727193e-01,1.458572828925966514e+00
-5.794314946747550765e-01,1.502671055133429467e+00
-6.676279470896807622e-01,1.506679984788653393e+00
-6.676279470896807622e-01,1.506679984788653393e+00
-7.959136960568453656e-01,1.550778210996116124e+00
-7.959136960568453656e-01,1.550778210996116124e+00
-8.720833595060993870e-01,1.586858577893131228e+00
-8.720833595060993870e-01,1.586858577893131228e+00
-8.720833595060993870e-01,1.586858577893131228e+00
-8.720833595060993870e-01,1.586858577893131228e+00
-8.720833595060993870e-01,1.586858577893131228e+00
-7.758690477807259622e-01,1.526724633064772796e+00
-6.916815250210240906e-01,1.458572828925966514e+00
-5.834404243299790016e-01,1.370376376511040828e+00
-4.551546753628143427e-01,1.242090627543876336e+00
-2.988064188090824302e-01,1.097769159955816143e+00
-1.424581622553505178e-01,9.133583958155169213e-01
1.389009429838138944e-02,7.289476316752176999e-01
1.582115618864416151e-01,5.285011489140230001e-01
2.945151701640540409e-01,3.280546661528282448e-01
4.027562708550991855e-01,1.356260427020812842e-01
4.989705825804726658e-01,-5.279365109344176521e-02
5.711313163745027621e-01,-2.131508373023975611e-01
6.312652612028611943e-01,-3.614812345456816511e-01
6.673456280998762979e-01,-4.857580538576224405e-01
6.833813467207718872e-01,-5.819723655829959208e-01
6.994170653416673655e-01,-6.501241697218020921e-01
6.793724170655479622e-01,-7.022402552397127851e-01
6.793724170655479622e-01,-7.022402552397127851e-01
6.793724170655479622e-01,-7.022402552397127851e-01
6.793724170655479622e-01,-7.022402552397127851e-01
6.793724170655479622e-01,-7.022402552397127851e-01
6.994170653416673655e-01,-5.699455766173242566e-01
