4.803162530396510865e-01,1.115876854467103163e+00
5.163966199366661902e-01,1.184028658605909445e+00
5.163966199366661902e-01,1.184028658605909445e+00
5.043698309709945260e-01,1.248171533089491803e+00
5.043698309709945260e-01,1.248171533089491803e+00
4.362180268321882437e-01,1.296278688952178459e+00
4.362180268321882437e-01,1.296278688952178459e+00
3.400037151068147634e-01,1.336367985504417488e+00
2.838786999336802563e-01,1.372448352401432370e+00
2.077090364844262627e-01,1.376457282056656295e+00
1.275304433799483439e-01,1.396501930332775920e+00
1.928934268890319242e-02,1.408528719298447474e+00
-8.494282834691807560e-02,1.424564437919343174e+00
-2.092196476588588094e-01,1.424564437919343174e+00
-3.254786076603517486e-01,1.420555508264119249e+00
-4.577732862827402771e-01,1.396501930332775920e+00
-5.860590352499049915e-01,1.348394774470089041e+00
-7.103358545618456699e-01,1.272225111020835131e+00
-8.265948145633386090e-01,1.176010799295461595e+00
-9.308269855991598840e-01,1.055742909638744731e+00
-1.015014508358861756e+00,9.074125123954606131e-01
-1.079157382842444113e+00,7.310196075656092418e-01
-1.127264538705130770e+00,5.385909841148622812e-01
-1.151318116636474098e+00,3.301266420432197868e-01
-1.159335975946921948e+00,1.256712296268011619e-01
-1.147309186981250173e+00,-6.675739382394581256e-02
-1.123255609049906845e+00,-2.351324393433494031e-01
-1.063121664221548412e+00,-4.075164145179768771e-01
-9.909609304275183161e-01,-5.438200227955892752e-01
-8.947466187021448913e-01,-6.480521938314105501e-01
-7.744787290454280271e-01,-7.081861386597689823e-01
-6.381751207678155735e-01,-7.322397165911123107e-01
-4.818268642140836611e-01,-7.202129276254406465e-01
-3.134518186946800844e-01,-6.721057717627539896e-01
-1.450767731752765077e-01,-5.799003896926043788e-01
1.928934268890319242e-02,-4.556235703806635895e-01
1.716286695874111867e-01,-3.032842434821556021e-01
3.039233482097997152e-01,-1.349091979627520255e-01
4.041465895903971206e-01,4.148370686709935279e-02
4.923430420053228063e-01,2.299034006626224091e-01
5.404501978680095187e-01,3.982784461820260136e-01
5.765305647650246224e-01,5.506177730805340564e-01
5.885573537306962866e-01,6.708856627372508097e-01
5.925662833859202117e-01,7.590821151521764953e-01
5.925662833859202117e-01,8.192160599805349275e-01
5.925662833859202117e-01,8.192160599805349275e-01
5.925662833859202117e-01,8.192160599805349275e-01
5.925662833859202117e-01,8.192160599805349275e-01
5.685127054545767722e-01,7.069660296342659134e-01
5.524769868336811829e-01,5.866981399775490491e-01
5.324323385575617795e-01,4.263409537685932671e-01
5.043698309709945260e-01,2.218855413521746145e-01
4.803162530396510865e-01,-6.623448995587383897e-03
4.362180268321882437e-01,-2.832395952060361433e-01
3.921198006247254009e-01,-5.799003896926043788e-01
3.520305040724864831e-01,-9.006147621105159429e-01
3.159501371754714349e-01,-1.221329134528427618e+00
2.838786999336802563e-01,-1.530016717980667407e+00
2.598251220023368724e-01,-1.814650723501564089e+00
2.437894033814413108e-01,-2.067213291780669593e+00
2.237447551053218242e-01,-2.271668704197088218e+00
2.237447551053218242e-01,-2.411981242129924485e+00
2.117179661396501600e-01,-2.516213413165745649e+00
2.117179661396501600e-01,-2.516213413165745649e+00
2.117179661396501600e-01,-2.516213413165745649e+00
2.117179661396501600e-01,-2.516213413165745649e+00
1.956822475187545707e-01,-2.460088397992611142e+00
1.836554585530828787e-01,-2.379909804888133085e+00
2.077090364844262627e-01,-2.283695493162759771e+00
