8.520000000000000000e+02,-7.290000000000000000e+02
8.520000000000000000e+02,-7.290000000000000000e+02
8.850000000000000000e+02,-6.950000000000000000e+02
9.090000000000000000e+02,-6.740000000000000000e+02
9.410000000000000000e+02,-6.510000000000000000e+02
9.830000000000000000e+02,-6.210000000000000000e+02
1.024000000000000000e+03,-5.970000000000000000e+02
1.073000000000000000e+03,-5.670000000000000000e+02
1.125000000000000000e+03,-5.440000000000000000e+02
1.182000000000000000e+03,-5.210000000000000000e+02
1.229000000000000000e+03,-5.120000000000000000e+02
1.283000000000000000e+03,-5.000000000000000000e+02
1.324000000000000000e+03,-5.000000000000000000e+02
