-1.690229533424700836e-01,4.694497120506120336e-01
-1.690229533424700836e-01,4.694497120506120336e-01
-2.091122498947090291e-01,4.413872044640447800e-01
-2.091122498947090291e-01,4.413872044640447800e-01
-2.091122498947090291e-01,4.413872044640447800e-01
-2.612283354126196944e-01,3.932800486013580676e-01
-2.612283354126196944e-01,3.932800486013580676e-01
-2.612283354126196944e-01,3.932800486013580676e-01
-2.612283354126196944e-01,3.932800486013580676e-01
-2.211390388603807211e-01,4.213425561879253212e-01
-2.211390388603807211e-01,4.213425561879253212e-01
-1.569961643767984194e-01,4.333693451535969854e-01
-1.169068678245594600e-01,4.413872044640447800e-01
-8.082650092754439797e-02,4.333693451535969854e-01
-2.470148575440987704e-02,4.293604154983731158e-01
3.142352941872465083e-02,4.293604154983731158e-01
9.556640390230697335e-02,4.333693451535969854e-01
1.557003487306654055e-01,4.293604154983731158e-01
2.158342935590238099e-01,4.453961341192686496e-01
2.679503790769344751e-01,4.534139934297164443e-01
3.240753942500689821e-01,4.694497120506120336e-01
3.641646908023079554e-01,4.854854306715076229e-01
4.002450576993230036e-01,5.095390086028509513e-01
4.002450576993230036e-01,5.095390086028509513e-01
4.002450576993230036e-01,5.095390086028509513e-01
4.363254245963380518e-01,5.295836568789704657e-01
4.363254245963380518e-01,5.295836568789704657e-01
4.363254245963380518e-01,5.295836568789704657e-01
4.363254245963380518e-01,5.295836568789704657e-01
3.882182687336512839e-01,5.215657975685227266e-01
3.882182687336512839e-01,5.215657975685227266e-01
3.280843239052928517e-01,5.335925865341943908e-01
2.920039570082778035e-01,5.456193754998660550e-01
2.479057308008149885e-01,5.536372348103137941e-01
1.997985749381282483e-01,5.696729534312093834e-01
1.396646301097698162e-01,5.816997423968810477e-01
8.353961493663528137e-02,5.937265313625528229e-01
2.741459976350075697e-02,5.897176017073288978e-01
-3.672827472008156208e-02,5.857086720521049727e-01
-9.285328989321608995e-02,5.696729534312093834e-01
-1.489783050663506248e-01,5.416104458446421299e-01
-2.051033202394851596e-01,5.095390086028509513e-01
-2.532104761021718997e-01,4.694497120506120336e-01
-2.973087023096347425e-01,4.293604154983731158e-01
-3.333890692066497907e-01,3.812532596356863479e-01
-3.534337174827692496e-01,3.291371741177757104e-01
-3.774872954141126336e-01,2.770210885998650729e-01
-3.935230140350082229e-01,2.289139327371783605e-01
-4.015408733454560175e-01,1.888246361849393873e-01
-4.055498030006798871e-01,1.487353396327004418e-01
-4.055498030006798871e-01,1.086460430804614963e-01
-4.055498030006798871e-01,6.454781687299865345e-02
-3.975319436902320924e-01,2.044959066553581409e-02
-3.895140843797842978e-01,-1.563077623147924103e-02
-3.734783657588887085e-01,-5.171114312849429268e-02
-3.734783657588887085e-01,-5.171114312849429268e-02
-3.213622802409781265e-01,-1.118450879568527179e-01
-3.213622802409781265e-01,-1.118450879568527179e-01
-2.732551243782913586e-01,-1.399075955434199714e-01
-2.732551243782913586e-01,-1.399075955434199714e-01
-2.131211795499329265e-01,-1.358986658881961018e-01
-1.730318829976939810e-01,-1.278808065777483072e-01
-1.289336567902311381e-01,-1.198629472673005125e-01
-8.884436023799219262e-02,-1.198629472673005125e-01
-3.672827472008156208e-02,-1.198629472673005125e-01
2.340567010827686312e-02,-1.278808065777483072e-01
8.754854459185917870e-02,-1.399075955434199714e-01
1.476824894202176108e-01,-1.639611734747633554e-01
2.118253639037999125e-01,-1.880147514061067116e-01
2.679503790769344751e-01,-2.160772589926739928e-01
3.200664645948451126e-01,-2.521576258896890410e-01
3.601557611470840303e-01,-2.882379927867040892e-01
4.002450576993230036e-01,-3.323362189941669320e-01
4.283075652858902571e-01,-3.804433748568536999e-01
4.483522135620097160e-01,-4.205326714090926177e-01
4.563700728724575106e-01,-4.686398272717793856e-01
4.563700728724575106e-01,-5.247648424449139481e-01
4.443432839067858464e-01,-5.768809279628245301e-01
4.162807763202185374e-01,-6.330059431359590372e-01
3.802004094232034892e-01,-6.971488176195413944e-01
3.401111128709645715e-01,-7.653006217583475657e-01
2.960128866635017286e-01,-8.294434962419299229e-01
2.479057308008149885e-01,-8.855685114150644299e-01
1.957896452829043510e-01,-9.336756672777511978e-01
1.396646301097698162e-01,-9.737649638299901156e-01
8.353961493663528137e-02,-9.978185417613334440e-01
4.345031838439633587e-02,-1.001827471416557369e+00
-6.479078230665065267e-04,-9.857917527956617798e-01
-4.474613403052934979e-02,-9.537203155538706012e-01
-8.483543058276829529e-02,-9.176399486568556085e-01
-1.369515161006789328e-01,-8.815595817598405048e-01
-1.730318829976939810e-01,-8.414702852076015871e-01
-2.291568981708285158e-01,-8.174167072762582587e-01
-2.451926167917241051e-01,-7.733184810687954158e-01
-2.932997726544108175e-01,-7.813363403792431550e-01
-2.932997726544108175e-01,-7.813363403792431550e-01
-2.932997726544108175e-01,-7.813363403792431550e-01
-2.932997726544108175e-01,-7.813363403792431550e-01
-2.973087023096347425e-01,-7.332291845165563871e-01
