1.344533330521231404e-02,4.810098827860177506e-01
1.344533330521231404e-02,4.810098827860177506e-01
1.344533330521231404e-02,4.810098827860177506e-01
1.344533330521231404e-02,4.810098827860177506e-01
1.344533330521231404e-02,4.810098827860177506e-01
1.344533330521231404e-02,4.810098827860177506e-01
8.159713744401853042e-02,7.576260289964664718e-01
8.159713744401853042e-02,7.576260289964664718e-01
8.159713744401853042e-02,7.576260289964664718e-01
8.159713744401853042e-02,7.576260289964664718e-01
8.159713744401853042e-02,7.576260289964664718e-01
8.159713744401853042e-02,7.576260289964664718e-01
8.159713744401853042e-02,7.576260289964664718e-01
8.159713744401853042e-02,7.576260289964664718e-01
-1.910100791112063212e-01,6.814563655472125614e-01
-1.910100791112063212e-01,6.814563655472125614e-01
-1.910100791112063212e-01,6.814563655472125614e-01
-4.155101398037444604e-01,3.847955710606443258e-01
-4.155101398037444604e-01,3.847955710606443258e-01
-5.317690998052373441e-01,8.813477657407607635e-02
-5.317690998052373441e-01,8.813477657407607635e-02
-6.159566225649392157e-01,-1.724456510154770972e-01
-6.159566225649392157e-01,-1.724456510154770972e-01
-6.319923411858348050e-01,-4.250082192945824899e-01
-6.319923411858348050e-01,-4.250082192945824899e-01
-6.319923411858348050e-01,-4.250082192945824899e-01
-5.317690998052373441e-01,-7.016243655050312666e-01
-5.317690998052373441e-01,-7.016243655050312666e-01
-5.317690998052373441e-01,-7.016243655050312666e-01
-5.317690998052373441e-01,-7.016243655050312666e-01
-2.631708129052364176e-01,-8.098654661960763557e-01
-2.631708129052364176e-01,-8.098654661960763557e-01
-2.631708129052364176e-01,-8.098654661960763557e-01
-2.631708129052364176e-01,-8.098654661960763557e-01
-2.590385315683265289e-03,-4.650975158468214077e-01
-2.590385315683265289e-03,-4.650975158468214077e-01
8.159713744401853042e-02,-1.964992289468204534e-01
8.159713744401853042e-02,-1.964992289468204534e-01
1.176775043410335786e-01,5.205440967706102123e-02
1.176775043410335786e-01,5.205440967706102123e-02
1.176775043410335786e-01,5.205440967706102123e-02
9.362392640969020852e-02,2.925901889904947151e-01
9.362392640969020852e-02,2.925901889904947151e-01
9.362392640969020852e-02,2.925901889904947151e-01
9.362392640969020852e-02,2.925901889904947151e-01
9.362392640969020852e-02,2.925901889904947151e-01
9.362392640969020852e-02,2.925901889904947151e-01
9.362392640969020852e-02,2.925901889904947151e-01
9.362392640969020852e-02,2.925901889904947151e-01
9.362392640969020852e-02,2.925901889904947151e-01
9.362392640969020852e-02,2.925901889904947151e-01
9.362392640969020852e-02,2.925901889904947151e-01
9.362392640969020852e-02,2.925901889904947151e-01
9.362392640969020852e-02,2.925901889904947151e-01
9.362392640969020852e-02,2.925901889904947151e-01
2.058739567559592643e-01,-6.019562066920803450e-02
2.058739567559592643e-01,-6.019562066920803450e-02
3.421775650335717178e-01,-4.410439379154780792e-01
3.421775650335717178e-01,-4.410439379154780792e-01
5.586597664156620624e-01,-8.218922551617480199e-01
5.586597664156620624e-01,-8.218922551617480199e-01
8.352759126261107836e-01,-1.126570908958764106e+00
8.352759126261107836e-01,-1.126570908958764106e+00
1.168017074009694012e+00,-1.150624486890107434e+00
1.168017074009694012e+00,-1.150624486890107434e+00
