-1.648370060141583604e+00,1.675414426863332196e+00
-1.648370060141583604e+00,1.675414426863332196e+00
-1.648370060141583604e+00,1.675414426863332196e+00
-1.648370060141583604e+00,1.675414426863332196e+00
-1.648370060141583604e+00,1.623298341345421614e+00
-1.620307552555016350e+00,1.567173326172287107e+00
-1.576209326347553397e+00,1.486994733067809271e+00
-1.524093240829642815e+00,1.402807210308107511e+00
-1.451932507035612607e+00,1.294566109617062200e+00
-1.359727124965463219e+00,1.174298219960345335e+00
-1.251486024274417908e+00,1.029976752372285143e+00
-1.123200275307253415e+00,8.856552847842249498e-01
-9.868966670296408505e-01,7.252980985752691678e-01
-8.385662697863567328e-01,5.569230530558656467e-01
-6.701912242669532116e-01,3.845390778812381449e-01
-5.058251084027735045e-01,2.081461730513867459e-01
-3.454679221938177225e-01,3.977112753198315531e-02
-1.931285952953097074e-01,-1.205860586769726406e-01
-4.880712770724947996e-02,-2.649075262650328333e-01
7.947862125991515814e-02,-3.972022048874213618e-01
1.917286516061842139e-01,-5.094522352336904314e-01
2.759161743658860022e-01,-5.896308283381683779e-01
3.400590488494683039e-01,-6.577826324769745492e-01
3.921751343673789414e-01,-6.978719290292134669e-01
3.921751343673789414e-01,-6.978719290292134669e-01
3.921751343673789414e-01,-6.978719290292134669e-01
3.921751343673789414e-01,-6.978719290292134669e-01
3.921751343673789414e-01,-6.978719290292134669e-01
3.921751343673789414e-01,-6.978719290292134669e-01
4.523090791957373735e-01,-6.217022655799595565e-01
4.523090791957373735e-01,-6.217022655799595565e-01
4.282555012643939896e-01,-4.974254462680187672e-01
