6.800000000000000000e+02,-1.240000000000000000e+03
6.620000000000000000e+02,-1.227000000000000000e+03
6.620000000000000000e+02,-1.227000000000000000e+03
6.620000000000000000e+02,-1.227000000000000000e+03
6.620000000000000000e+02,-1.227000000000000000e+03
6.710000000000000000e+02,-1.213000000000000000e+03
6.870000000000000000e+02,-1.218000000000000000e+03
7.190000000000000000e+02,-1.213000000000000000e+03
7.580000000000000000e+02,-1.215000000000000000e+03
8.080000000000000000e+02,-1.212000000000000000e+03
8.610000000000000000e+02,-1.212000000000000000e+03
9.150000000000000000e+02,-1.210000000000000000e+03
9.660000000000000000e+02,-1.212000000000000000e+03
1.013000000000000000e+03,-1.218000000000000000e+03
1.045000000000000000e+03,-1.227000000000000000e+03
1.063000000000000000e+03,-1.242000000000000000e+03
1.063000000000000000e+03,-1.264000000000000000e+03
1.046000000000000000e+03,-1.292000000000000000e+03
1.016000000000000000e+03,-1.326000000000000000e+03
9.750000000000000000e+02,-1.365000000000000000e+03
9.260000000000000000e+02,-1.412000000000000000e+03
8.710000000000000000e+02,-1.459000000000000000e+03
8.160000000000000000e+02,-1.510000000000000000e+03
7.640000000000000000e+02,-1.560000000000000000e+03
7.220000000000000000e+02,-1.608000000000000000e+03
6.900000000000000000e+02,-1.652000000000000000e+03
6.710000000000000000e+02,-1.692000000000000000e+03
6.680000000000000000e+02,-1.727000000000000000e+03
6.800000000000000000e+02,-1.754000000000000000e+03
7.060000000000000000e+02,-1.774000000000000000e+03
7.430000000000000000e+02,-1.786000000000000000e+03
7.930000000000000000e+02,-1.792000000000000000e+03
8.490000000000000000e+02,-1.795000000000000000e+03
9.110000000000000000e+02,-1.793000000000000000e+03
9.680000000000000000e+02,-1.790000000000000000e+03
1.025000000000000000e+03,-1.783000000000000000e+03
1.075000000000000000e+03,-1.777000000000000000e+03
1.116000000000000000e+03,-1.768000000000000000e+03
1.149000000000000000e+03,-1.759000000000000000e+03
1.168000000000000000e+03,-1.750000000000000000e+03
1.188000000000000000e+03,-1.730000000000000000e+03
1.198000000000000000e+03,-1.715000000000000000e+03
1.198000000000000000e+03,-1.699000000000000000e+03
1.195000000000000000e+03,-1.680000000000000000e+03
1.183000000000000000e+03,-1.664000000000000000e+03
