1.339505408712853840e-01,8.179959509550323027e-01
1.539951891474048429e-01,8.781298957833907348e-01
2.021023450100915830e-01,9.502906295774208312e-01
2.742630788041217071e-01,1.046504941302794256e+00
3.664684608742712624e-01,1.138710323372943867e+00
5.107899284623315106e-01,1.275013931650556431e+00
6.751560443265112177e-01,1.415326469583392699e+00
8.595668084668103281e-01,1.523567570274437788e+00
1.031950783641437885e+00,1.627799741310259174e+00
1.200325829160841407e+00,1.715996193725184860e+00
1.320593718817558271e+00,1.760094419932647591e+00
