-6.992718727183394600e-01,-8.723103670203502524e-01
-6.992718727183394600e-01,-8.723103670203502524e-01
-6.992718727183394600e-01,-8.723103670203502524e-01
-6.591825761661005423e-01,-8.843371559860219167e-01
-6.231022092690854386e-01,-8.562746483994546631e-01
-5.830129127168465208e-01,-8.242032111576634845e-01
-5.228789678884880887e-01,-7.520424773636333882e-01
-4.587360934049057315e-01,-6.919085325352749560e-01
-3.745485706452039709e-01,-5.876763614994536811e-01
-3.023878368511738746e-01,-4.874531201188563867e-01
-2.222092437466959558e-01,-3.591673711516917278e-01
-1.500485099526658594e-01,-2.388994814949748913e-01
-8.991456512430742731e-02,-1.025958732173624516e-01
-4.581633891684457754e-02,1.767201643935439534e-02
-9.735972019829524163e-03,1.339309764408473380e-01
2.290816945842160442e-03,2.221274288557730237e-01
2.290816945842160442e-03,2.942881626498031200e-01
-1.374490167505341975e-02,3.383863888572659628e-01
-1.374490167505341975e-02,3.383863888572659628e-01
-5.784312788251626258e-02,3.464042481677137575e-01
-8.590563546908352999e-02,3.103238812706987093e-01
-1.219860023660985782e-01,2.381631474766686130e-01
-1.460395802974419621e-01,1.499666950617429273e-01
-1.741020878840092156e-01,2.969880540502608038e-02
-1.861288768496809076e-01,-8.255122494124297883e-02
-1.901378065049048049e-01,-2.148459035636315073e-01
-1.781110175392331130e-01,-3.351137932203483438e-01
-1.700931582287853183e-01,-4.633995421875130027e-01
-1.380217209869941675e-01,-5.676317132233342777e-01
-1.059502837452030027e-01,-6.518192359830360383e-01
-6.586098719296405724e-02,-7.159621104666183955e-01
-2.176276098550120747e-02,-7.400156883979617239e-01
1.431760591151384591e-02,-7.600603366740812383e-01
6.242476177420058087e-02,-7.400156883979617239e-01
9.850512867121563598e-02,-7.159621104666183955e-01
9.850512867121563598e-02,-7.159621104666183955e-01
1.586390734995740681e-01,-6.317745877069166349e-01
1.786837217756935270e-01,-5.836674318442298670e-01
