8.920000000000000000e+02,-1.236000000000000000e+03
8.730000000000000000e+02,-1.234000000000000000e+03
8.730000000000000000e+02,-1.234000000000000000e+03
8.730000000000000000e+02,-1.234000000000000000e+03
8.730000000000000000e+02,-1.234000000000000000e+03
8.730000000000000000e+02,-1.234000000000000000e+03
8.730000000000000000e+02,-1.234000000000000000e+03
8.730000000000000000e+02,-1.234000000000000000e+03
8.760000000000000000e+02,-1.252000000000000000e+03
8.770000000000000000e+02,-1.266000000000000000e+03
8.730000000000000000e+02,-1.292000000000000000e+03
8.730000000000000000e+02,-1.320000000000000000e+03
8.700000000000000000e+02,-1.361000000000000000e+03
8.740000000000000000e+02,-1.403000000000000000e+03
8.740000000000000000e+02,-1.457000000000000000e+03
8.830000000000000000e+02,-1.510000000000000000e+03
8.890000000000000000e+02,-1.567000000000000000e+03
9.040000000000000000e+02,-1.620000000000000000e+03
9.170000000000000000e+02,-1.671000000000000000e+03
9.330000000000000000e+02,-1.715000000000000000e+03
9.470000000000000000e+02,-1.754000000000000000e+03
9.600000000000000000e+02,-1.786000000000000000e+03
9.710000000000000000e+02,-1.810000000000000000e+03
9.800000000000000000e+02,-1.830000000000000000e+03
9.840000000000000000e+02,-1.843000000000000000e+03
9.840000000000000000e+02,-1.843000000000000000e+03
9.840000000000000000e+02,-1.843000000000000000e+03
9.840000000000000000e+02,-1.843000000000000000e+03
9.840000000000000000e+02,-1.843000000000000000e+03
9.840000000000000000e+02,-1.843000000000000000e+03
9.810000000000000000e+02,-1.821000000000000000e+03
9.810000000000000000e+02,-1.800000000000000000e+03
9.750000000000000000e+02,-1.774000000000000000e+03
9.710000000000000000e+02,-1.738000000000000000e+03
9.570000000000000000e+02,-1.700000000000000000e+03
