-2.369123236635198859e-01,1.825296509943864498e+00
-2.529480422844154752e-01,1.865385806496103305e+00
-2.529480422844154752e-01,1.865385806496103305e+00
-3.010551981471021876e-01,1.837323298909536051e+00
-3.130819871127739074e-01,1.761153635460282141e+00
-3.331266353888933662e-01,1.636876816148341351e+00
-3.251087760784455716e-01,1.492555348560281159e+00
-3.251087760784455716e-01,1.284091006488638609e+00
-3.130819871127739074e-01,1.071617734761772134e+00
-3.090730574575499823e-01,8.270730257931145912e-01
-2.890284091814305234e-01,5.945551057901287129e-01
-2.810105498709827287e-01,3.580282561319189094e-01
-2.689837609053110645e-01,1.655996326811719488e-01
-2.569569719396393448e-01,-1.079327214867943641e-02
-2.489391126291915501e-01,-1.551147397367396430e-01
-2.529480422844154752e-01,-2.593469107725609457e-01
-2.529480422844154752e-01,-3.395255038770388367e-01
-2.689837609053110645e-01,-3.916415893949494742e-01
-2.689837609053110645e-01,-3.916415893949494742e-01
-3.050641278023261127e-01,-4.237130266367405973e-01
-3.050641278023261127e-01,-4.237130266367405973e-01
-3.050641278023261127e-01,-4.237130266367405973e-01
-3.491623540097889555e-01,-3.635790818083821652e-01
-3.411444946993411609e-01,-3.194808556009193223e-01
-3.210998464232216465e-01,-2.713736997382326099e-01
-2.649748312500871394e-01,-2.232665438755458698e-01
-1.888051678008331458e-01,-1.751593880128591296e-01
-9.259085607545966545e-02,-1.270522321501723895e-01
2.767703358125718840e-02,-9.097186525315734129e-02
1.639806418588696246e-01,-6.691828732181397121e-02
3.002842501364820227e-01,-5.890042801136617656e-02
4.446057177245422709e-01,-7.894507628748564931e-02
5.809093260021547245e-01,-1.150254431845007114e-01
6.971682860036476637e-01,-1.831772473233069243e-01
7.853647384185733493e-01,-2.673647700830086849e-01
8.495076129021555955e-01,-3.715969411188299598e-01
8.815790501439467741e-01,-4.878559011203229545e-01
8.695522611782751099e-01,-6.161416500874875579e-01
8.294629646260361922e-01,-7.243827507785327580e-01
7.452754418663344316e-01,-8.246059921591301078e-01
6.410432708305131566e-01,-8.967667259531602042e-01
5.007307328976767780e-01,-9.408649521606230470e-01
3.524003356543926602e-01,-9.488828114710708972e-01
2.000610087558846728e-01,-9.368560225053991219e-01
5.974847082304834966e-02,-8.887488666427124651e-01
-6.452834848889239805e-02,-8.085702735382345185e-01
-1.647515898694897618e-01,-7.163648914680849078e-01
-2.088498160769526046e-01,-6.041148611218158937e-01
-2.369123236635198859e-01,-5.279451976725618723e-01
-2.128587457321765020e-01,-4.397487452576361866e-01
-1.527248009038180976e-01,-3.675880114636060902e-01
-6.452834848889239805e-02,-3.234897852561432474e-01
