1.152000000000000000e+03,-6.690000000000000000e+02
1.144000000000000000e+03,-6.410000000000000000e+02
1.147000000000000000e+03,-6.180000000000000000e+02
1.147000000000000000e+03,-6.180000000000000000e+02
1.128000000000000000e+03,-6.280000000000000000e+02
1.128000000000000000e+03,-6.450000000000000000e+02
1.122000000000000000e+03,-6.830000000000000000e+02
1.128000000000000000e+03,-7.230000000000000000e+02
1.126000000000000000e+03,-7.850000000000000000e+02
1.137000000000000000e+03,-8.500000000000000000e+02
1.140000000000000000e+03,-9.240000000000000000e+02
1.150000000000000000e+03,-9.950000000000000000e+02
1.158000000000000000e+03,-1.069000000000000000e+03
1.167000000000000000e+03,-1.133000000000000000e+03
1.171000000000000000e+03,-1.192000000000000000e+03
1.176000000000000000e+03,-1.236000000000000000e+03
1.177000000000000000e+03,-1.269000000000000000e+03
1.180000000000000000e+03,-1.287000000000000000e+03
1.180000000000000000e+03,-1.301000000000000000e+03
1.180000000000000000e+03,-1.301000000000000000e+03
1.180000000000000000e+03,-1.301000000000000000e+03
1.171000000000000000e+03,-1.283000000000000000e+03
1.159000000000000000e+03,-1.267000000000000000e+03
1.147000000000000000e+03,-1.246000000000000000e+03
1.132000000000000000e+03,-1.228000000000000000e+03
1.113000000000000000e+03,-1.209000000000000000e+03
1.087000000000000000e+03,-1.194000000000000000e+03
1.058000000000000000e+03,-1.185000000000000000e+03
1.021000000000000000e+03,-1.185000000000000000e+03
9.860000000000000000e+02,-1.192000000000000000e+03
9.480000000000000000e+02,-1.212000000000000000e+03
9.120000000000000000e+02,-1.243000000000000000e+03
8.770000000000000000e+02,-1.281000000000000000e+03
8.460000000000000000e+02,-1.329000000000000000e+03
8.200000000000000000e+02,-1.387000000000000000e+03
8.000000000000000000e+02,-1.450000000000000000e+03
7.960000000000000000e+02,-1.521000000000000000e+03
7.970000000000000000e+02,-1.590000000000000000e+03
8.140000000000000000e+02,-1.659000000000000000e+03
8.410000000000000000e+02,-1.721000000000000000e+03
8.850000000000000000e+02,-1.772000000000000000e+03
9.420000000000000000e+02,-1.809000000000000000e+03
1.013000000000000000e+03,-1.828000000000000000e+03
1.096000000000000000e+03,-1.827000000000000000e+03
1.182000000000000000e+03,-1.804000000000000000e+03
1.266000000000000000e+03,-1.771000000000000000e+03
1.351000000000000000e+03,-1.724000000000000000e+03
1.419000000000000000e+03,-1.682000000000000000e+03
1.473000000000000000e+03,-1.635000000000000000e+03
1.511000000000000000e+03,-1.590000000000000000e+03
1.527000000000000000e+03,-1.551000000000000000e+03
