5.345907695241064461e-01,9.451051662190331770e-01
5.105371915927631177e-01,9.892033924264960199e-01
4.624300357300763498e-01,9.932123220817199449e-01
3.902693019360462534e-01,9.811855331160482807e-01
3.221174977972400266e-01,9.611408848399287663e-01
1.938317488300754232e-01,8.689355027697792666e-01
8.959957779425414826e-02,7.807390503548535809e-01
-5.071296013858218182e-02,6.283997234563455381e-01
-1.629629904848512445e-01,4.600246779369419614e-01
-2.712040911758963890e-01,2.435424765548516168e-01
-3.473737546251504105e-01,1.904241586231350189e-02
-3.954809104878371229e-01,-2.174844337958962981e-01
-4.034987697982849175e-01,-4.500023537988822042e-01
-3.754362622117176640e-01,-6.584666958705247541e-01
-3.233201766938070265e-01,-8.468863896660477897e-01
-2.190880056579857793e-01,-9.871989275988841683e-01
-1.228736939326122851e-01,-1.095440028289929257e+00
-3.467724151768659946e-02,-1.171609691739183390e+00
6.153707020768688085e-02,-1.207690058636198271e+00
1.417156633121647857e-01,-1.235752566222765525e+00
