5.880000000000000000e+02,-7.480000000000000000e+02
5.880000000000000000e+02,-7.480000000000000000e+02
5.770000000000000000e+02,-7.510000000000000000e+02
5.770000000000000000e+02,-7.510000000000000000e+02
5.810000000000000000e+02,-7.420000000000000000e+02
5.810000000000000000e+02,-7.420000000000000000e+02
6.080000000000000000e+02,-7.280000000000000000e+02
6.340000000000000000e+02,-7.150000000000000000e+02
6.650000000000000000e+02,-6.980000000000000000e+02
7.060000000000000000e+02,-6.730000000000000000e+02
7.480000000000000000e+02,-6.480000000000000000e+02
7.870000000000000000e+02,-6.240000000000000000e+02
8.290000000000000000e+02,-5.960000000000000000e+02
8.660000000000000000e+02,-5.700000000000000000e+02
