7.910000000000000000e+02,-1.159000000000000000e+03
7.910000000000000000e+02,-1.159000000000000000e+03
7.990000000000000000e+02,-1.141000000000000000e+03
7.990000000000000000e+02,-1.141000000000000000e+03
8.050000000000000000e+02,-1.156000000000000000e+03
8.130000000000000000e+02,-1.173000000000000000e+03
8.140000000000000000e+02,-1.203000000000000000e+03
8.230000000000000000e+02,-1.234000000000000000e+03
8.200000000000000000e+02,-1.283000000000000000e+03
8.260000000000000000e+02,-1.331000000000000000e+03
8.250000000000000000e+02,-1.391000000000000000e+03
8.250000000000000000e+02,-1.444000000000000000e+03
8.200000000000000000e+02,-1.500000000000000000e+03
8.190000000000000000e+02,-1.546000000000000000e+03
8.140000000000000000e+02,-1.589000000000000000e+03
8.100000000000000000e+02,-1.620000000000000000e+03
8.100000000000000000e+02,-1.643000000000000000e+03
8.020000000000000000e+02,-1.662000000000000000e+03
8.020000000000000000e+02,-1.662000000000000000e+03
8.020000000000000000e+02,-1.662000000000000000e+03
8.020000000000000000e+02,-1.662000000000000000e+03
7.900000000000000000e+02,-1.629000000000000000e+03
