7.240000000000000000e+02,-2.362000000000000000e+03
7.240000000000000000e+02,-2.362000000000000000e+03
7.390000000000000000e+02,-2.368000000000000000e+03
7.390000000000000000e+02,-2.368000000000000000e+03
7.630000000000000000e+02,-2.350000000000000000e+03
7.810000000000000000e+02,-2.335000000000000000e+03
8.030000000000000000e+02,-2.312000000000000000e+03
8.290000000000000000e+02,-2.289000000000000000e+03
8.610000000000000000e+02,-2.259000000000000000e+03
8.890000000000000000e+02,-2.229000000000000000e+03
9.200000000000000000e+02,-2.194000000000000000e+03
9.470000000000000000e+02,-2.166000000000000000e+03
9.680000000000000000e+02,-2.136000000000000000e+03
9.830000000000000000e+02,-2.114000000000000000e+03
9.950000000000000000e+02,-2.096000000000000000e+03
1.002000000000000000e+03,-2.083000000000000000e+03
1.002000000000000000e+03,-2.083000000000000000e+03
1.007000000000000000e+03,-2.063000000000000000e+03
1.007000000000000000e+03,-2.063000000000000000e+03
1.012000000000000000e+03,-2.045000000000000000e+03
1.022000000000000000e+03,-2.030000000000000000e+03
1.022000000000000000e+03,-2.030000000000000000e+03
1.039000000000000000e+03,-1.991000000000000000e+03
