-7.790953891962119071e-01,4.577395880334645950e-01
-7.790953891962119071e-01,4.577395880334645950e-01
-7.790953891962119071e-01,4.577395880334645950e-01
-7.790953891962119071e-01,4.577395880334645950e-01
-7.991400374723313105e-01,3.615252763080911147e-01
-8.392293340245703392e-01,2.653109645827176344e-01
-8.953543491977048463e-01,1.450430749260007701e-01
-9.434615050603915032e-01,4.730536993164451316e-03
-9.915686609230782711e-01,-1.636445085262391297e-01
-1.027649027820093375e+00,-3.280106243904188368e-01
-1.059720465061884553e+00,-4.963856699098224134e-01
-1.047693676096212778e+00,-6.366982078426587366e-01
-1.011613309199197674e+00,-7.369214492232560865e-01
-9.514793643708393533e-01,-7.970553940516145186e-01
-8.392293340245703392e-01,-8.291268312934056972e-01
-7.149525147126295499e-01,-8.050732533620623688e-01
-5.706310471245693572e-01,-7.489482381889277507e-01
-3.982470719499418554e-01,-6.487249968083304008e-01
-2.258630967753143537e-01,-5.284571071516135365e-01
-6.149698091113467435e-02,-3.761177802531055492e-01
8.282448667692554611e-02,-2.117516643889258698e-01
2.231370246097618693e-01,-5.540340783519397128e-02
3.273691956455831442e-01,9.693591906331402996e-02
4.035388590948371101e-01,2.212127383752547638e-01
4.476370853022999530e-01,3.374716983767477307e-01
4.636728039231955423e-01,4.056235025155539575e-01
4.636728039231955423e-01,4.056235025155539575e-01
4.636728039231955423e-01,4.056235025155539575e-01
3.674584921978220620e-01,3.294538390662999361e-01
3.153424066799114245e-01,2.212127383752547638e-01
2.592173915067769174e-01,8.490913009764235186e-02
2.271459542649857666e-01,-6.342126714564176593e-02
2.030923763336423826e-01,-2.317963126650453565e-01
2.151191652993140746e-01,-3.801267099083294743e-01
2.471906025411052255e-01,-5.284571071516135365e-01
3.153424066799114245e-01,-6.286803485322109974e-01
4.035388590948371101e-01,-7.208857306023604972e-01
5.117799597858823102e-01,-7.689928864650472651e-01
6.520924977187185778e-01,-7.850286050859428544e-01
7.723603873754354421e-01,-7.810196754307189293e-01
9.126729253082718207e-01,-7.369214492232560865e-01
1.061003322551555828e+00,-6.527339264635543259e-01
1.153208704621705438e+00,-5.925999816351958938e-01
1.261449805312750749e+00,-4.723320919784790295e-01
