-1.095991256117522683e+00,-1.064871939668847051e-01
-1.095991256117522683e+00,-1.064871939668847051e-01
-1.095991256117522683e+00,-1.064871939668847051e-01
-1.095991256117522683e+00,-1.064871939668847051e-01
-1.095991256117522683e+00,-1.064871939668847051e-01
-1.007794803702596997e+00,-1.425675608638997671e-01
-8.915358437011040582e-01,-1.425675608638997671e-01
-7.472143761130438655e-01,-1.425675608638997671e-01
-5.547857526622969049e-01,-1.185139829325563970e-01
-3.463214105906544105e-01,-9.446040500121302697e-02
-1.138034905876685043e-01,-5.838003810419797185e-02
1.227233590705412991e-01,-1.428181189673512555e-02
3.552412790735272052e-01,2.580748465550382342e-02
5.717234804556174943e-01,6.188785155251887854e-02
7.521253149406927907e-01,8.995035913908613900e-02
8.924378528735291694e-01,1.059860777599817283e-01
9.766253756332309299e-01,1.140039370704295091e-01
1.036759320461589251e+00,1.140039370704295091e-01
1.036759320461589251e+00,1.140039370704295091e-01
1.036759320461589251e+00,4.585213293162329617e-02
1.036759320461589251e+00,4.585213293162329617e-02
9.726164459780070048e-01,2.179855500027992957e-02
