-7.183273045860267825e-01,7.977249373680588285e-01
-7.944969680352808039e-01,8.458320932307455964e-01
-7.944969680352808039e-01,8.458320932307455964e-01
-7.944969680352808039e-01,8.458320932307455964e-01
-8.546309128636392360e-01,8.859213897829845141e-01
-8.546309128636392360e-01,8.859213897829845141e-01
-8.546309128636392360e-01,8.859213897829845141e-01
-8.546309128636392360e-01,8.859213897829845141e-01
-9.147648576919976682e-01,8.939392490934323643e-01
-9.147648576919976682e-01,8.939392490934323643e-01
-9.147648576919976682e-01,8.939392490934323643e-01
-9.147648576919976682e-01,8.939392490934323643e-01
-9.147648576919976682e-01,8.939392490934323643e-01
-9.267916466576693324e-01,9.500642642665668713e-01
-9.267916466576693324e-01,9.500642642665668713e-01
-9.267916466576693324e-01,9.500642642665668713e-01
-9.267916466576693324e-01,9.500642642665668713e-01
-8.987291390711020789e-01,8.698856711620889248e-01
-8.666577018293109003e-01,7.897070780576110893e-01
-8.185505459666241324e-01,7.015106256426854037e-01
-7.664344604487135504e-01,5.812427359859685394e-01
-6.862558673442356039e-01,4.329123387426844216e-01
-5.940504852740859931e-01,2.765640821889525092e-01
-5.058540328591603075e-01,1.081890366695489325e-01
-4.216665100994585469e-01,-8.023065712597413079e-02
-3.294611280293089917e-01,-2.486057026453777352e-01
-2.492825349248310729e-01,-4.370253964409007708e-01
-1.771218011308009765e-01,-6.094093716155282170e-01
-1.370325045785620310e-01,-7.978290654110513636e-01
-8.090748940542749623e-02,-9.662041109304548847e-01
-6.888070043975580425e-02,-1.146605945415530181e+00
-4.482712250841243418e-02,-1.306963131624486074e+00
-4.482712250841243418e-02,-1.467320317833441745e+00
-5.284498181886022883e-02,-1.607632855766278013e+00
-6.487177078453190693e-02,-1.735918604733442727e+00
-6.888070043975580425e-02,-1.832132916458816263e+00
-8.090748940542749623e-02,-1.908302579908070173e+00
-8.090748940542749623e-02,-1.908302579908070173e+00
-8.090748940542749623e-02,-1.908302579908070173e+00
-8.090748940542749623e-02,-1.908302579908070173e+00
-1.490592935442336953e-01,-1.880240072321502920e+00
-1.610860825099053872e-01,-1.796052549561801159e+00
-1.891485900964726408e-01,-1.687811448870756070e+00
-2.132021680278160247e-01,-1.551507840593143506e+00
-2.372557459591593809e-01,-1.407186373005083313e+00
-2.813539721666222237e-01,-1.270882764727470970e+00
-3.134254094084134024e-01,-1.130570226794634703e+00
-3.414879169949806559e-01,-9.782308998961265489e-01
-3.655414949263240398e-01,-8.419272916185142064e-01
-3.735593542367718345e-01,-7.136415426513494920e-01
-3.535147059606523201e-01,-5.733290047185132243e-01
-3.134254094084134024e-01,-4.410343260961246958e-01
-2.573003942352788398e-01,-3.087396474737361673e-01
-1.650950121651292846e-01,-1.684271095408998165e-01
-4.482712250841243418e-02,-2.009671229761571254e-02
9.147648576919999164e-02,1.282336849456683914e-01
2.518336719781558153e-01,2.645372932232808449e-01
4.202087174975593920e-01,4.088587608113410377e-01
5.845748333617390990e-01,5.371445097785056966e-01
7.409230899154709560e-01,6.574123994352225608e-01
8.852445575035311487e-01,7.536267111605959856e-01
1.017539236125919677e+00,8.458320932307455964e-01
1.121771407161741063e+00,9.059660380591040285e-01
1.209967859576666749e+00,9.380374753008952071e-01
1.278119663715472809e+00,9.500642642665668713e-01
1.278119663715472809e+00,9.500642642665668713e-01
1.362307186475174570e+00,8.939392490934323643e-01
1.362307186475174570e+00,8.939392490934323643e-01
1.422441131303533002e+00,8.017338670232827536e-01
1.422441131303533002e+00,8.017338670232827536e-01
1.490592935442339284e+00,7.175463442635809930e-01
1.490592935442339284e+00,7.175463442635809930e-01
1.590816176822936745e+00,7.015106256426854037e-01
1.650950121651295177e+00,6.894838366770137394e-01
1.650950121651295177e+00,6.894838366770137394e-01
1.719101925790101237e+00,7.415999221949243214e-01
1.719101925790101237e+00,7.415999221949243214e-01
