7.780000000000000000e+02,-1.462000000000000000e+03
7.780000000000000000e+02,-1.462000000000000000e+03
7.780000000000000000e+02,-1.462000000000000000e+03
7.780000000000000000e+02,-1.462000000000000000e+03
7.780000000000000000e+02,-1.462000000000000000e+03
7.780000000000000000e+02,-1.462000000000000000e+03
7.780000000000000000e+02,-1.462000000000000000e+03
7.780000000000000000e+02,-1.462000000000000000e+03
7.780000000000000000e+02,-1.462000000000000000e+03
8.460000000000000000e+02,-1.512000000000000000e+03
8.460000000000000000e+02,-1.512000000000000000e+03
8.730000000000000000e+02,-1.572000000000000000e+03
8.730000000000000000e+02,-1.572000000000000000e+03
8.940000000000000000e+02,-1.637000000000000000e+03
8.940000000000000000e+02,-1.637000000000000000e+03
8.940000000000000000e+02,-1.637000000000000000e+03
9.260000000000000000e+02,-1.723000000000000000e+03
9.260000000000000000e+02,-1.723000000000000000e+03
9.260000000000000000e+02,-1.723000000000000000e+03
9.590000000000000000e+02,-1.793000000000000000e+03
9.590000000000000000e+02,-1.793000000000000000e+03
9.590000000000000000e+02,-1.793000000000000000e+03
9.590000000000000000e+02,-1.793000000000000000e+03
9.590000000000000000e+02,-1.793000000000000000e+03
