1.396000000000000000e+03,-4.020000000000000000e+02
1.396000000000000000e+03,-4.020000000000000000e+02
1.376000000000000000e+03,-4.170000000000000000e+02
1.357000000000000000e+03,-4.520000000000000000e+02
1.336000000000000000e+03,-4.970000000000000000e+02
1.315000000000000000e+03,-5.500000000000000000e+02
1.292000000000000000e+03,-6.040000000000000000e+02
1.280000000000000000e+03,-6.500000000000000000e+02
1.268000000000000000e+03,-6.980000000000000000e+02
1.271000000000000000e+03,-7.320000000000000000e+02
