6.230000000000000000e+02,-1.223000000000000000e+03
6.230000000000000000e+02,-1.223000000000000000e+03
6.230000000000000000e+02,-1.223000000000000000e+03
6.230000000000000000e+02,-1.242000000000000000e+03
6.180000000000000000e+02,-1.267000000000000000e+03
6.140000000000000000e+02,-1.303000000000000000e+03
6.030000000000000000e+02,-1.351000000000000000e+03
5.970000000000000000e+02,-1.404000000000000000e+03
5.830000000000000000e+02,-1.469000000000000000e+03
5.790000000000000000e+02,-1.529000000000000000e+03
5.670000000000000000e+02,-1.600000000000000000e+03
5.640000000000000000e+02,-1.663000000000000000e+03
5.580000000000000000e+02,-1.728000000000000000e+03
5.580000000000000000e+02,-1.781000000000000000e+03
5.560000000000000000e+02,-1.826000000000000000e+03
5.590000000000000000e+02,-1.861000000000000000e+03
5.620000000000000000e+02,-1.886000000000000000e+03
5.620000000000000000e+02,-1.886000000000000000e+03
5.820000000000000000e+02,-1.895000000000000000e+03
5.980000000000000000e+02,-1.879000000000000000e+03
6.200000000000000000e+02,-1.852000000000000000e+03
6.470000000000000000e+02,-1.815000000000000000e+03
6.770000000000000000e+02,-1.770000000000000000e+03
7.120000000000000000e+02,-1.720000000000000000e+03
7.480000000000000000e+02,-1.669000000000000000e+03
7.840000000000000000e+02,-1.621000000000000000e+03
8.220000000000000000e+02,-1.576000000000000000e+03
8.590000000000000000e+02,-1.535000000000000000e+03
8.950000000000000000e+02,-1.499000000000000000e+03
9.330000000000000000e+02,-1.466000000000000000e+03
9.690000000000000000e+02,-1.438000000000000000e+03
1.004000000000000000e+03,-1.413000000000000000e+03
1.040000000000000000e+03,-1.390000000000000000e+03
1.072000000000000000e+03,-1.369000000000000000e+03
1.100000000000000000e+03,-1.348000000000000000e+03
1.117000000000000000e+03,-1.336000000000000000e+03
1.117000000000000000e+03,-1.336000000000000000e+03
1.135000000000000000e+03,-1.318000000000000000e+03
1.135000000000000000e+03,-1.318000000000000000e+03
1.116000000000000000e+03,-1.318000000000000000e+03
