1.513221357919587451e-01,-4.213564571953238302e-01
1.513221357919587451e-01,-4.213564571953238302e-01
-1.453386586946094905e-01,-4.814904020236822624e-01
-1.453386586946094905e-01,-4.814904020236822624e-01
-1.453386586946094905e-01,-4.814904020236822624e-01
-1.453386586946094905e-01,-4.814904020236822624e-01
-1.453386586946094905e-01,-4.814904020236822624e-01
-1.453386586946094905e-01,-4.814904020236822624e-01
-1.453386586946094905e-01,-4.814904020236822624e-01
1.473132061367348478e-01,-4.333832461609955500e-01
1.473132061367348478e-01,-4.333832461609955500e-01
4.359561413128552609e-01,-3.171242861595026108e-01
4.359561413128552609e-01,-3.171242861595026108e-01
