-9.173085570279656542e-01,1.539224450378667841e+00
-9.173085570279656542e-01,1.539224450378667841e+00
-9.173085570279656542e-01,1.539224450378667841e+00
-9.132996273727417291e-01,1.615394113827921974e+00
-9.132996273727417291e-01,1.615394113827921974e+00
-9.132996273727417291e-01,1.615394113827921974e+00
-9.533889239249807579e-01,1.675528058656280406e+00
-9.533889239249807579e-01,1.675528058656280406e+00
-9.533889239249807579e-01,1.675528058656280406e+00
-9.854603611667719365e-01,1.735662003484638838e+00
-9.854603611667719365e-01,1.735662003484638838e+00
-9.854603611667719365e-01,1.735662003484638838e+00
-9.854603611667719365e-01,1.735662003484638838e+00
-9.854603611667719365e-01,1.735662003484638838e+00
-9.854603611667719365e-01,1.735662003484638838e+00
-9.854603611667719365e-01,1.735662003484638838e+00
-9.854603611667719365e-01,1.735662003484638838e+00
-9.854603611667719365e-01,1.735662003484638838e+00
-9.854603611667719365e-01,1.735662003484638838e+00
-9.854603611667719365e-01,1.735662003484638838e+00
-9.654157128906524221e-01,1.671519129001056481e+00
-9.614067832354284970e-01,1.603367324862250198e+00
-9.373532053040851686e-01,1.531206591068220213e+00
-9.253264163384135044e-01,1.426974420032398827e+00
-9.012728384070700649e-01,1.306706530375681963e+00
-8.732103308205028114e-01,1.158376133132397845e+00
-8.451478232339355579e-01,9.980189469234420629e-01
-8.130763859921443792e-01,8.055903234726951023e-01
-7.729870894399054615e-01,6.011349110562764775e-01
-7.369067225428903578e-01,3.646080613980666740e-01
-6.928084963354275150e-01,1.160544227741852064e-01
-6.527191997831885972e-01,-1.485349344705918506e-01
-6.086209735757257544e-01,-4.251510806810406273e-01
-5.725406066787107617e-01,-7.218118751676088074e-01
-5.364602397816956580e-01,-1.018472669654177043e+00
-5.003798728846805544e-01,-1.303106675175073503e+00
-4.642995059876655617e-01,-1.563687102764626857e+00
-4.322280687458743831e-01,-1.812240741388508214e+00
-3.961477018488593349e-01,-2.028722942770598614e+00
-3.680851942622920814e-01,-2.221151566221345686e+00
-3.360137570205009028e-01,-2.373490893119853506e+00
-3.079512494339336492e-01,-2.493758782776570371e+00
-2.758798121921424706e-01,-2.610017742778063532e+00
-2.478173046055752171e-01,-2.682178476572093295e+00
-2.237637266742318609e-01,-2.754339210366123503e+00
-2.237637266742318609e-01,-2.754339210366123503e+00
-1.876833597772167850e-01,-2.838526733125825263e+00
-1.876833597772167850e-01,-2.838526733125825263e+00
-1.876833597772167850e-01,-2.838526733125825263e+00
-1.876833597772167850e-01,-2.838526733125825263e+00
-1.876833597772167850e-01,-2.838526733125825263e+00
-1.876833597772167850e-01,-2.838526733125825263e+00
-1.876833597772167850e-01,-2.838526733125825263e+00
-1.876833597772167850e-01,-2.838526733125825263e+00
-1.636297818458734288e-01,-2.746321351055675652e+00
-1.636297818458734288e-01,-2.746321351055675652e+00
-1.556119225354256341e-01,-2.658124898640750189e+00
-1.556119225354256341e-01,-2.658124898640750189e+00
-1.435851335697539422e-01,-2.561910586915376431e+00
-1.315583446040822779e-01,-2.505785571742241924e+00
-1.195315556384105860e-01,-2.445651626913883714e+00
-1.075047666727388940e-01,-2.377499822775077654e+00
-8.345118874139553777e-02,-2.301330159325823299e+00
-5.939761081005216076e-02,-2.197097988290002135e+00
-2.331724391303710564e-02,-2.088856887598956824e+00
2.478991194964963105e-02,-1.956562208976568407e+00
8.091492712278415544e-02,-1.800213952422836661e+00
1.410488719511425737e-01,-1.615803188282537439e+00
2.172185354003965951e-01,-1.419365635176566443e+00
3.014060581600983557e-01,-1.186847715173580564e+00
4.056382291959196307e-01,-9.423030062049230215e-01
5.138793298869648307e-01,-6.817225786153698897e-01
6.421650788541294341e-01,-4.010975027496972434e-01
7.624329685108462984e-01,-1.244813565392484944e-01
8.827008581675631627e-01,1.401080007055285626e-01
9.909419588586082517e-01,4.087062876055295169e-01
1.095174129894429527e+00,6.612688558846349096e-01
1.179361652654131287e+00,8.857689165771730488e-01
1.259540245758609345e+00,1.098242188304039413e+00
1.319674190586967777e+00,1.282652952444338634e+00
1.367781346449654434e+00,1.471072646239861781e+00
1.407870643001893463e+00,1.627420902793593527e+00
1.443951009898908344e+00,1.779760229692101570e+00
1.476022447140699523e+00,1.920072767624937837e+00
1.504084954727266776e+00,2.032322797971207073e+00
1.528138532658610327e+00,2.136554969007028237e+00
1.548183180934729730e+00,2.220742491766729998e+00
1.560209969900401283e+00,2.292903225560760205e+00
1.560209969900401283e+00,2.292903225560760205e+00
1.572236758866073059e+00,2.361055029699566266e+00
1.572236758866073059e+00,2.361055029699566266e+00
1.572236758866073059e+00,2.361055029699566266e+00
1.560209969900401283e+00,2.276867506939864505e+00
1.560209969900401283e+00,2.276867506939864505e+00
1.604308196107864237e+00,2.148581757972699791e+00
1.616334985073536012e+00,2.044349586936878627e+00
1.644397492660103266e+00,1.948135275211505091e+00
1.656424281625774819e+00,1.839894174520460002e+00
