-4.470975784978502288e-02,4.834497372358986800e-01
-4.470975784978502288e-02,4.834497372358986800e-01
-4.470975784978502288e-02,4.834497372358986800e-01
3.397398012901717713e-03,6.478158531000783871e-01
3.397398012901717713e-03,6.478158531000783871e-01
3.397398012901717713e-03,6.478158531000783871e-01
3.397398012901717713e-03,6.478158531000783871e-01
3.397398012901717713e-03,6.478158531000783871e-01
3.397398012901717713e-03,6.478158531000783871e-01
3.397398012901717713e-03,6.478158531000783871e-01
3.397398012901717713e-03,6.478158531000783871e-01
3.397398012901717713e-03,6.478158531000783871e-01
3.397398012901717713e-03,6.478158531000783871e-01
3.397398012901717713e-03,6.478158531000783871e-01
3.397398012901717713e-03,6.478158531000783871e-01
3.397398012901717713e-03,6.478158531000783871e-01
3.397398012901717713e-03,6.478158531000783871e-01
3.397398012901717713e-03,6.478158531000783871e-01
-1.850222957826213321e-01,5.956997675821676941e-01
-1.850222957826213321e-01,5.956997675821676941e-01
-1.850222957826213321e-01,5.956997675821676941e-01
-1.850222957826213321e-01,5.956997675821676941e-01
-3.533973413020249366e-01,3.992622144761968639e-01
-3.533973413020249366e-01,3.992622144761968639e-01
-4.295670047512789580e-01,2.108425206806738006e-01
-4.295670047512789580e-01,2.108425206806738006e-01
-4.977188088900851293e-01,-6.176469587455105104e-02
-5.177634571662046437e-01,-2.221218820835068330e-01
-5.257813164766523828e-01,-3.824790682924626428e-01
-5.257813164766523828e-01,-5.468451841566422944e-01
-5.137545275109807186e-01,-7.152202296760459266e-01
-4.937098792348612597e-01,-8.715684862297777835e-01
-4.937098792348612597e-01,-8.715684862297777835e-01
-4.015044971647116490e-01,-1.136157843474554952e+00
-4.015044971647116490e-01,-1.136157843474554952e+00
-2.491651702662036616e-01,-1.308541818649182398e+00
-2.491651702662036616e-01,-1.308541818649182398e+00
-4.070082819456112555e-02,-1.340613255890973576e+00
-4.070082819456112555e-02,-1.340613255890973576e+00
1.958260214636486640e-01,-1.244398944165600041e+00
1.958260214636486640e-01,-1.244398944165600041e+00
4.323528711218584952e-01,-1.015889953817838087e+00
5.285671828472319200e-01,-8.595416972641061193e-01
6.167636352621576057e-01,-6.671130738133591587e-01
6.768975800905160378e-01,-4.827023096730599927e-01
7.209958062979788807e-01,-2.902736862223130321e-01
7.330225952636505449e-01,-1.098718517372377912e-01
7.169868766427550666e-01,6.652105309261359400e-02
7.169868766427550666e-01,6.652105309261359400e-02
6.007279166412620164e-01,3.271014806821667675e-01
6.007279166412620164e-01,3.271014806821667675e-01
3.962725042248434471e-01,4.273247220627641174e-01
3.962725042248434471e-01,4.273247220627641174e-01
1.517277952561858212e-01,3.471461289582862264e-01
1.517277952561858212e-01,3.471461289582862264e-01
-7.277226543635229028e-02,1.266549979209720123e-01
-7.277226543635229028e-02,1.266549979209720123e-01
-1.729955068169496679e-01,-1.018539924267899965e-01
-1.729955068169496679e-01,-1.018539924267899965e-01
