1.119000000000000000e+03,-6.360000000000000000e+02
1.100000000000000000e+03,-6.310000000000000000e+02
1.100000000000000000e+03,-6.310000000000000000e+02
1.087000000000000000e+03,-6.310000000000000000e+02
1.087000000000000000e+03,-6.310000000000000000e+02
1.087000000000000000e+03,-6.310000000000000000e+02
1.087000000000000000e+03,-6.310000000000000000e+02
1.105000000000000000e+03,-6.390000000000000000e+02
1.105000000000000000e+03,-6.390000000000000000e+02
1.132000000000000000e+03,-6.380000000000000000e+02
