6.680000000000000000e+02,-1.308000000000000000e+03
6.680000000000000000e+02,-1.308000000000000000e+03
6.710000000000000000e+02,-1.337000000000000000e+03
6.750000000000000000e+02,-1.361000000000000000e+03
6.830000000000000000e+02,-1.402000000000000000e+03
6.890000000000000000e+02,-1.456000000000000000e+03
7.020000000000000000e+02,-1.518000000000000000e+03
7.120000000000000000e+02,-1.599000000000000000e+03
7.300000000000000000e+02,-1.682000000000000000e+03
7.460000000000000000e+02,-1.775000000000000000e+03
7.660000000000000000e+02,-1.870000000000000000e+03
7.840000000000000000e+02,-1.970000000000000000e+03
8.000000000000000000e+02,-2.060000000000000000e+03
8.160000000000000000e+02,-2.148000000000000000e+03
8.290000000000000000e+02,-2.225000000000000000e+03
8.410000000000000000e+02,-2.291000000000000000e+03
8.470000000000000000e+02,-2.348000000000000000e+03
8.520000000000000000e+02,-2.390000000000000000e+03
8.640000000000000000e+02,-2.416000000000000000e+03
8.640000000000000000e+02,-2.439000000000000000e+03
8.770000000000000000e+02,-2.443000000000000000e+03
8.770000000000000000e+02,-2.443000000000000000e+03
