4.990000000000000000e+02,-1.338000000000000000e+03
4.990000000000000000e+02,-1.338000000000000000e+03
4.810000000000000000e+02,-1.335000000000000000e+03
4.810000000000000000e+02,-1.335000000000000000e+03
4.810000000000000000e+02,-1.335000000000000000e+03
4.810000000000000000e+02,-1.335000000000000000e+03
5.000000000000000000e+02,-1.338000000000000000e+03
5.190000000000000000e+02,-1.347000000000000000e+03
5.530000000000000000e+02,-1.347000000000000000e+03
5.920000000000000000e+02,-1.352000000000000000e+03
6.470000000000000000e+02,-1.350000000000000000e+03
7.060000000000000000e+02,-1.349000000000000000e+03
7.690000000000000000e+02,-1.341000000000000000e+03
8.290000000000000000e+02,-1.335000000000000000e+03
8.830000000000000000e+02,-1.328000000000000000e+03
9.360000000000000000e+02,-1.319000000000000000e+03
9.690000000000000000e+02,-1.322000000000000000e+03
9.930000000000000000e+02,-1.322000000000000000e+03
1.013000000000000000e+03,-1.325000000000000000e+03
1.013000000000000000e+03,-1.325000000000000000e+03
1.037000000000000000e+03,-1.335000000000000000e+03
