9.230000000000000000e+02,-7.850000000000000000e+02
8.920000000000000000e+02,-7.790000000000000000e+02
8.920000000000000000e+02,-7.790000000000000000e+02
8.920000000000000000e+02,-7.790000000000000000e+02
8.830000000000000000e+02,-7.990000000000000000e+02
9.060000000000000000e+02,-8.060000000000000000e+02
9.290000000000000000e+02,-8.240000000000000000e+02
9.720000000000000000e+02,-8.390000000000000000e+02
1.025000000000000000e+03,-8.680000000000000000e+02
1.091000000000000000e+03,-8.950000000000000000e+02
1.159000000000000000e+03,-9.300000000000000000e+02
1.232000000000000000e+03,-9.660000000000000000e+02
1.299000000000000000e+03,-1.007000000000000000e+03
1.361000000000000000e+03,-1.060000000000000000e+03
1.408000000000000000e+03,-1.123000000000000000e+03
1.434000000000000000e+03,-1.191000000000000000e+03
1.434000000000000000e+03,-1.266000000000000000e+03
1.410000000000000000e+03,-1.353000000000000000e+03
1.360000000000000000e+03,-1.442000000000000000e+03
1.292000000000000000e+03,-1.534000000000000000e+03
1.214000000000000000e+03,-1.620000000000000000e+03
1.131000000000000000e+03,-1.700000000000000000e+03
1.052000000000000000e+03,-1.765000000000000000e+03
9.860000000000000000e+02,-1.815000000000000000e+03
9.440000000000000000e+02,-1.833000000000000000e+03
9.440000000000000000e+02,-1.833000000000000000e+03
9.330000000000000000e+02,-1.812000000000000000e+03
9.600000000000000000e+02,-1.774000000000000000e+03
