3.284776965121547487e-01,1.388489604396593080e+00
2.482991034076768577e-01,1.412543182327936409e+00
1.961830178897662202e-01,1.452632478880175437e+00
1.039776358196166373e-01,1.448623549224951512e+00
1.979011305991484199e-02,1.448623549224951512e+00
-7.241526901023474794e-02,1.416552111983160334e+00
-1.686295807356082144e-01,1.380471745086145230e+00
-2.568260331505339278e-01,1.320337800257787020e+00
-3.370046262550118188e-01,1.248177066463756812e+00
-3.971385710833702509e-01,1.167998473359278977e+00
-4.292100083251613740e-01,1.067775231978681516e+00
-4.292100083251613740e-01,9.635430609428602411e-01
-3.931296414281463258e-01,8.352573119756956377e-01
-3.209689076341162295e-01,7.029626333533071092e-01
-1.926831586669515983e-01,5.586411657652469165e-01
-4.034383176844358321e-02,4.063018388667388736e-01
1.400580027166316854e-01,2.459446526577830638e-01
3.284776965121547487e-01,7.756960713837948718e-02
5.209063199629017094e-01,-9.481436803624798682e-02
6.892813654823053415e-01,-2.671983432108754886e-01
8.295939034151416092e-01,-4.516091073511746545e-01
9.217992854852912199e-01,-6.360198714914737650e-01
9.578796523823062126e-01,-8.364663542526685758e-01
9.378350041061868092e-01,-1.036912837013863387e+00
8.576564110017088627e-01,-1.229341460464610236e+00
7.333795916897681844e-01,-1.421770083915357308e+00
5.569866868599168130e-01,-1.602171918400432382e+00
3.525312744434981327e-01,-1.766538034264612200e+00
1.240222840957361100e-01,-1.906850572197448468e+00
-1.245313545281453715e-01,-2.003064883922821782e+00
-3.811028524624746616e-01,-2.067207758406404139e+00
-6.096118428102366149e-01,-2.083243477027299839e+00
-8.220851145371030899e-01,-2.067207758406404139e+00
-1.002486949022178386e+00,-1.995047024612374154e+00
-1.146808416610238579e+00,-1.898832712887000618e+00
-1.239013798680388190e+00,-1.778564823230283753e+00
-1.287120954543074847e+00,-1.634243355642223561e+00
-1.287120954543074847e+00,-1.477895099088491815e+00
-1.226987009714716415e+00,-1.313528983224311997e+00
-1.130772697989343101e+00,-1.145153937704908476e+00
-9.944690897117305362e-01,-9.807878218407287685e-01
-8.341119035027747541e-01,-8.244395652869969116e-01
-6.376743503968039795e-01,-6.801180976989366078e-01
-4.412367972908330938e-01,-5.157519818347570117e-01
-2.167367365982949545e-01,-3.473769363153533796e-01
1.979011305991484199e-02,-1.709840314855020083e-01
2.322633847867812684e-01,-2.608985966098408601e-03
4.287009378927520986e-01,1.737839188637529675e-01
6.010849130673796559e-01,3.341411050727087773e-01
7.333795916897681844e-01,4.985072209368884288e-01
8.175671144494699449e-01,6.508465478353964162e-01
8.536474813464849376e-01,7.951680154234567199e-01
8.336028330703655342e-01,9.114269754249496591e-01
7.814867475524548412e-01,1.023677005771218784e+00
6.852724358270814164e-01,1.127909176807039948e+00
5.569866868599168130e-01,1.204078840256293859e+00
4.287009378927520986e-01,1.272230644395100141e+00
2.964062592703635701e-01,1.308311011292115245e+00
1.761383696136467336e-01,1.332364589223458573e+00
1.119954951300644180e-01,1.332364589223458573e+00
1.979011305991484199e-02,1.276239574050324066e+00
1.979011305991484199e-02,1.276239574050324066e+00
-2.430811314754800431e-02,1.176016332669726605e+00
