9.201960240320017359e-01,-8.207550128280335366e-01
8.480352902379716395e-01,-7.165228417922122617e-01
7.277674005812547753e-01,-6.443621079981821653e-01
5.794370033379706575e-01,-5.681924445489281439e-01
4.551601840260298681e-01,-5.200852886862414870e-01
2.787672791961784968e-01,-4.759870624787785887e-01
1.264279522976705095e-01,-4.278799066160918763e-01
-4.595602287695697841e-02,-4.158531176504202120e-01
-1.582060532232260341e-01,-3.877906100638529030e-01
-2.464025056381517198e-01,-3.998173990295246227e-01
