-6.284713114859029615e-01,6.285428995154603848e-01
-6.404981004515746257e-01,6.966947036542666671e-01
-6.404981004515746257e-01,6.966947036542666671e-01
-6.284713114859029615e-01,7.608375781378489133e-01
-6.284713114859029615e-01,7.608375781378489133e-01
-5.643284370023206042e-01,8.289893822766551956e-01
-5.041944921739621721e-01,8.610608195184462632e-01
-4.240158990694843366e-01,8.971411864154613669e-01
-3.197837280336630617e-01,9.292126236572525455e-01
-1.995158383769462251e-01,9.572751312438197990e-01
-5.118544113366210041e-02,9.813287091751631275e-01
9.714495610962201044e-02,9.773197795199393134e-01
2.815557202499212042e-01,9.652929905542675382e-01
4.459218361141008558e-01,9.131769050363569562e-01
6.303326002544000772e-01,8.530429602079985241e-01
7.706451381872363449e-01,7.367840002065055849e-01
9.109576761200727235e-01,6.205250402050126457e-01
1.003163058190222223e+00,4.481410650303851440e-01
1.083341651294700059e+00,2.877838788214293619e-01
1.107395229226043609e+00,1.033731146811301682e-01
1.107395229226043609e+00,-6.901086049349730578e-02
1.059288073363356730e+00,-2.494126949785725744e-01
9.911362692245505590e-01,-3.977430922218566645e-01
8.989308871544009483e-01,-5.460734894651407823e-01
7.946987161185796733e-01,-6.663413791218576465e-01
6.744308264618629201e-01,-7.665646205024549964e-01
5.461450774946982056e-01,-8.507521432621568680e-01
4.338950471484291915e-01,-9.148950177457391142e-01
3.216450168021601219e-01,-9.710200329188736212e-01
2.494842830081300256e-01,-9.830468218845453965e-01
1.853414085245476961e-01,-9.790378922293214714e-01
1.332253230066370586e-01,-9.750289625740975463e-01
1.131806747305175859e-01,-9.349396660218586286e-01
1.091717450752937024e-01,-8.948503694696197108e-01
