7.360000000000000000e+02,-1.486000000000000000e+03
7.540000000000000000e+02,-1.480000000000000000e+03
7.540000000000000000e+02,-1.480000000000000000e+03
7.900000000000000000e+02,-1.474000000000000000e+03
8.160000000000000000e+02,-1.469000000000000000e+03
8.440000000000000000e+02,-1.456000000000000000e+03
8.740000000000000000e+02,-1.444000000000000000e+03
9.040000000000000000e+02,-1.426000000000000000e+03
9.350000000000000000e+02,-1.409000000000000000e+03
9.620000000000000000e+02,-1.388000000000000000e+03
9.870000000000000000e+02,-1.373000000000000000e+03
1.004000000000000000e+03,-1.358000000000000000e+03
1.018000000000000000e+03,-1.344000000000000000e+03
1.018000000000000000e+03,-1.344000000000000000e+03
1.031000000000000000e+03,-1.319000000000000000e+03
1.031000000000000000e+03,-1.319000000000000000e+03
1.021000000000000000e+03,-1.296000000000000000e+03
1.004000000000000000e+03,-1.289000000000000000e+03
9.800000000000000000e+02,-1.283000000000000000e+03
9.440000000000000000e+02,-1.283000000000000000e+03
9.000000000000000000e+02,-1.299000000000000000e+03
8.470000000000000000e+02,-1.328000000000000000e+03
7.940000000000000000e+02,-1.367000000000000000e+03
7.400000000000000000e+02,-1.417000000000000000e+03
6.930000000000000000e+02,-1.472000000000000000e+03
6.540000000000000000e+02,-1.536000000000000000e+03
6.300000000000000000e+02,-1.595000000000000000e+03
6.200000000000000000e+02,-1.653000000000000000e+03
6.270000000000000000e+02,-1.699000000000000000e+03
6.500000000000000000e+02,-1.730000000000000000e+03
6.840000000000000000e+02,-1.750000000000000000e+03
7.280000000000000000e+02,-1.756000000000000000e+03
7.810000000000000000e+02,-1.750000000000000000e+03
8.200000000000000000e+02,-1.748000000000000000e+03
8.620000000000000000e+02,-1.730000000000000000e+03
8.880000000000000000e+02,-1.718000000000000000e+03
