9.830000000000000000e+02,-1.046000000000000000e+03
9.830000000000000000e+02,-1.046000000000000000e+03
9.830000000000000000e+02,-1.046000000000000000e+03
9.830000000000000000e+02,-1.046000000000000000e+03
9.840000000000000000e+02,-1.075000000000000000e+03
9.860000000000000000e+02,-1.126000000000000000e+03
9.870000000000000000e+02,-1.188000000000000000e+03
9.860000000000000000e+02,-1.266000000000000000e+03
9.810000000000000000e+02,-1.350000000000000000e+03
9.770000000000000000e+02,-1.450000000000000000e+03
9.690000000000000000e+02,-1.543000000000000000e+03
9.630000000000000000e+02,-1.643000000000000000e+03
9.590000000000000000e+02,-1.729000000000000000e+03
9.560000000000000000e+02,-1.806000000000000000e+03
9.510000000000000000e+02,-1.866000000000000000e+03
9.530000000000000000e+02,-1.914000000000000000e+03
9.560000000000000000e+02,-1.941000000000000000e+03
9.560000000000000000e+02,-1.941000000000000000e+03
9.800000000000000000e+02,-1.949000000000000000e+03
1.001000000000000000e+03,-1.923000000000000000e+03
1.024000000000000000e+03,-1.888000000000000000e+03
1.055000000000000000e+03,-1.836000000000000000e+03
1.091000000000000000e+03,-1.772000000000000000e+03
1.135000000000000000e+03,-1.702000000000000000e+03
1.183000000000000000e+03,-1.641000000000000000e+03
1.233000000000000000e+03,-1.570000000000000000e+03
1.277000000000000000e+03,-1.509000000000000000e+03
1.315000000000000000e+03,-1.456000000000000000e+03
1.348000000000000000e+03,-1.417000000000000000e+03
1.373000000000000000e+03,-1.388000000000000000e+03
1.388000000000000000e+03,-1.373000000000000000e+03
1.408000000000000000e+03,-1.353000000000000000e+03
1.408000000000000000e+03,-1.353000000000000000e+03
1.408000000000000000e+03,-1.353000000000000000e+03
