-3.413664342781553424e-02,1.471155700750346462e-01
-3.413664342781553424e-02,1.471155700750346462e-01
-1.409199515169605975e-02,1.030173438675717895e-01
-2.611878411736774652e-02,5.090125834966115898e-02
-2.210985446214384920e-02,-1.324161613392115661e-02
-4.215450273826332195e-02,-1.455362947563096920e-01
-3.413664342781553424e-02,-2.537773954473548366e-01
-4.215450273826332195e-02,-3.980988630354150848e-01
-3.814557308303943156e-02,-5.424203306234752775e-01
-3.012771377259164038e-02,-6.907507278667593953e-01
-1.008306549647216589e-02,-8.190364768339239987e-01
1.397051243487120419e-02,-9.393043664906408630e-01
3.401516071099067867e-02,-1.039527607871238324e+00
7.410445726322963111e-02,-1.107679412010044384e+00
1.021669648497968985e-01,-1.171822286493626741e+00
1.222116131259163713e-01,-1.219929442356313620e+00
1.222116131259163713e-01,-1.219929442356313620e+00
1.222116131259163713e-01,-1.219929442356313620e+00
