-4.215315293029865962e-01,1.529035466277617328e+00
-4.215315293029865962e-01,1.529035466277617328e+00
-4.455851072343299801e-01,1.593178340761199685e+00
-4.455851072343299801e-01,1.593178340761199685e+00
-4.455851072343299801e-01,1.593178340761199685e+00
-4.736476148208972337e-01,1.649303355934334192e+00
-4.736476148208972337e-01,1.649303355934334192e+00
-4.736476148208972337e-01,1.649303355934334192e+00
-4.736476148208972337e-01,1.649303355934334192e+00
-4.135136699925388015e-01,1.653312285589558117e+00
-4.135136699925388015e-01,1.653312285589558117e+00
-3.172993582671653212e-01,1.649303355934334192e+00
-3.172993582671653212e-01,1.649303355934334192e+00
