1.586000000000000000e+03,-5.710000000000000000e+02
1.586000000000000000e+03,-5.710000000000000000e+02
1.586000000000000000e+03,-5.710000000000000000e+02
1.586000000000000000e+03,-5.710000000000000000e+02
1.598000000000000000e+03,-5.870000000000000000e+02
1.598000000000000000e+03,-5.870000000000000000e+02
1.602000000000000000e+03,-6.000000000000000000e+02
1.602000000000000000e+03,-6.000000000000000000e+02
1.608000000000000000e+03,-6.140000000000000000e+02
1.608000000000000000e+03,-6.140000000000000000e+02
1.613000000000000000e+03,-6.270000000000000000e+02
1.613000000000000000e+03,-6.270000000000000000e+02
1.613000000000000000e+03,-6.270000000000000000e+02
1.613000000000000000e+03,-6.270000000000000000e+02
1.613000000000000000e+03,-6.270000000000000000e+02
1.616000000000000000e+03,-6.440000000000000000e+02
1.616000000000000000e+03,-6.440000000000000000e+02
1.616000000000000000e+03,-6.440000000000000000e+02
1.619000000000000000e+03,-6.300000000000000000e+02
1.619000000000000000e+03,-6.300000000000000000e+02
