8.110000000000000000e+02,-1.311000000000000000e+03
8.050000000000000000e+02,-1.283000000000000000e+03
8.050000000000000000e+02,-1.283000000000000000e+03
8.050000000000000000e+02,-1.283000000000000000e+03
8.190000000000000000e+02,-1.272000000000000000e+03
8.190000000000000000e+02,-1.272000000000000000e+03
8.560000000000000000e+02,-1.274000000000000000e+03
8.830000000000000000e+02,-1.278000000000000000e+03
9.230000000000000000e+02,-1.274000000000000000e+03
9.660000000000000000e+02,-1.274000000000000000e+03
1.019000000000000000e+03,-1.267000000000000000e+03
1.075000000000000000e+03,-1.263000000000000000e+03
1.131000000000000000e+03,-1.260000000000000000e+03
1.180000000000000000e+03,-1.255000000000000000e+03
1.217000000000000000e+03,-1.260000000000000000e+03
1.244000000000000000e+03,-1.258000000000000000e+03
1.266000000000000000e+03,-1.263000000000000000e+03
1.269000000000000000e+03,-1.277000000000000000e+03
1.269000000000000000e+03,-1.277000000000000000e+03
