7.660000000000000000e+02,-7.040000000000000000e+02
7.660000000000000000e+02,-7.040000000000000000e+02
7.660000000000000000e+02,-7.040000000000000000e+02
7.660000000000000000e+02,-7.040000000000000000e+02
7.660000000000000000e+02,-7.040000000000000000e+02
7.660000000000000000e+02,-7.040000000000000000e+02
7.660000000000000000e+02,-7.040000000000000000e+02
7.660000000000000000e+02,-7.040000000000000000e+02
7.490000000000000000e+02,-7.170000000000000000e+02
7.370000000000000000e+02,-7.340000000000000000e+02
7.280000000000000000e+02,-7.490000000000000000e+02
7.180000000000000000e+02,-7.690000000000000000e+02
7.090000000000000000e+02,-7.880000000000000000e+02
7.010000000000000000e+02,-8.050000000000000000e+02
6.950000000000000000e+02,-8.230000000000000000e+02
6.950000000000000000e+02,-8.230000000000000000e+02
7.020000000000000000e+02,-8.380000000000000000e+02
7.020000000000000000e+02,-8.380000000000000000e+02
7.220000000000000000e+02,-8.420000000000000000e+02
7.220000000000000000e+02,-8.420000000000000000e+02
