9.750000000000000000e+02,-8.800000000000000000e+02
9.750000000000000000e+02,-8.800000000000000000e+02
1.010000000000000000e+03,-8.860000000000000000e+02
1.025000000000000000e+03,-8.940000000000000000e+02
1.045000000000000000e+03,-8.950000000000000000e+02
1.061000000000000000e+03,-9.000000000000000000e+02
1.076000000000000000e+03,-9.010000000000000000e+02
1.093000000000000000e+03,-9.010000000000000000e+02
1.093000000000000000e+03,-9.010000000000000000e+02
1.116000000000000000e+03,-9.090000000000000000e+02
1.116000000000000000e+03,-9.090000000000000000e+02
1.132000000000000000e+03,-9.150000000000000000e+02
1.132000000000000000e+03,-9.150000000000000000e+02
1.132000000000000000e+03,-9.150000000000000000e+02
1.132000000000000000e+03,-9.150000000000000000e+02
1.147000000000000000e+03,-9.250000000000000000e+02
1.147000000000000000e+03,-9.250000000000000000e+02
1.147000000000000000e+03,-9.250000000000000000e+02
1.147000000000000000e+03,-9.250000000000000000e+02
1.147000000000000000e+03,-9.250000000000000000e+02
1.147000000000000000e+03,-9.250000000000000000e+02
1.147000000000000000e+03,-9.250000000000000000e+02
1.147000000000000000e+03,-9.250000000000000000e+02
1.147000000000000000e+03,-9.250000000000000000e+02
1.126000000000000000e+03,-9.150000000000000000e+02
1.126000000000000000e+03,-9.150000000000000000e+02
1.102000000000000000e+03,-9.030000000000000000e+02
1.082000000000000000e+03,-8.980000000000000000e+02
1.061000000000000000e+03,-8.890000000000000000e+02
1.036000000000000000e+03,-8.800000000000000000e+02
1.007000000000000000e+03,-8.710000000000000000e+02
9.740000000000000000e+02,-8.640000000000000000e+02
9.410000000000000000e+02,-8.560000000000000000e+02
9.040000000000000000e+02,-8.530000000000000000e+02
8.670000000000000000e+02,-8.520000000000000000e+02
8.310000000000000000e+02,-8.530000000000000000e+02
7.960000000000000000e+02,-8.580000000000000000e+02
7.600000000000000000e+02,-8.670000000000000000e+02
7.280000000000000000e+02,-8.800000000000000000e+02
6.960000000000000000e+02,-8.970000000000000000e+02
6.650000000000000000e+02,-9.180000000000000000e+02
6.360000000000000000e+02,-9.400000000000000000e+02
6.080000000000000000e+02,-9.710000000000000000e+02
5.820000000000000000e+02,-1.002000000000000000e+03
5.560000000000000000e+02,-1.041000000000000000e+03
5.350000000000000000e+02,-1.082000000000000000e+03
5.170000000000000000e+02,-1.129000000000000000e+03
5.040000000000000000e+02,-1.179000000000000000e+03
4.930000000000000000e+02,-1.233000000000000000e+03
4.880000000000000000e+02,-1.286000000000000000e+03
4.870000000000000000e+02,-1.343000000000000000e+03
4.880000000000000000e+02,-1.397000000000000000e+03
4.900000000000000000e+02,-1.451000000000000000e+03
4.960000000000000000e+02,-1.501000000000000000e+03
5.020000000000000000e+02,-1.546000000000000000e+03
5.140000000000000000e+02,-1.589000000000000000e+03
5.260000000000000000e+02,-1.626000000000000000e+03
5.440000000000000000e+02,-1.659000000000000000e+03
5.640000000000000000e+02,-1.689000000000000000e+03
5.860000000000000000e+02,-1.717000000000000000e+03
6.170000000000000000e+02,-1.739000000000000000e+03
6.500000000000000000e+02,-1.757000000000000000e+03
6.870000000000000000e+02,-1.774000000000000000e+03
7.270000000000000000e+02,-1.786000000000000000e+03
7.670000000000000000e+02,-1.795000000000000000e+03
8.080000000000000000e+02,-1.800000000000000000e+03
8.460000000000000000e+02,-1.801000000000000000e+03
8.850000000000000000e+02,-1.800000000000000000e+03
9.200000000000000000e+02,-1.795000000000000000e+03
9.510000000000000000e+02,-1.787000000000000000e+03
9.810000000000000000e+02,-1.775000000000000000e+03
1.009000000000000000e+03,-1.762000000000000000e+03
1.031000000000000000e+03,-1.745000000000000000e+03
1.052000000000000000e+03,-1.727000000000000000e+03
1.070000000000000000e+03,-1.706000000000000000e+03
1.084000000000000000e+03,-1.685000000000000000e+03
1.093000000000000000e+03,-1.664000000000000000e+03
1.097000000000000000e+03,-1.644000000000000000e+03
1.097000000000000000e+03,-1.623000000000000000e+03
1.094000000000000000e+03,-1.604000000000000000e+03
1.085000000000000000e+03,-1.582000000000000000e+03
1.073000000000000000e+03,-1.563000000000000000e+03
1.060000000000000000e+03,-1.543000000000000000e+03
1.042000000000000000e+03,-1.524000000000000000e+03
1.019000000000000000e+03,-1.504000000000000000e+03
9.920000000000000000e+02,-1.485000000000000000e+03
9.620000000000000000e+02,-1.468000000000000000e+03
9.300000000000000000e+02,-1.453000000000000000e+03
8.980000000000000000e+02,-1.442000000000000000e+03
8.670000000000000000e+02,-1.436000000000000000e+03
8.410000000000000000e+02,-1.432000000000000000e+03
8.170000000000000000e+02,-1.433000000000000000e+03
8.030000000000000000e+02,-1.435000000000000000e+03
7.900000000000000000e+02,-1.445000000000000000e+03
7.900000000000000000e+02,-1.445000000000000000e+03
7.870000000000000000e+02,-1.468000000000000000e+03
7.870000000000000000e+02,-1.468000000000000000e+03
8.110000000000000000e+02,-1.486000000000000000e+03
8.190000000000000000e+02,-1.501000000000000000e+03
8.370000000000000000e+02,-1.506000000000000000e+03
8.370000000000000000e+02,-1.506000000000000000e+03
