1.259405251188586483e+00,1.950594835369876323e+00
1.259405251188586483e+00,1.950594835369876323e+00
1.259405251188586483e+00,1.950594835369876323e+00
1.203280236015451976e+00,1.970639483645995949e+00
1.139137361531869619e+00,1.994693061577339277e+00
9.707623160124660977e-01,1.962621624335548098e+00
7.983783408378385404e-01,1.970639483645995949e+00
5.578425615244049229e-01,1.938568046404204770e+00
3.173067822109711944e-01,1.934559116748980845e+00
4.870849531097023316e-02,1.910505538817637516e+00
-1.958362136576873580e-01,1.898478749851965741e+00
-4.043005557293298802e-01,1.886451960886293966e+00
-6.007381088353007659e-01,1.838344805023607309e+00
-7.129881391815697800e-01,1.790237649160920652e+00
-7.129881391815697800e-01,1.790237649160920652e+00
-6.929434909054503766e-01,1.722085845022114370e+00
-5.967291791800768408e-01,1.710059056056442595e+00
