7.220000000000000000e+02,-1.064000000000000000e+03
7.220000000000000000e+02,-1.064000000000000000e+03
7.210000000000000000e+02,-1.047000000000000000e+03
7.210000000000000000e+02,-1.047000000000000000e+03
7.210000000000000000e+02,-1.047000000000000000e+03
7.210000000000000000e+02,-1.029000000000000000e+03
7.210000000000000000e+02,-1.029000000000000000e+03
7.210000000000000000e+02,-1.029000000000000000e+03
7.210000000000000000e+02,-1.029000000000000000e+03
7.210000000000000000e+02,-1.029000000000000000e+03
7.210000000000000000e+02,-1.029000000000000000e+03
7.120000000000000000e+02,-1.055000000000000000e+03
7.060000000000000000e+02,-1.082000000000000000e+03
6.990000000000000000e+02,-1.111000000000000000e+03
6.900000000000000000e+02,-1.148000000000000000e+03
6.780000000000000000e+02,-1.191000000000000000e+03
6.710000000000000000e+02,-1.239000000000000000e+03
6.630000000000000000e+02,-1.281000000000000000e+03
6.600000000000000000e+02,-1.316000000000000000e+03
6.570000000000000000e+02,-1.347000000000000000e+03
6.630000000000000000e+02,-1.361000000000000000e+03
6.630000000000000000e+02,-1.361000000000000000e+03
6.770000000000000000e+02,-1.374000000000000000e+03
6.890000000000000000e+02,-1.361000000000000000e+03
6.930000000000000000e+02,-1.343000000000000000e+03
