7.760000000000000000e+02,-1.323000000000000000e+03
7.720000000000000000e+02,-1.364000000000000000e+03
7.690000000000000000e+02,-1.411000000000000000e+03
7.670000000000000000e+02,-1.465000000000000000e+03
7.600000000000000000e+02,-1.525000000000000000e+03
7.570000000000000000e+02,-1.582000000000000000e+03
7.520000000000000000e+02,-1.643000000000000000e+03
7.510000000000000000e+02,-1.691000000000000000e+03
7.490000000000000000e+02,-1.735000000000000000e+03
7.490000000000000000e+02,-1.768000000000000000e+03
7.510000000000000000e+02,-1.792000000000000000e+03
7.510000000000000000e+02,-1.806000000000000000e+03
7.510000000000000000e+02,-1.806000000000000000e+03
7.670000000000000000e+02,-1.790000000000000000e+03
7.670000000000000000e+02,-1.790000000000000000e+03
7.660000000000000000e+02,-1.750000000000000000e+03
