1.186000000000000000e+03,-1.252000000000000000e+03
1.186000000000000000e+03,-1.252000000000000000e+03
1.186000000000000000e+03,-1.252000000000000000e+03
1.186000000000000000e+03,-1.252000000000000000e+03
1.186000000000000000e+03,-1.252000000000000000e+03
1.186000000000000000e+03,-1.252000000000000000e+03
1.158000000000000000e+03,-1.275000000000000000e+03
1.140000000000000000e+03,-1.302000000000000000e+03
1.116000000000000000e+03,-1.341000000000000000e+03
1.099000000000000000e+03,-1.382000000000000000e+03
1.081000000000000000e+03,-1.435000000000000000e+03
1.073000000000000000e+03,-1.485000000000000000e+03
1.073000000000000000e+03,-1.540000000000000000e+03
1.087000000000000000e+03,-1.590000000000000000e+03
1.111000000000000000e+03,-1.637000000000000000e+03
1.143000000000000000e+03,-1.677000000000000000e+03
1.195000000000000000e+03,-1.702000000000000000e+03
1.256000000000000000e+03,-1.726000000000000000e+03
1.305000000000000000e+03,-1.744000000000000000e+03
1.367000000000000000e+03,-1.747000000000000000e+03
1.413000000000000000e+03,-1.754000000000000000e+03
