9.774608186229483131e-01,1.240255132738520949e+00
9.173268737945898810e-01,1.276335499635535831e+00
8.852554365527987024e-01,1.332460514808670338e+00
8.130947027587686060e-01,1.348496233429566038e+00
7.409339689647385097e-01,1.392594459637028770e+00
6.367017979289172347e-01,1.384576600326581142e+00
5.244517675826481096e-01,1.372549811360909366e+00
4.041838779259313008e-01,1.324442655498222710e+00
2.518445510274233134e-01,1.240255132738520949e+00
8.747843516324360635e-02,1.136022961702699563e+00
-9.292339932183166229e-02,9.997193534250871094e-01
-2.733252338069069309e-01,8.433710968713552525e-01
-4.417002793263105076e-01,6.349067547997127026e-01
-6.060663951904902147e-01,4.424781313489657419e-01
-7.463789331233264823e-01,2.300048596220993224e-01
-8.546200338143716824e-01,1.352265824000900042e-02
-9.267807676084017787e-01,-2.029595431420813390e-01
-9.508343455397452182e-01,-3.953881665928282718e-01
-9.508343455397452182e-01,-5.797989307331274933e-01
-9.107450489875061894e-01,-7.401561169420832753e-01
-8.425932448487000181e-01,-8.844775845301434680e-01
-7.263342848472070790e-01,-1.008754403842084146e+00
-6.020574655352662896e-01,-1.092941926601785907e+00
-4.497181386367583023e-01,-1.133031223154024936e+00
-2.933698820830263898e-01,-1.145058012119696711e+00
-1.370216255292945051e-01,-1.145058012119696711e+00
1.531770136921350479e-02,-1.133031223154024936e+00
1.596391689572737305e-01,-1.096950856257009832e+00
2.799070586139905670e-01,-1.044834770739099250e+00
3.681035110289162526e-01,-1.000736544531636518e+00
4.402642448229463490e-01,-9.486204590137258252e-01
4.402642448229463490e-01,-9.486204590137258252e-01
4.763446117199613972e-01,-8.724507955644718038e-01
5.003981896513047811e-01,-8.002900617704417074e-01
4.402642448229463490e-01,-7.521829059077549395e-01
