6.000000000000000000e+02,-1.322000000000000000e+03
5.980000000000000000e+02,-1.295000000000000000e+03
5.940000000000000000e+02,-1.275000000000000000e+03
5.910000000000000000e+02,-1.258000000000000000e+03
5.920000000000000000e+02,-1.245000000000000000e+03
5.920000000000000000e+02,-1.245000000000000000e+03
5.920000000000000000e+02,-1.245000000000000000e+03
5.920000000000000000e+02,-1.245000000000000000e+03
6.060000000000000000e+02,-1.257000000000000000e+03
6.120000000000000000e+02,-1.284000000000000000e+03
6.270000000000000000e+02,-1.316000000000000000e+03
6.390000000000000000e+02,-1.361000000000000000e+03
6.590000000000000000e+02,-1.411000000000000000e+03
6.770000000000000000e+02,-1.474000000000000000e+03
7.010000000000000000e+02,-1.536000000000000000e+03
7.220000000000000000e+02,-1.602000000000000000e+03
7.430000000000000000e+02,-1.664000000000000000e+03
7.630000000000000000e+02,-1.721000000000000000e+03
7.780000000000000000e+02,-1.768000000000000000e+03
7.900000000000000000e+02,-1.807000000000000000e+03
7.970000000000000000e+02,-1.834000000000000000e+03
8.000000000000000000e+02,-1.849000000000000000e+03
8.000000000000000000e+02,-1.849000000000000000e+03
7.870000000000000000e+02,-1.848000000000000000e+03
7.750000000000000000e+02,-1.830000000000000000e+03
7.580000000000000000e+02,-1.804000000000000000e+03
7.450000000000000000e+02,-1.766000000000000000e+03
7.300000000000000000e+02,-1.720000000000000000e+03
7.190000000000000000e+02,-1.665000000000000000e+03
7.120000000000000000e+02,-1.605000000000000000e+03
7.150000000000000000e+02,-1.539000000000000000e+03
7.210000000000000000e+02,-1.471000000000000000e+03
7.370000000000000000e+02,-1.403000000000000000e+03
7.580000000000000000e+02,-1.340000000000000000e+03
7.880000000000000000e+02,-1.280000000000000000e+03
8.220000000000000000e+02,-1.230000000000000000e+03
8.620000000000000000e+02,-1.185000000000000000e+03
9.060000000000000000e+02,-1.147000000000000000e+03
9.540000000000000000e+02,-1.120000000000000000e+03
1.005000000000000000e+03,-1.105000000000000000e+03
1.054000000000000000e+03,-1.096000000000000000e+03
1.105000000000000000e+03,-1.097000000000000000e+03
1.149000000000000000e+03,-1.111000000000000000e+03
1.185000000000000000e+03,-1.132000000000000000e+03
1.211000000000000000e+03,-1.163000000000000000e+03
1.224000000000000000e+03,-1.206000000000000000e+03
1.223000000000000000e+03,-1.257000000000000000e+03
1.206000000000000000e+03,-1.308000000000000000e+03
1.182000000000000000e+03,-1.362000000000000000e+03
1.144000000000000000e+03,-1.420000000000000000e+03
1.099000000000000000e+03,-1.471000000000000000e+03
1.049000000000000000e+03,-1.518000000000000000e+03
9.980000000000000000e+02,-1.554000000000000000e+03
9.450000000000000000e+02,-1.579000000000000000e+03
9.000000000000000000e+02,-1.592000000000000000e+03
8.530000000000000000e+02,-1.596000000000000000e+03
8.140000000000000000e+02,-1.592000000000000000e+03
7.760000000000000000e+02,-1.579000000000000000e+03
7.490000000000000000e+02,-1.564000000000000000e+03
7.280000000000000000e+02,-1.545000000000000000e+03
7.160000000000000000e+02,-1.527000000000000000e+03
7.120000000000000000e+02,-1.513000000000000000e+03
7.120000000000000000e+02,-1.513000000000000000e+03
7.340000000000000000e+02,-1.498000000000000000e+03
7.570000000000000000e+02,-1.500000000000000000e+03
7.880000000000000000e+02,-1.510000000000000000e+03
8.290000000000000000e+02,-1.528000000000000000e+03
8.730000000000000000e+02,-1.557000000000000000e+03
9.210000000000000000e+02,-1.592000000000000000e+03
9.720000000000000000e+02,-1.632000000000000000e+03
1.022000000000000000e+03,-1.676000000000000000e+03
1.069000000000000000e+03,-1.724000000000000000e+03
1.114000000000000000e+03,-1.771000000000000000e+03
1.158000000000000000e+03,-1.813000000000000000e+03
1.191000000000000000e+03,-1.851000000000000000e+03
1.224000000000000000e+03,-1.878000000000000000e+03
1.242000000000000000e+03,-1.905000000000000000e+03
1.259000000000000000e+03,-1.914000000000000000e+03
1.272000000000000000e+03,-1.920000000000000000e+03
1.272000000000000000e+03,-1.920000000000000000e+03
1.287000000000000000e+03,-1.903000000000000000e+03
