-1.563786272329381610e+00,2.653182535457271340e-01
-1.495634468190575328e+00,3.855861432024439428e-01
-1.451536241983112596e+00,4.617558066516979642e-01
-1.419464804741321418e+00,5.339165404457281161e-01
-1.387393367499530239e+00,5.940504852740865482e-01
-1.387393367499530239e+00,5.940504852740865482e-01
-1.387393367499530239e+00,5.940504852740865482e-01
-1.419464804741321418e+00,5.299076107905041910e-01
-1.419464804741321418e+00,4.457200880308023749e-01
-1.451536241983112596e+00,3.054075500979660518e-01
-1.459554101293560446e+00,1.570771528546819618e-01
-1.463563030948784149e+00,-3.535147059606500580e-02
-1.451536241983112596e+00,-2.237711643915880622e-01
-1.407438015775649642e+00,-4.242176471527828174e-01
-1.343295141292067285e+00,-6.006105519826342443e-01
-1.255098688877141599e+00,-7.569588085363661012e-01
-1.146857588186096510e+00,-8.651999092274113012e-01
-1.002536120598036318e+00,-9.133070650900979581e-01
-8.261432157681849464e-01,-8.972713464692023688e-01
-6.176788736965423965e-01,-8.090748940542766832e-01
-3.971877426592281823e-01,-6.767802154318881547e-01
-1.807055412771378655e-01,-4.963783809468129138e-01
3.176773044972856092e-02,-2.879140388751703639e-01
2.402320725213711039e-01,-7.544076714830395824e-02
4.206339070064463725e-01,1.209967859576668997e-01
5.769821635601782850e-01,2.973896907875182571e-01
6.932411235616712242e-01,4.457200880308023749e-01
7.774286463213729848e-01,5.539611887218475195e-01
8.335536614945074918e-01,6.140951335502059516e-01
8.335536614945074918e-01,6.140951335502059516e-01
8.335536614945074918e-01,6.140951335502059516e-01
8.335536614945074918e-01,6.140951335502059516e-01
7.934643649422685741e-01,5.419343997561758552e-01
7.172947014930145526e-01,4.457200880308023749e-01
6.331071787333127920e-01,3.374789873397572304e-01
5.208571483870437779e-01,1.931575197516970099e-01
