-5.706679547309185807e-01,3.116401919602143078e+00
-5.907126030070379841e-01,3.184553723740949138e+00
-5.907126030070379841e-01,3.184553723740949138e+00
-6.628733368010681914e-01,3.264732316845427196e+00
-6.628733368010681914e-01,3.264732316845427196e+00
-7.270162112846504376e-01,3.312839472708113853e+00
-7.270162112846504376e-01,3.312839472708113853e+00
-7.831412264577849447e-01,3.304821613397666002e+00
-7.831412264577849447e-01,3.304821613397666002e+00
-7.831412264577849447e-01,3.304821613397666002e+00
-7.831412264577849447e-01,3.304821613397666002e+00
-8.352573119756956377e-01,3.236669809258859942e+00
-8.352573119756956377e-01,3.236669809258859942e+00
-8.112037340443523092e-01,3.172526934775277585e+00
-8.112037340443523092e-01,3.172526934775277585e+00
-7.109804926637548483e-01,3.044241185808112871e+00
-6.308018995592770128e-01,2.968071522358858960e+00
-5.265697285234557379e-01,2.863839351323037796e+00
-3.942750499010672094e-01,2.755598250631992485e+00
-2.619803712786786809e-01,2.623303572009604068e+00
-1.096410443801706519e-01,2.478982104421543653e+00
3.868935286311346589e-02,2.314615988557363835e+00
1.910286797616214671e-01,2.146240943037960314e+00
3.193144287287861260e-01,1.949803389931989539e+00
4.516091073511746545e-01,1.745347977515570914e+00
5.518323487317720044e-01,1.504812198202137186e+00
6.320109418362499509e-01,1.256258559578255829e+00
6.921448866646083831e-01,9.836513430230309218e-01
7.482699018377428901e-01,7.030262671573582756e-01
7.763324094243101436e-01,4.103744023260139095e-01
7.883591983899818079e-01,1.257403968051173937e-01
7.963770577004295470e-01,-1.709203976814508419e-01
7.763324094243101436e-01,-4.515454735471234882e-01
7.362431128720712259e-01,-7.361794790680200595e-01
7.001627459750561222e-01,-1.008786695623244967e+00
6.560645197675932794e-01,-1.281393912178469652e+00
5.999395045944587723e-01,-1.541974339768023006e+00
5.398055597661003402e-01,-1.786519048736680437e+00
5.037251928690852365e-01,-2.023045898394890241e+00
4.676448259720702438e-01,-2.215474521845637312e+00
4.395823183855029348e-01,-2.367813848744145133e+00
4.195376701093834759e-01,-2.488081738400861997e+00
4.035019514884878866e-01,-2.580287120471011608e+00
3.834573032123684277e-01,-2.632403205988922412e+00
3.834573032123684277e-01,-2.632403205988922412e+00
3.834573032123684277e-01,-2.632403205988922412e+00
3.834573032123684277e-01,-2.632403205988922412e+00
2.992697804526666117e-01,-2.688528221162056919e+00
2.992697804526666117e-01,-2.688528221162056919e+00
2.271090466586365153e-01,-2.756680025300862980e+00
2.271090466586365153e-01,-2.756680025300862980e+00
1.349036645884869323e-01,-2.864921125991908291e+00
8.278757907057630872e-02,-2.937081859785938498e+00
1.463577493177009407e-02,-3.021269382545640259e+00
-3.748031058614054167e-02,-3.105456905305342019e+00
-9.360532575927506260e-02,-3.189644428065043780e+00
-1.457214112771857140e-01,-3.269823021169521393e+00
-1.457214112771857140e-01,-3.269823021169521393e+00
-2.138732154159919130e-01,-3.382073051515790851e+00
-2.138732154159919130e-01,-3.382073051515790851e+00
-2.138732154159919130e-01,-3.382073051515790851e+00
-2.138732154159919130e-01,-3.382073051515790851e+00
-1.777928485189768648e-01,-3.293876599100864944e+00
