1.030126124354426409e+00,1.109756127085031796e+00
9.098582346977096558e-01,9.413810815656282749e-01
8.376975009036795594e-01,8.652114181163742535e-01
7.334653298678582845e-01,7.369256691492096500e-01
6.172063698663653453e-01,6.046309905268211216e-01
5.049563395200962201e-01,4.643184525939847984e-01
3.405902236559165686e-01,3.079701960402528860e-01
1.882508967574085534e-01,1.756755174178643575e-01
3.840132617109382265e-03,3.135404982980413702e-02
-1.725527722127419838e-01,-8.490491017168881605e-02
-3.649813956634889722e-01,-2.051727998284056664e-01
-5.213296522172208292e-01,-3.214317598298986334e-01
-6.816868384261766112e-01,-4.096282122448243190e-01
-8.019547280828934754e-01,-4.737710867284066207e-01
-8.901511804978191611e-01,-5.258871722463172027e-01
-8.901511804978191611e-01,-5.258871722463172027e-01
-9.462761956709536681e-01,-5.218782425910933886e-01
-9.462761956709536681e-01,-5.218782425910933886e-01
-8.500618839455802433e-01,-4.416996494866154421e-01
-7.658743611858784828e-01,-3.695389156925853458e-01
-6.496154011843855436e-01,-2.893603225881074548e-01
-5.213296522172208292e-01,-2.171995887940773584e-01
-3.970528329052800953e-01,-1.650835032761667209e-01
-2.567402949724437722e-01,-1.330120660343755423e-01
-1.244456163500552576e-01,-1.410299253448233370e-01
1.586692158278106557e-02,-1.530567143104950290e-01
1.401437408947218133e-01,-2.492710260358685093e-01
2.884741381380059311e-01,-3.334585487955702976e-01
4.207688167603944596e-01,-4.898068053493022100e-01
5.771170733141263165e-01,-6.221014839716907385e-01
7.334653298678582845e-01,-7.503872329388553419e-01
9.258939533186052451e-01,-8.706551225955722062e-01
1.110304717458904467e+00,-1.002949801217960735e+00
1.318769059530547016e+00,-1.099164112943334271e+00
1.507188753326069941e+00,-1.195378424668707806e+00
1.695608447121593088e+00,-1.267539158462737792e+00
1.863983492640996609e+00,-1.323664173635872299e+00
2.016322819539504430e+00,-1.379789188809006806e+00
2.128572849885773888e+00,-1.455958852258260938e+00
2.212760372645475648e+00,-1.512083867431395445e+00
2.268885387818610155e+00,-1.552173163983634252e+00
2.268885387818610155e+00,-1.552173163983634252e+00
2.268885387818610155e+00,-1.552173163983634252e+00
2.276903247129058006e+00,-1.608298179156768981e+00
2.276903247129058006e+00,-1.608298179156768981e+00
2.276903247129058006e+00,-1.608298179156768981e+00
2.220778231955923054e+00,-1.608298179156768981e+00
