7.210000000000000000e+02,-8.820000000000000000e+02
7.060000000000000000e+02,-8.700000000000000000e+02
7.060000000000000000e+02,-8.700000000000000000e+02
7.190000000000000000e+02,-8.620000000000000000e+02
7.190000000000000000e+02,-8.620000000000000000e+02
7.550000000000000000e+02,-8.580000000000000000e+02
7.780000000000000000e+02,-8.650000000000000000e+02
8.220000000000000000e+02,-8.620000000000000000e+02
8.700000000000000000e+02,-8.710000000000000000e+02
9.350000000000000000e+02,-8.710000000000000000e+02
9.990000000000000000e+02,-8.770000000000000000e+02
1.070000000000000000e+03,-8.800000000000000000e+02
1.135000000000000000e+03,-8.880000000000000000e+02
1.197000000000000000e+03,-8.950000000000000000e+02
1.250000000000000000e+03,-9.040000000000000000e+02
1.292000000000000000e+03,-9.130000000000000000e+02
1.316000000000000000e+03,-9.280000000000000000e+02
1.322000000000000000e+03,-9.520000000000000000e+02
1.313000000000000000e+03,-9.870000000000000000e+02
1.290000000000000000e+03,-1.038000000000000000e+03
1.256000000000000000e+03,-1.102000000000000000e+03
1.211000000000000000e+03,-1.177000000000000000e+03
1.159000000000000000e+03,-1.267000000000000000e+03
1.106000000000000000e+03,-1.368000000000000000e+03
1.055000000000000000e+03,-1.468000000000000000e+03
1.009000000000000000e+03,-1.564000000000000000e+03
9.710000000000000000e+02,-1.652000000000000000e+03
9.390000000000000000e+02,-1.723000000000000000e+03
9.230000000000000000e+02,-1.772000000000000000e+03
9.080000000000000000e+02,-1.816000000000000000e+03
9.080000000000000000e+02,-1.837000000000000000e+03
9.080000000000000000e+02,-1.837000000000000000e+03
9.260000000000000000e+02,-1.833000000000000000e+03
9.420000000000000000e+02,-1.819000000000000000e+03
