9.030000000000000000e+02,-9.000000000000000000e+02
8.980000000000000000e+02,-8.710000000000000000e+02
8.880000000000000000e+02,-8.530000000000000000e+02
8.730000000000000000e+02,-8.380000000000000000e+02
8.730000000000000000e+02,-8.380000000000000000e+02
8.730000000000000000e+02,-8.380000000000000000e+02
8.710000000000000000e+02,-8.760000000000000000e+02
8.760000000000000000e+02,-9.310000000000000000e+02
8.970000000000000000e+02,-9.930000000000000000e+02
9.170000000000000000e+02,-1.073000000000000000e+03
9.500000000000000000e+02,-1.151000000000000000e+03
9.860000000000000000e+02,-1.233000000000000000e+03
1.030000000000000000e+03,-1.304000000000000000e+03
1.073000000000000000e+03,-1.358000000000000000e+03
1.125000000000000000e+03,-1.385000000000000000e+03
1.173000000000000000e+03,-1.387000000000000000e+03
1.223000000000000000e+03,-1.359000000000000000e+03
1.269000000000000000e+03,-1.313000000000000000e+03
1.312000000000000000e+03,-1.249000000000000000e+03
1.346000000000000000e+03,-1.174000000000000000e+03
1.378000000000000000e+03,-1.094000000000000000e+03
1.403000000000000000e+03,-1.017000000000000000e+03
1.422000000000000000e+03,-9.460000000000000000e+02
1.435000000000000000e+03,-8.920000000000000000e+02
1.443000000000000000e+03,-8.530000000000000000e+02
1.446000000000000000e+03,-8.380000000000000000e+02
1.446000000000000000e+03,-8.380000000000000000e+02
1.443000000000000000e+03,-8.910000000000000000e+02
1.437000000000000000e+03,-9.620000000000000000e+02
1.426000000000000000e+03,-1.060000000000000000e+03
1.413000000000000000e+03,-1.189000000000000000e+03
1.391000000000000000e+03,-1.349000000000000000e+03
1.364000000000000000e+03,-1.530000000000000000e+03
1.331000000000000000e+03,-1.718000000000000000e+03
1.295000000000000000e+03,-1.902000000000000000e+03
1.254000000000000000e+03,-2.081000000000000000e+03
1.214000000000000000e+03,-2.234000000000000000e+03
1.174000000000000000e+03,-2.363000000000000000e+03
1.141000000000000000e+03,-2.455000000000000000e+03
1.114000000000000000e+03,-2.503000000000000000e+03
1.093000000000000000e+03,-2.520000000000000000e+03
1.093000000000000000e+03,-2.520000000000000000e+03
1.075000000000000000e+03,-2.482000000000000000e+03
1.084000000000000000e+03,-2.434000000000000000e+03
1.088000000000000000e+03,-2.390000000000000000e+03
1.110000000000000000e+03,-2.333000000000000000e+03
1.125000000000000000e+03,-2.289000000000000000e+03
1.140000000000000000e+03,-2.264000000000000000e+03
1.155000000000000000e+03,-2.249000000000000000e+03
1.170000000000000000e+03,-2.243000000000000000e+03
