-4.157639275542673873e-01,-1.374575299216160396e+00
-4.157639275542673873e-01,-1.374575299216160396e+00
-4.157639275542673873e-01,-1.374575299216160396e+00
-4.157639275542673873e-01,-1.374575299216160396e+00
-4.157639275542673873e-01,-1.374575299216160396e+00
-4.157639275542673873e-01,-1.374575299216160396e+00
-3.476121234154612161e-01,-1.394619947492279799e+00
-2.634246006557594000e-01,-1.382593158526608246e+00
-1.792370778960576116e-01,-1.386602088181832171e+00
-3.491561030799738424e-02,-1.362548510250488842e+00
1.094058572800628293e-01,-1.370566369560936471e+00
3.058434103860336872e-01,-1.346512791629593142e+00
5.143077524576762372e-01,-1.346512791629593142e+00
7.628613910815577048e-01,-1.334486002663921367e+00
9.873614517740958441e-01,-1.338494932319145292e+00
1.215870442121857797e+00,-1.334486002663921367e+00
1.420325854538276422e+00,-1.338494932319145292e+00
1.596718759368127794e+00,-1.346512791629593142e+00
1.741040226956187986e+00,-1.350521721284817067e+00
1.837254538681561522e+00,-1.362548510250488842e+00
1.893379553854696029e+00,-1.362548510250488842e+00
1.893379553854696029e+00,-1.362548510250488842e+00
1.893379553854696029e+00,-1.362548510250488842e+00
1.837254538681561522e+00,-1.382593158526608246e+00
1.765093804887531537e+00,-1.406646736457951574e+00
1.765093804887531537e+00,-1.406646736457951574e+00
1.644825915230814672e+00,-1.398628877147503724e+00
