8.853888182297604548e-01,1.979325497898981157e+00
8.132280844357303584e-01,1.963289779278085678e+00
7.410673506417002621e-01,1.939236201346742350e+00
6.608887575372223155e-01,1.871084397207936068e+00
5.285940789148337871e-01,1.778879015137786457e+00
4.484154858103559516e-01,1.702709351688532546e+00
3.481922444297585462e-01,1.570414673066143907e+00
2.760315106357284498e-01,1.466182502030322743e+00
2.158975658073700177e-01,1.357941401339277432e+00
1.838261285655788668e-01,1.237673511682560790e+00
1.597725506342354829e-01,1.145468129612411179e+00
1.597725506342354829e-01,1.145468129612411179e+00
1.798171989103549695e-01,1.061280606852709418e+00
