1.091000000000000000e+03,-1.277000000000000000e+03
1.114000000000000000e+03,-1.272000000000000000e+03
1.138000000000000000e+03,-1.260000000000000000e+03
1.161000000000000000e+03,-1.251000000000000000e+03
1.161000000000000000e+03,-1.251000000000000000e+03
1.186000000000000000e+03,-1.224000000000000000e+03
1.186000000000000000e+03,-1.224000000000000000e+03
1.186000000000000000e+03,-1.195000000000000000e+03
1.170000000000000000e+03,-1.186000000000000000e+03
1.153000000000000000e+03,-1.171000000000000000e+03
1.122000000000000000e+03,-1.165000000000000000e+03
1.085000000000000000e+03,-1.156000000000000000e+03
1.039000000000000000e+03,-1.157000000000000000e+03
9.920000000000000000e+02,-1.160000000000000000e+03
9.380000000000000000e+02,-1.173000000000000000e+03
8.910000000000000000e+02,-1.186000000000000000e+03
8.440000000000000000e+02,-1.207000000000000000e+03
8.050000000000000000e+02,-1.231000000000000000e+03
7.750000000000000000e+02,-1.261000000000000000e+03
7.550000000000000000e+02,-1.293000000000000000e+03
7.510000000000000000e+02,-1.326000000000000000e+03
7.600000000000000000e+02,-1.359000000000000000e+03
7.810000000000000000e+02,-1.394000000000000000e+03
8.160000000000000000e+02,-1.427000000000000000e+03
8.580000000000000000e+02,-1.463000000000000000e+03
9.060000000000000000e+02,-1.500000000000000000e+03
9.600000000000000000e+02,-1.537000000000000000e+03
1.013000000000000000e+03,-1.575000000000000000e+03
1.058000000000000000e+03,-1.617000000000000000e+03
1.097000000000000000e+03,-1.656000000000000000e+03
1.123000000000000000e+03,-1.697000000000000000e+03
1.135000000000000000e+03,-1.738000000000000000e+03
1.132000000000000000e+03,-1.775000000000000000e+03
1.120000000000000000e+03,-1.809000000000000000e+03
1.093000000000000000e+03,-1.839000000000000000e+03
1.058000000000000000e+03,-1.861000000000000000e+03
1.015000000000000000e+03,-1.876000000000000000e+03
9.680000000000000000e+02,-1.885000000000000000e+03
9.170000000000000000e+02,-1.888000000000000000e+03
8.670000000000000000e+02,-1.885000000000000000e+03
8.190000000000000000e+02,-1.878000000000000000e+03
7.750000000000000000e+02,-1.866000000000000000e+03
7.370000000000000000e+02,-1.852000000000000000e+03
7.090000000000000000e+02,-1.836000000000000000e+03
6.860000000000000000e+02,-1.821000000000000000e+03
6.710000000000000000e+02,-1.807000000000000000e+03
6.710000000000000000e+02,-1.807000000000000000e+03
6.720000000000000000e+02,-1.790000000000000000e+03
6.890000000000000000e+02,-1.778000000000000000e+03
7.150000000000000000e+02,-1.777000000000000000e+03
7.430000000000000000e+02,-1.775000000000000000e+03
7.780000000000000000e+02,-1.774000000000000000e+03
