1.216571227055568971e-01,1.580550285851635706e-01
1.216571227055568971e-01,1.580550285851635706e-01
1.216571227055568971e-01,1.580550285851635706e-01
1.136392633951091163e-01,1.981443251374025161e-01
1.136392633951091163e-01,1.981443251374025161e-01
1.056214040846613217e-01,2.342246920344175920e-01
1.056214040846613217e-01,2.342246920344175920e-01
8.557675580854184894e-02,2.783229182418804348e-01
8.557675580854184894e-02,2.783229182418804348e-01
4.548745925630289649e-02,3.184122147941193526e-01
4.548745925630289649e-02,3.184122147941193526e-01
-1.865541522727941909e-02,3.464747223806866616e-01
-6.676257108996616618e-02,3.544925816911344008e-01
-1.188786566078767898e-01,3.504836520359105312e-01
-1.750036717810113107e-01,3.464747223806866616e-01
-2.471644055750414348e-01,3.264300741045671472e-01
-3.113072800586237365e-01,3.063854258284476884e-01
-3.794590841974299633e-01,2.703050589314326402e-01
-4.395930290257883954e-01,2.342246920344175920e-01
-4.957180441989229025e-01,1.901264658269547492e-01
-5.398162704063858008e-01,1.460282396194919063e-01
-5.879234262690724577e-01,9.792108375680515231e-02
-6.159859338556397113e-01,4.580499823889452177e-02
-6.440484414422070758e-01,-1.032001693424000957e-02
-6.520663007526548149e-01,-7.045396176259843823e-02
-6.640930897183264792e-01,-1.225700472805090618e-01
-6.640930897183264792e-01,-1.827039921088674801e-01
-6.560752304078787400e-01,-2.388290072820020149e-01
-6.440484414422070758e-01,-2.909450927999126524e-01
-6.280127228213114865e-01,-3.350433190073754952e-01
-6.039591448899680470e-01,-3.751326155596144685e-01
-5.678787779929530544e-01,-4.072040528014055916e-01
-5.317984110959379507e-01,-4.312576307327489755e-01
-4.917091145436990329e-01,-4.513022790088684344e-01
-4.596376773019078543e-01,-4.633290679745401541e-01
-4.195483807496689366e-01,-4.673379976297640237e-01
-3.794590841974299633e-01,-4.713469272849879488e-01
-3.353608579899671205e-01,-4.673379976297640237e-01
-2.992804910929520723e-01,-4.593201383193162290e-01
-2.992804910929520723e-01,-4.593201383193162290e-01
-2.311286869541458455e-01,-4.352665603879728451e-01
-2.311286869541458455e-01,-4.352665603879728451e-01
-1.669858124705635438e-01,-3.711236859043905434e-01
-1.349143752287723652e-01,-3.310343893521516256e-01
-1.068518676422051117e-01,-2.909450927999126524e-01
-8.279828971086174161e-02,-2.428379369372259122e-01
-5.874471177951837153e-02,-1.987397107297630694e-01
-4.270899315862278917e-02,-1.506325548670763292e-01
-3.068220419295110413e-02,-1.065343286596134864e-01
-3.068220419295110413e-02,-1.065343286596134864e-01
-1.865541522727941909e-02,-4.640038383125506122e-02
-1.865541522727941909e-02,-4.640038383125506122e-02
-1.464648557205552523e-02,-2.302157623792219256e-03
-1.464648557205552523e-02,-2.302157623792219256e-03
-2.266434488250331641e-02,3.377820927322283673e-02
-2.266434488250331641e-02,3.377820927322283673e-02
-2.266434488250331641e-02,3.377820927322283673e-02
-2.266434488250331641e-02,3.377820927322283673e-02
-2.266434488250331641e-02,3.377820927322283673e-02
-3.870006350339889878e-02,6.985857617023788491e-02
-3.870006350339889878e-02,6.985857617023788491e-02
-3.870006350339889878e-02,6.985857617023788491e-02
-3.870006350339889878e-02,6.985857617023788491e-02
-3.870006350339889878e-02,6.985857617023788491e-02
-3.870006350339889878e-02,6.985857617023788491e-02
-5.874471177951837153e-02,1.373356099710336051e-02
-5.874471177951837153e-02,1.373356099710336051e-02
-5.874471177951837153e-02,-5.040931348647895854e-02
-5.072685246907057688e-02,-8.648968038349401366e-02
-4.270899315862278917e-02,-1.265789769357329730e-01
-3.068220419295110413e-02,-1.706772031431958159e-01
-1.865541522727941909e-02,-2.227932886611064534e-01
-6.628626261607735784e-03,-2.709004445237931935e-01
9.407092359287843111e-03,-3.190076003864799059e-01
3.346067029063121145e-02,-3.590968969387188792e-01
6.553210753242237618e-02,-4.152219121118533862e-01
1.016124744294374244e-01,-4.753558569402118184e-01
1.376928413264524864e-01,-5.314808721133463809e-01
1.817910675339153292e-01,-5.715701686655852987e-01
2.419250123622737614e-01,-6.036416059073764773e-01
3.180946758115277273e-01,-6.156683948730481415e-01
4.103000578816773380e-01,-6.116594652178242164e-01
5.065143696070507628e-01,-5.876058872864808880e-01
6.147554702980959629e-01,-5.314808721133463809e-01
7.310144302995889021e-01,-4.553112086640923595e-01
8.552912496115296914e-01,-3.671147562491666738e-01
9.555144909921270413e-01,-2.869361631446887828e-01
1.059746662027948316e+00,-1.867129217640913774e-01
1.151952044098097927e+00,-9.450753969394180831e-02
1.212085988926456359e+00,-2.635573555513558847e-02
1.284246722720486344e+00,5.382285754934230948e-02
