1.108000000000000000e+03,-1.305000000000000000e+03
1.108000000000000000e+03,-1.305000000000000000e+03
1.108000000000000000e+03,-1.305000000000000000e+03
1.108000000000000000e+03,-1.305000000000000000e+03
1.108000000000000000e+03,-1.305000000000000000e+03
1.108000000000000000e+03,-1.305000000000000000e+03
1.108000000000000000e+03,-1.305000000000000000e+03
1.108000000000000000e+03,-1.305000000000000000e+03
1.064000000000000000e+03,-1.213000000000000000e+03
1.064000000000000000e+03,-1.213000000000000000e+03
1.054000000000000000e+03,-1.139000000000000000e+03
1.054000000000000000e+03,-1.139000000000000000e+03
1.034000000000000000e+03,-1.056000000000000000e+03
1.034000000000000000e+03,-1.056000000000000000e+03
1.034000000000000000e+03,-1.056000000000000000e+03
9.710000000000000000e+02,-1.007000000000000000e+03
9.710000000000000000e+02,-1.007000000000000000e+03
8.980000000000000000e+02,-1.061000000000000000e+03
8.610000000000000000e+02,-1.123000000000000000e+03
8.220000000000000000e+02,-1.203000000000000000e+03
7.870000000000000000e+02,-1.304000000000000000e+03
7.600000000000000000e+02,-1.412000000000000000e+03
7.450000000000000000e+02,-1.525000000000000000e+03
7.400000000000000000e+02,-1.632000000000000000e+03
7.480000000000000000e+02,-1.726000000000000000e+03
7.660000000000000000e+02,-1.800000000000000000e+03
7.660000000000000000e+02,-1.800000000000000000e+03
8.320000000000000000e+02,-1.875000000000000000e+03
8.320000000000000000e+02,-1.875000000000000000e+03
9.150000000000000000e+02,-1.840000000000000000e+03
9.150000000000000000e+02,-1.840000000000000000e+03
9.980000000000000000e+02,-1.720000000000000000e+03
1.033000000000000000e+03,-1.650000000000000000e+03
1.057000000000000000e+03,-1.576000000000000000e+03
1.075000000000000000e+03,-1.507000000000000000e+03
1.084000000000000000e+03,-1.447000000000000000e+03
1.084000000000000000e+03,-1.447000000000000000e+03
1.087000000000000000e+03,-1.385000000000000000e+03
1.087000000000000000e+03,-1.385000000000000000e+03
1.087000000000000000e+03,-1.385000000000000000e+03
1.087000000000000000e+03,-1.385000000000000000e+03
1.055000000000000000e+03,-1.500000000000000000e+03
1.060000000000000000e+03,-1.563000000000000000e+03
1.060000000000000000e+03,-1.563000000000000000e+03
1.087000000000000000e+03,-1.668000000000000000e+03
1.087000000000000000e+03,-1.668000000000000000e+03
1.147000000000000000e+03,-1.739000000000000000e+03
1.147000000000000000e+03,-1.739000000000000000e+03
1.232000000000000000e+03,-1.748000000000000000e+03
1.232000000000000000e+03,-1.748000000000000000e+03
1.328000000000000000e+03,-1.696000000000000000e+03
1.328000000000000000e+03,-1.696000000000000000e+03
1.410000000000000000e+03,-1.628000000000000000e+03
1.410000000000000000e+03,-1.628000000000000000e+03
