-7.970695432151035653e-02,-7.216073379403011023e-02
-7.970695432151035653e-02,4.810715586268674016e-02
-7.970695432151035653e-02,4.810715586268674016e-02
-9.975160259762982928e-02,1.162589600014929531e-01
-9.975160259762982928e-02,1.162589600014929531e-01
-9.975160259762982928e-02,1.162589600014929531e-01
-9.975160259762982928e-02,1.162589600014929531e-01
-9.975160259762982928e-02,-2.405357793134337008e-02
-9.173374328718203463e-02,-1.162589600014929531e-01
-1.117783915633015074e-01,-2.605804275895531874e-01
-1.238051805289731994e-01,-3.928751062119417159e-01
-1.478587584603165694e-01,-5.812948000074648069e-01
-1.638944770812121587e-01,-7.536787751820922532e-01
-1.959659143230033096e-01,-9.380895393223913636e-01
-2.120016329438988989e-01,-1.098446725531347257e+00
-2.240284219095705631e-01,-1.242768193119407449e+00
-2.440730701856900497e-01,-1.367045012431348239e+00
-2.360552108752422551e-01,-1.439205746225378224e+00
-2.360552108752422551e-01,-1.535420057950751760e+00
-2.360552108752422551e-01,-1.535420057950751760e+00
-2.360552108752422551e-01,-1.535420057950751760e+00
-2.360552108752422551e-01,-1.535420057950751760e+00
-1.959659143230033096e-01,-1.419161097949258821e+00
