6.740000000000000000e+02,-1.925000000000000000e+03
6.890000000000000000e+02,-1.926000000000000000e+03
6.890000000000000000e+02,-1.926000000000000000e+03
7.270000000000000000e+02,-1.920000000000000000e+03
7.630000000000000000e+02,-1.911000000000000000e+03
8.020000000000000000e+02,-1.899000000000000000e+03
8.520000000000000000e+02,-1.882000000000000000e+03
8.970000000000000000e+02,-1.869000000000000000e+03
9.470000000000000000e+02,-1.852000000000000000e+03
9.870000000000000000e+02,-1.842000000000000000e+03
1.028000000000000000e+03,-1.830000000000000000e+03
1.055000000000000000e+03,-1.827000000000000000e+03
1.078000000000000000e+03,-1.822000000000000000e+03
1.094000000000000000e+03,-1.818000000000000000e+03
1.094000000000000000e+03,-1.818000000000000000e+03
1.094000000000000000e+03,-1.818000000000000000e+03
1.116000000000000000e+03,-1.810000000000000000e+03
1.116000000000000000e+03,-1.810000000000000000e+03
1.135000000000000000e+03,-1.795000000000000000e+03
