4.393422453974915043e-01,6.660289949928793751e-01
3.992529488452525865e-01,6.940915025794466287e-01
3.992529488452525865e-01,6.940915025794466287e-01
3.591636522930136133e-01,7.141361508555660320e-01
3.230832853959985651e-01,7.221540101660138822e-01
2.829939888437595918e-01,7.221540101660138822e-01
2.308779033258489821e-01,7.221540101660138822e-01
1.787618178079383446e-01,7.261629398212376962e-01
1.025921543586843510e-01,7.141361508555660320e-01
3.844927987510202844e-02,7.101272212003422180e-01
-4.573824288459976684e-02,6.900825729242227036e-01
-1.178989766786298771e-01,6.740468543033271143e-01
-1.980775697831077820e-01,6.459843467167598607e-01
-2.702383035771379061e-01,6.139129094749686821e-01
-3.504168966816157971e-01,5.658057536122819142e-01
-4.185687008204219683e-01,5.136896680943713323e-01
-4.867205049592281951e-01,4.535557232660129001e-01
-5.428455201323627577e-01,3.854039191272066733e-01
-5.829348166846016754e-01,3.092342556779526519e-01
-6.109973242711689290e-01,2.330645922286986582e-01
-6.150062539263928540e-01,1.488770694689968699e-01
-5.989705353054972647e-01,7.270740601974287620e-02
-5.668990980637060861e-01,8.564531536160553682e-03
-5.107740828905715791e-01,-5.156941329219787151e-02
-4.426222787517653523e-01,-9.967656915488461167e-02
-3.584347559920635917e-01,-1.317480063966757764e-01
-2.702383035771379061e-01,-1.437747953623474406e-01
-1.820418511622121926e-01,-1.397658657071235710e-01
-9.785432840251040432e-02,-1.157122877757801871e-01
-2.168466495325639676e-02,-7.963192087876513892e-02
5.448499849599760386e-02,-2.350690570563060758e-02
1.106100136691321317e-01,4.063596877795171147e-02
1.667350288422666527e-01,1.208145618824296164e-01
2.028153957392817286e-01,2.050020846421314047e-01
2.388957626362967768e-01,3.052253260227287823e-01
2.589404109124162634e-01,4.054485674033261322e-01
2.749761295333118527e-01,5.016628791286996680e-01
2.829939888437595918e-01,5.898593315436253537e-01
2.950207778094313116e-01,6.740468543033271143e-01
2.910118481542073865e-01,7.381897287869094715e-01
2.910118481542073865e-01,7.742700956839244641e-01
2.910118481542073865e-01,7.742700956839244641e-01
2.910118481542073865e-01,7.742700956839244641e-01
2.749761295333118527e-01,6.780557839585510393e-01
2.549314812571923383e-01,5.497700349913863249e-01
2.388957626362967768e-01,4.014396377481022626e-01
2.068243253945055982e-01,1.969842253316836100e-01
1.867796771183861393e-01,-1.949797605040671025e-02
1.506993102213710911e-01,-2.680516146742881745e-01
1.306546619452516045e-01,-5.085873939877219030e-01
1.025921543586843510e-01,-7.491231733011556315e-01
8.655643573778876165e-02,-9.535785857175742564e-01
6.651178746166928890e-02,-1.133980420202649553e+00
5.448499849599760386e-02,-1.266275098825037970e+00
3.844927987510202844e-02,-1.362489410550411506e+00
2.642249090943033993e-02,-1.414605496068322088e+00
2.642249090943033993e-02,-1.414605496068322088e+00
2.642249090943033993e-02,-1.414605496068322088e+00
-1.366680564280860904e-02,-1.362489410550411506e+00
-3.371145391892808180e-02,-1.306364395377276999e+00
-3.371145391892808180e-02,-1.218167942962351313e+00
-5.375610219504755455e-02,-1.146007209168321106e+00
-6.578289116071923959e-02,-1.057810756753395420e+00
-6.177396150549534920e-02,-9.736232339936936597e-01
-6.979182081594313691e-02,-9.174982188205591527e-01
-5.375610219504755455e-02,-8.573642739922007205e-01
