-7.226908324417127272e-01,7.921428299822133035e-01
-7.226908324417127272e-01,7.921428299822133035e-01
-7.226908324417127272e-01,7.921428299822133035e-01
-6.465211689924587057e-01,8.442589155001239964e-01
-5.863872241641002736e-01,8.562857044657956607e-01
-4.861639827835028682e-01,8.883571417075868393e-01
-3.859407414029055183e-01,8.883571417075868393e-01
-2.336014145043975032e-01,9.244375086046018319e-01
-8.126208760588948810e-02,9.364642975702736072e-01
9.913974687918578055e-02,9.685357348120646748e-01
2.594969330881415903e-01,9.805625237777364500e-01
4.358898379179929616e-01,1.004616101709079778e+00
5.681845165403814901e-01,1.004616101709079778e+00
6.964702655075460935e-01,1.008625031364303704e+00
7.766488586120240400e-01,1.004616101709079778e+00
7.766488586120240400e-01,1.004616101709079778e+00
7.766488586120240400e-01,1.004616101709079778e+00
7.766488586120240400e-01,1.004616101709079778e+00
6.844434765418744293e-01,9.805625237777364500e-01
5.802113055060531543e-01,9.845714534329602641e-01
4.559344861941124205e-01,9.925893127434081142e-01
3.116130186060522278e-01,1.008625031364303704e+00
1.592736917075442127e-01,1.020651820329975257e+00
1.495222411948398701e-02,1.040696468606094882e+00
-1.333781731238001256e-01,1.044705398261318807e+00
-2.416192738148452979e-01,1.056732187226990360e+00
-3.418425151954426755e-01,1.052723257571766435e+00
-4.220211082999205665e-01,1.040696468606094882e+00
-4.941818420939506629e-01,1.008625031364303704e+00
-4.941818420939506629e-01,1.008625031364303704e+00
-5.783693648536524234e-01,9.124107196389301677e-01
-6.024229427849958629e-01,8.442589155001239964e-01
-6.224675910611152663e-01,7.720981817060939001e-01
-6.465211689924587057e-01,6.879106589463920285e-01
-6.625568876133542950e-01,5.916963472210186037e-01
-6.866104655446976235e-01,4.954820354956451234e-01
-7.106640434760409519e-01,3.792230754941521842e-01
-7.307086917521604663e-01,2.669730451478831146e-01
-7.547622696835037948e-01,1.467051554911662781e-01
-7.667890586491755700e-01,4.247298445534499617e-02
-7.788158476148472342e-01,-6.175918658047626492e-02
-7.707979883043993841e-01,-1.459467093401780602e-01
-7.547622696835037948e-01,-2.181074431342081565e-01
-7.547622696835037948e-01,-2.181074431342081565e-01
-6.144497317506675271e-01,-3.022949658939099726e-01
-4.941818420939506629e-01,-3.063038955491338422e-01
-3.498603745058904702e-01,-3.063038955491338422e-01
-1.694585400208151738e-01,-2.822503176177905138e-01
2.697901308515567032e-02,-2.702235286521187940e-01
2.354433551567982064e-01,-2.662145989968949245e-01
4.479166268836646259e-01,-2.702235286521187940e-01
6.403452503344115865e-01,-2.942771065834621780e-01
8.047113661985912936e-01,-3.463931921013728155e-01
9.370060448209798221e-01,-4.185539258954029118e-01
1.041238215856800986e+00,-5.147682376207763921e-01
1.101372160685159418e+00,-6.470629162431649206e-01
1.113398949650831193e+00,-7.873754541760012993e-01
1.109390019995607268e+00,-9.357058514192853060e-01
1.053265004822472761e+00,-1.112098756249136677e+00
9.811042710284426649e-01,-1.280473801768540421e+00
8.848899593030691291e-01,-1.444839917632720017e+00
7.646220696463523758e-01,-1.589161385220780209e+00
6.243095317135159972e-01,-1.733482852808840402e+00
4.719702048150080098e-01,-1.865777531431229042e+00
3.236398075717238920e-01,-1.970009702467050205e+00
1.592736917075442127e-01,-2.038161506605856488e+00
1.896115377470788260e-02,-2.054197225226752188e+00
-1.173424545029045502e-01,-2.050188295571528041e+00
-2.215746255387258112e-01,-1.986045421087945906e+00
-3.258067965745470862e-01,-1.925911476259587474e+00
-3.779228820924577237e-01,-1.793616797637198834e+00
-3.658960931267860039e-01,-1.661322119014810417e+00
-3.177889372640992915e-01,-1.545063159013317478e+00
-2.215746255387258112e-01,-1.436822058322272166e+00
