-4.267004501778933201e-01,-3.205711963587962732e-01
-4.267004501778933201e-01,-3.205711963587962732e-01
-4.267004501778933201e-01,-3.205711963587962732e-01
-4.267004501778933201e-01,-3.205711963587962732e-01
-3.785932943152065522e-01,-3.325979853244679374e-01
-3.344950681077437094e-01,-3.406158446349157320e-01
-2.743611232793853327e-01,-3.325979853244679374e-01
-2.142271784510268728e-01,-3.446247742901396016e-01
-1.420664446569967765e-01,-3.406158446349157320e-01
-6.990571086296666625e-02,-3.446247742901396016e-01
1.027288224151122996e-02,-3.285890556692440678e-01
8.243361603554133499e-02,-3.245801260140201427e-01
1.545943498295714591e-01,-3.205711963587962732e-01
2.107193650027059662e-01,-3.285890556692440678e-01
2.548175912101688367e-01,-3.325979853244679374e-01
3.069336767280794742e-01,-3.366069149796918625e-01
3.069336767280794742e-01,-3.366069149796918625e-01
3.550408325907661866e-01,-3.406158446349157320e-01
3.550408325907661866e-01,-3.406158446349157320e-01
3.550408325907661866e-01,-3.406158446349157320e-01
3.750854808668856455e-01,-3.005265480826767588e-01
3.750854808668856455e-01,-3.005265480826767588e-01
