8.345342005660234541e-01,-1.276349486984594384e+00
7.824181150481128721e-01,-1.316438783536833412e+00
6.942216626331871865e-01,-1.392608446986087323e+00
5.980073509078136507e-01,-1.476795969745789305e+00
5.338644764242314045e-01,-1.560983492505491066e+00
4.617037426302012526e-01,-1.649179944920416752e+00
4.536858833197534580e-01,-1.733367467680118512e+00
4.576948129749773830e-01,-1.793501412508476944e+00
5.098108984928879650e-01,-1.817554990439820273e+00
6.060252102182615008e-01,-1.813546060784596348e+00
7.262930998749783651e-01,-1.753412115956237916e+00
8.625967081525907076e-01,-1.653188874575640677e+00
9.948913867749793472e-01,-1.528912055263699887e+00
1.107141417121248361e+00,-1.384590587675639695e+00
1.195337869536174047e+00,-1.236260190432355577e+00
1.235427166088413076e+00,-1.120001230430862638e+00
1.219391447467517375e+00,-1.011760129739817327e+00
1.163266432294382868e+00,-9.556351145666828195e-01
1.067052120569009332e+00,-9.676619035323545948e-01
9.828645978093075719e-01,-1.011760129739817327e+00
8.866502860839341471e-01,-1.083920863533847534e+00
7.984538336690084614e-01,-1.204188753190564398e+00
7.423288184958739544e-01,-1.332474502157728891e+00
7.222841702197544400e-01,-1.432697743538326351e+00
