5.890000000000000000e+02,-1.827000000000000000e+03
5.890000000000000000e+02,-1.827000000000000000e+03
6.060000000000000000e+02,-1.830000000000000000e+03
6.060000000000000000e+02,-1.830000000000000000e+03
6.210000000000000000e+02,-1.819000000000000000e+03
6.210000000000000000e+02,-1.819000000000000000e+03
6.440000000000000000e+02,-1.795000000000000000e+03
6.590000000000000000e+02,-1.778000000000000000e+03
6.750000000000000000e+02,-1.756000000000000000e+03
6.960000000000000000e+02,-1.730000000000000000e+03
7.180000000000000000e+02,-1.702000000000000000e+03
7.420000000000000000e+02,-1.668000000000000000e+03
7.670000000000000000e+02,-1.634000000000000000e+03
7.960000000000000000e+02,-1.593000000000000000e+03
8.220000000000000000e+02,-1.552000000000000000e+03
8.530000000000000000e+02,-1.506000000000000000e+03
8.790000000000000000e+02,-1.462000000000000000e+03
9.060000000000000000e+02,-1.417000000000000000e+03
9.270000000000000000e+02,-1.379000000000000000e+03
9.480000000000000000e+02,-1.343000000000000000e+03
9.600000000000000000e+02,-1.314000000000000000e+03
9.720000000000000000e+02,-1.293000000000000000e+03
9.780000000000000000e+02,-1.277000000000000000e+03
9.780000000000000000e+02,-1.277000000000000000e+03
9.780000000000000000e+02,-1.277000000000000000e+03
9.780000000000000000e+02,-1.277000000000000000e+03
9.780000000000000000e+02,-1.277000000000000000e+03
9.870000000000000000e+02,-1.292000000000000000e+03
9.890000000000000000e+02,-1.310000000000000000e+03
9.900000000000000000e+02,-1.328000000000000000e+03
9.890000000000000000e+02,-1.352000000000000000e+03
9.890000000000000000e+02,-1.379000000000000000e+03
9.860000000000000000e+02,-1.411000000000000000e+03
9.840000000000000000e+02,-1.450000000000000000e+03
9.800000000000000000e+02,-1.492000000000000000e+03
9.740000000000000000e+02,-1.536000000000000000e+03
9.680000000000000000e+02,-1.582000000000000000e+03
9.590000000000000000e+02,-1.632000000000000000e+03
9.510000000000000000e+02,-1.682000000000000000e+03
9.390000000000000000e+02,-1.730000000000000000e+03
9.300000000000000000e+02,-1.774000000000000000e+03
9.200000000000000000e+02,-1.813000000000000000e+03
9.110000000000000000e+02,-1.842000000000000000e+03
9.000000000000000000e+02,-1.867000000000000000e+03
8.920000000000000000e+02,-1.882000000000000000e+03
8.920000000000000000e+02,-1.882000000000000000e+03
8.770000000000000000e+02,-1.887000000000000000e+03
8.770000000000000000e+02,-1.887000000000000000e+03
8.680000000000000000e+02,-1.861000000000000000e+03
8.670000000000000000e+02,-1.840000000000000000e+03
8.670000000000000000e+02,-1.819000000000000000e+03
8.760000000000000000e+02,-1.793000000000000000e+03
8.830000000000000000e+02,-1.769000000000000000e+03
9.000000000000000000e+02,-1.742000000000000000e+03
9.180000000000000000e+02,-1.723000000000000000e+03
9.450000000000000000e+02,-1.700000000000000000e+03
9.740000000000000000e+02,-1.680000000000000000e+03
1.004000000000000000e+03,-1.665000000000000000e+03
1.028000000000000000e+03,-1.655000000000000000e+03
1.063000000000000000e+03,-1.643000000000000000e+03
1.088000000000000000e+03,-1.644000000000000000e+03
1.117000000000000000e+03,-1.641000000000000000e+03
