-8.539762560007491121e-01,-1.122054866834332421e+00
-8.499673263455252981e-01,-1.061920922005973988e+00
-8.499673263455252981e-01,-1.061920922005973988e+00
-7.617708739305996124e-01,-1.045885203385078510e+00
-6.896101401365694050e-01,-1.049894133040302435e+00
-5.653333208246287267e-01,-1.037867344074630660e+00
-4.049761346156729447e-01,-1.037867344074630660e+00
-2.085385815097020590e-01,-1.045885203385078510e+00
9.614007228731394350e-02,-1.013813766143287332e+00
3.767651481529865620e-01,-1.061920922005973988e+00
7.455866764335848940e-01,-1.033858414419406735e+00
1.090354626782839897e+00,-1.033858414419406735e+00
