-1.524906072628561260e-01,8.759133095753320053e-02
-9.636559208972160506e-02,1.142166750827919297e-02
-8.169139674795912465e-03,-5.673013663052701994e-02
9.205410170580145823e-02,-1.369087297350049248e-01
1.882684134311749247e-01,-2.251051821499306105e-01
3.365988106744590702e-01,-2.972659159439607346e-01
4.568667003311758790e-01,-4.055070166350058791e-01
5.931703086087882770e-01,-4.856856097394837701e-01
7.054203389550574022e-01,-5.658642028439616611e-01
7.896078617147591627e-01,-6.420338662932156826e-01
8.737953844744609233e-01,-6.821231628454546003e-01
9.259114699923716163e-01,-7.101856704320218538e-01
9.259114699923716163e-01,-7.101856704320218538e-01
9.619918368893866090e-01,-7.502749669842608826e-01
9.619918368893866090e-01,-7.502749669842608826e-01
