5.388473095403881197e-02,-8.165246430125141508e-01
6.591151991971049007e-02,-9.247657437035593508e-01
5.789366060926270235e-02,-1.057060422325947879e+00
6.190259026448659968e-02,-1.173319382327440819e+00
4.987580129881491464e-02,-1.293587271984157683e+00
2.983115302269543842e-02,-1.413855161640874547e+00
1.780436405702375685e-02,-1.518087332676695711e+00
-3.431172146088688063e-02,-1.622319503712517097e+00
-7.039208835790193575e-02,-1.686462378196099454e+00
-1.385438924967081487e-01,-1.750605252679681589e+00
