4.947528264978696688e-01,7.015626896641815602e-01
4.747081782217501544e-01,7.977770013895550960e-01
4.747081782217501544e-01,7.977770013895550960e-01
4.706992485665262849e-01,7.256162675955249997e-01
4.626813892560784902e-01,6.053483779388081354e-01
4.706992485665262849e-01,4.449911917298523534e-01
4.827260375321979491e-01,2.164822013820903168e-01
4.867349671874218742e-01,-3.608036689701505512e-02
5.107885451187652581e-01,-3.086875834522398998e-01
5.228153340844369223e-01,-5.973305186283603962e-01
5.468689120157802508e-01,-8.699377351835851924e-01
5.789403492575714294e-01,-1.118491373807466660e+00
6.029939271889147578e-01,-1.330964645534333135e+00
6.390742940859298615e-01,-1.487312902088065103e+00
6.951993092590643686e-01,-1.583527213813438417e+00
6.871814499486166294e-01,-1.667714736573140177e+00
6.871814499486166294e-01,-1.667714736573140177e+00
6.871814499486166294e-01,-1.667714736573140177e+00
