-3.130118221814703894e-01,1.594653119710520484e+00
-3.130118221814703894e-01,1.674831712814998541e+00
-3.330564704575898483e-01,1.714921009367237348e+00
-3.330564704575898483e-01,1.714921009367237348e+00
-3.330564704575898483e-01,1.714921009367237348e+00
-3.731457670098288215e-01,1.614697767986640109e+00
-3.531011187337093626e-01,1.498438807985147170e+00
-3.531011187337093626e-01,1.306010184534400098e+00
-3.250386111471420536e-01,1.077501194186638145e+00
-3.130118221814703894e-01,7.928671886657415735e-01
-2.849493145949031359e-01,4.921974645239494683e-01
-2.608957366635597519e-01,1.714830921060379043e-01
-2.368421587322163957e-01,-1.412134210014259206e-01
-2.127885808008730117e-01,-4.418831451432180257e-01
-1.927439325247535529e-01,-7.104814320432190078e-01
-1.767082139038579636e-01,-9.309725630805332219e-01
-1.767082139038579636e-01,-1.103356538255160668e+00
-1.686903545934101689e-01,-1.223624427911877532e+00
-1.686903545934101689e-01,-1.307811950671579293e+00
-1.686903545934101689e-01,-1.307811950671579293e+00
-1.686903545934101689e-01,-1.307811950671579293e+00
-1.686903545934101689e-01,-1.307811950671579293e+00
-1.566635656277384769e-01,-1.195561920325310279e+00
-1.566635656277384769e-01,-1.087320819634265190e+00
-1.446367766620668127e-01,-9.590350706671004755e-01
