-7.292979376870571961e-01,1.469477255866865173e+00
-6.571372038930270998e-01,1.481504044832536948e+00
-6.010121887198925927e-01,1.469477255866865173e+00
-5.128157363049669071e-01,1.481504044832536948e+00
-4.166014245795934268e-01,1.469477255866865173e+00
-3.003424645781004321e-01,1.465468326211641248e+00
-1.800745749213835956e-01,1.445423677935521845e+00
-6.381561491989064250e-02,1.429387959314626366e+00
5.645227473682620095e-02,1.409343311038506741e+00
1.566755161174235855e-01,1.381280803451939487e+00
2.609076871532448605e-01,1.345200436554924606e+00
3.450952099129466211e-01,1.289075421381789877e+00
4.172559437069767174e-01,1.224932546898207741e+00
4.533363106039918211e-01,1.112682516551938505e+00
4.854077478457829442e-01,9.803878379295500878e-01
4.733809588801112800e-01,7.959770737892508663e-01
4.413095216383201014e-01,5.875127317176083164e-01
3.891934361204094639e-01,3.469769524041746434e-01
3.170327023263793675e-01,8.639652481462149758e-02
2.328451795666775792e-01,-1.862106917406033679e-01
1.446487271517518935e-01,-4.668357676062759865e-01
6.046120439205009828e-02,-7.474608434719486327e-01
-1.570845905720390928e-02,-1.000023411751054025e+00
-7.584240388556233448e-02,-1.216505613133144426e+00
-1.239495597482490746e-01,-1.416952095894339125e+00
-1.560209969900402394e-01,-1.561273563482399318e+00
-1.840835045766074929e-01,-1.689559312449564032e+00
-1.921013638870552875e-01,-1.765728975898817943e+00
-1.921013638870552875e-01,-1.765728975898817943e+00
-1.921013638870552875e-01,-1.765728975898817943e+00
-1.921013638870552875e-01,-1.765728975898817943e+00
-1.480031376795924447e-01,-1.689559312449564032e+00
