1.482000000000000000e+03,-1.047000000000000000e+03
1.520000000000000000e+03,-9.770000000000000000e+02
1.520000000000000000e+03,-9.770000000000000000e+02
1.520000000000000000e+03,-9.770000000000000000e+02
1.520000000000000000e+03,-9.770000000000000000e+02
1.520000000000000000e+03,-9.770000000000000000e+02
1.520000000000000000e+03,-9.770000000000000000e+02
1.520000000000000000e+03,-9.770000000000000000e+02
1.520000000000000000e+03,-9.770000000000000000e+02
1.471000000000000000e+03,-1.075000000000000000e+03
1.471000000000000000e+03,-1.075000000000000000e+03
1.378000000000000000e+03,-1.197000000000000000e+03
1.318000000000000000e+03,-1.267000000000000000e+03
1.253000000000000000e+03,-1.349000000000000000e+03
1.185000000000000000e+03,-1.426000000000000000e+03
1.114000000000000000e+03,-1.506000000000000000e+03
1.046000000000000000e+03,-1.581000000000000000e+03
9.780000000000000000e+02,-1.655000000000000000e+03
9.180000000000000000e+02,-1.723000000000000000e+03
8.670000000000000000e+02,-1.784000000000000000e+03
8.670000000000000000e+02,-1.784000000000000000e+03
7.780000000000000000e+02,-1.888000000000000000e+03
7.780000000000000000e+02,-1.888000000000000000e+03
7.190000000000000000e+02,-1.965000000000000000e+03
7.190000000000000000e+02,-1.965000000000000000e+03
7.190000000000000000e+02,-1.965000000000000000e+03
6.890000000000000000e+02,-2.027000000000000000e+03
6.890000000000000000e+02,-2.027000000000000000e+03
6.890000000000000000e+02,-2.027000000000000000e+03
6.890000000000000000e+02,-2.027000000000000000e+03
7.600000000000000000e+02,-2.006000000000000000e+03
