-2.564535882385874932e-01,-1.486959173000839796e+00
-2.564535882385874932e-01,-1.486959173000839796e+00
-2.283910806520202397e-01,-1.571146695760541556e+00
-2.283910806520202397e-01,-1.571146695760541556e+00
-2.283910806520202397e-01,-1.571146695760541556e+00
-2.885250254803786718e-01,-1.575155625415765481e+00
-2.885250254803786718e-01,-1.575155625415765481e+00
-3.406411109982893093e-01,-1.547093117829198228e+00
-3.406411109982893093e-01,-1.547093117829198228e+00
-3.847393372057521521e-01,-1.466914524724720170e+00
-3.606857592744087682e-01,-1.378718072309794485e+00
-3.687036185848565628e-01,-1.298539479205316649e+00
-3.165875330669459253e-01,-1.158226941272480381e+00
-2.805071661699308772e-01,-1.037959051615763517e+00
-1.963196434102290888e-01,-8.735929357515838101e-01
-1.121321206505272866e-01,-7.172446791978518421e-01
1.214469866141345764e-02,-5.248160557471048815e-01
1.484483069390258869e-01,-3.484231509172535657e-01
2.967787041823100047e-01,-1.479766681560587827e-01
4.611448200464897118e-01,3.643409598424036944e-02
6.375377248763410831e-01,2.328716490902112135e-01
7.978949110852968651e-01,4.132734835752864822e-01
9.622610269494765722e-01,5.896663884051378535e-01
1.106582494537536876e+00,7.460146449588698214e-01
1.234868243504701368e+00,8.943450422021538282e-01
1.331082555230074904e+00,1.010604002203646878e+00
1.415270077989776665e+00,1.114836173239468042e+00
1.471395093162911172e+00,1.191005836688722175e+00
1.499457600749478425e+00,1.251139781517080607e+00
1.499457600749478425e+00,1.251139781517080607e+00
1.475404022818135097e+00,1.323300515311110592e+00
1.415270077989776665e+00,1.339336233932006293e+00
1.339100414540522754e+00,1.343345163587230218e+00
1.222841454539029815e+00,1.343345163587230218e+00
1.078519986950969400e+00,1.339336233932006293e+00
8.981181524658942150e-01,1.311273726345439039e+00
6.896538103942516651e-01,1.295238007724543339e+00
4.691626793569374509e-01,1.263166570482752160e+00
2.246179703882798806e-01,1.235104062896184907e+00
-2.794459789082549134e-02,1.203032625654393728e+00
-2.925339551356025414e-01,1.166952258757378846e+00
-5.370786641042601950e-01,1.130871891860363743e+00
-7.736055137624699984e-01,1.090782595308124714e+00
-9.580162779027691089e-01,1.066729017376781385e+00
-1.138418112387844294e+00,1.018621861514094729e+00
-1.250668142734113530e+00,1.006595072548422953e+00
-1.322828876528143516e+00,9.584879166857361854e-01
-1.382962821356501948e+00,8.783093235812583499e-01
-1.386971751011725873e+00,8.181753787528999178e-01
-1.386971751011725873e+00,7.139432077170786428e-01
