8.668594499126098807e-01,8.795305311442993546e-01
8.668594499126098807e-01,8.795305311442993546e-01
8.147433643946991877e-01,9.396644759726577867e-01
7.746540678424602699e-01,9.837627021801206295e-01
6.824486857723106592e-01,1.011825209766687994e+00
6.102879519782805628e-01,1.071959154595046426e+00
4.900200623215636986e-01,1.104030591836837605e+00
3.777700319752946290e-01,1.144119888389076412e+00
2.414664236976822309e-01,1.160155607009972112e+00
1.051628154200698051e-01,1.180200255286091515e+00
-4.717651147843820308e-02,1.168173466320419740e+00
-1.955069087217223278e-01,1.152137747699524262e+00
-3.318105169993347259e-01,1.112048451147285233e+00
-4.560873363112754597e-01,1.067950224939822501e+00
-5.563105776918728651e-01,1.011825209766687994e+00
-6.204534521754552223e-01,9.476823352831056368e-01
-6.605427487276941401e-01,8.715126718338516154e-01
-6.605427487276941401e-01,7.993519380398215191e-01
-6.324802411411268865e-01,7.231822745905674976e-01
-5.603195073470967902e-01,6.470126111413134762e-01
-4.721230549321710490e-01,5.708429476920594547e-01
-3.518551652754542403e-01,4.946732842428054888e-01
-2.155515569978417867e-01,4.225125504487753925e-01
-6.321223009933378545e-02,3.463428869995213710e-01
9.313602645439811312e-02,2.741821532054912747e-01
2.575021423185778202e-01,2.060303490666850479e-01
4.258771878379813969e-01,1.378785449278788211e-01
5.902433037021610485e-01,7.373567044429650552e-02
7.185290526693257629e-01,-6.442922660181389823e-03
8.347880126708187021e-01,-7.860365645421149572e-02
9.229844650857443877e-01,-1.748179681795849760e-01
9.871273395693266339e-01,-2.670233502497345590e-01
1.023207706466341849e+00,-3.672465916303319089e-01
1.039243425087237327e+00,-4.634609033557053892e-01
1.011180917500670073e+00,-5.717020040467505337e-01
9.710916209484311556e-01,-6.639073861169001445e-01
9.029398168096248734e-01,-7.601216978422736803e-01
8.187522940499231128e-01,-8.403002909467515158e-01
7.225379823245495770e-01,-9.124610247407816122e-01
6.102879519782805628e-01,-9.685860399139161192e-01
4.820022030111159039e-01,-1.008675336466155148e+00
3.376807354230557112e-01,-1.040746773707946327e+00
1.853414085245476961e-01,-1.056782492328841805e+00
1.295743334992021864e-02,-1.060791421984065730e+00
-1.714533307903789439e-01,-1.048764633018394177e+00
-3.799176728620214938e-01,-1.036737844052722401e+00
-5.883820149336640437e-01,-1.020702125431826701e+00
-7.968463570053065936e-01,-1.000657477155707298e+00
-9.892749804560535543e-01,-9.886306881900356336e-01
-1.169676814941128740e+00,-9.806128288795878944e-01
-1.313998282529188932e+00,-9.766038992243639694e-01
-1.442284031496353647e+00,-1.000657477155707298e+00
-1.522462624600831482e+00,-9.926396178452595587e-01
-1.522462624600831482e+00,-9.926396178452595587e-01
-1.550525132187398736e+00,-1.040746773707946327e+00
-1.506426905979936004e+00,-1.060791421984065730e+00
