-4.617427906463222875e-02,9.554138424753231273e-01
-1.009391216761717711e-02,1.027574576269353335e+00
3.801324369506955958e-02,1.095726380408159395e+00
1.061650478338757725e-01,1.171896043857413527e+00
1.943615002488014720e-01,1.256083566617115288e+00
2.905758119741749246e-01,1.312208581790249795e+00
3.907990533547723300e-01,1.348288948687264899e+00
4.709776464592502210e-01,1.376351456273832152e+00
5.631830285293998317e-01,1.404413963860399406e+00
6.393526919786538532e-01,1.416440752826071181e+00
