-3.241680279656106833e+00,1.458851991554394711e+00
-3.241680279656106833e+00,1.458851991554394711e+00
-3.241680279656106833e+00,1.458851991554394711e+00
-3.241680279656106833e+00,1.458851991554394711e+00
-3.241680279656106833e+00,1.458851991554394711e+00
-3.241680279656106833e+00,1.458851991554394711e+00
-3.241680279656106833e+00,1.458851991554394711e+00
-3.241680279656106833e+00,1.458851991554394711e+00
-3.241680279656106833e+00,1.458851991554394711e+00
-3.241680279656106833e+00,1.514977006727529218e+00
-3.241680279656106833e+00,1.514977006727529218e+00
-3.169519545862077070e+00,1.587137740521559204e+00
-3.089340952757599013e+00,1.647271685349917636e+00
-3.009162359653120955e+00,1.699387770867828440e+00
-2.896912329306851941e+00,1.783575293627530201e+00
-2.780653369305359224e+00,1.867762816387231961e+00
-2.640340831372522956e+00,1.980012846733500975e+00
-2.496019363784462541e+00,2.100280736390217839e+00
-2.359715755506849977e+00,2.232575415012606257e+00
-2.231430006539685706e+00,2.372887952945442525e+00
-2.103144257572520992e+00,2.533245139154398640e+00
-1.994903156881475681e+00,2.677566606742458610e+00
-1.898688845156102145e+00,2.837923792951414281e+00
-1.806483463085952756e+00,2.974227401229026846e+00
-1.742340588602370399e+00,3.106522079851415263e+00
-1.686215573429235892e+00,3.210754250887236871e+00
-1.646126276876996863e+00,3.290932843991714485e+00
-1.646126276876996863e+00,3.290932843991714485e+00
-1.585992332048638431e+00,3.327013210888729589e+00
-1.585992332048638431e+00,3.327013210888729589e+00
-1.553920894806847253e+00,3.210754250887236871e+00
-1.553920894806847253e+00,3.094495290885743710e+00
-1.413608356874010985e+00,2.950173823297683739e+00
-1.437661934805354313e+00,2.725673762605145267e+00
-1.409599427218787060e+00,2.521218350188726642e+00
-1.445679794115802164e+00,2.272664711564845508e+00
-1.437661934805354313e+00,2.052173580527531183e+00
-1.485769090668040970e+00,1.791593152937977829e+00
-1.493786949978488821e+00,1.563084162590215875e+00
-1.553920894806847253e+00,1.290476946034990968e+00
-1.710269151360579221e+00,1.057959026032005090e+00
-1.754367377568041952e+00,8.254411060290192115e-01
-1.806483463085952756e+00,5.808963970603616689e-01
-1.850581689293415488e+00,3.243248991260324066e-01
-1.886662056190430592e+00,4.369982326035973946e-02
-1.910715634121773920e+00,-2.569699008814324004e-01
-1.918733493432221771e+00,-5.696664139888961698e-01
-1.918733493432221771e+00,-9.104254346829272482e-01
-1.906706704466549995e+00,-1.247175525721734513e+00
-1.878644196879982742e+00,-1.575907757450093705e+00
-1.842563829982967638e+00,-1.900631059523229194e+00
-1.806483463085952756e+00,-2.209318642975468983e+00
-1.766394166533713728e+00,-2.493952648496365665e+00
-1.722295940326250774e+00,-2.758542005741142944e+00
-1.682206643774011967e+00,-2.983042066433680972e+00
-1.646126276876996863e+00,-3.195515338160547447e+00
-1.610045909979981760e+00,-3.387943961611294519e+00
-1.573965543082966656e+00,-3.560327936785921743e+00
-1.529867316875503924e+00,-3.720685122994877414e+00
-1.485769090668040970e+00,-3.865006590582937829e+00
-1.425635145839682538e+00,-3.997301269205326246e+00
-1.373519060321771956e+00,-4.093515580930700004e+00
-1.305367256182965896e+00,-4.185720963000849615e+00
-1.221179733423263913e+00,-4.225810259553088422e+00
-1.132983281008338228e+00,-4.237837048518760419e+00
-1.008706461696397660e+00,-4.201756681621745315e+00
-8.964564313501285353e-01,-4.117569158862043111e+00
-7.521349637620683426e-01,-3.977256620929206843e+00
-6.158313554844558890e-01,-3.796854786444131769e+00
-4.594830989307239766e-01,-3.556319007130698040e+00
-3.231794906531115230e-01,-3.255649282988905657e+00
-1.588133747889318437e-01,-2.890836684363531361e+00
-1.449190720087162321e-02,-2.473908000220246262e+00
1.338384900424124946e-01,-2.016890019524722355e+00
2.420795907334576391e-01,-1.531809531242630973e+00
3.783831990110700927e-01,-9.144343643381511733e-01
4.866242997021152372e-01,-3.251217050202385717e-01
6.229279079797276353e-01,2.681998839528978440e-01
6.990975714289816567e-01,8.013875280976758830e-01
8.033297424648029317e-01,1.314530523966334519e+00
8.634636872931613638e-01,1.755512786040962947e+00
9.356244210871914602e-01,2.176450399839471750e+00
9.917494362603259672e-01,2.533245139154398640e+00
1.007785154881221557e+00,2.757745199846936668e+00
1.007785154881221557e+00,2.950173823297683739e+00
9.837315769498782281e-01,3.106522079851415263e+00
9.676958583289826388e-01,3.234807828818579978e+00
9.356244210871914602e-01,3.331022140543953736e+00
8.674726169483852889e-01,3.379129296406640393e+00
8.674726169483852889e-01,3.379129296406640393e+00
7.472047272916684246e-01,3.230798899163356275e+00
6.870707824633099925e-01,3.070441712954400604e+00
6.229279079797276353e-01,2.813870215020071175e+00
5.668028928065931282e-01,2.509191561223055089e+00
4.866242997021152372e-01,2.136361103287232943e+00
4.264903548737568051e-01,1.731459208109619397e+00
3.663564100453983730e-01,1.278450157069319415e+00
3.142403245274877355e-01,8.494946839603626509e-01
2.661331686648010231e-01,4.205392108514058869e-01
2.300528017677859749e-01,3.610526708120791791e-03
1.979813645259947963e-01,-3.972824388142687235e-01
1.859545755603231321e-01,-7.580861077844192053e-01
1.819456459050992347e-01,-1.102854058133674098e+00
1.979813645259947963e-01,-1.399514852620242333e+00
2.300528017677859749e-01,-1.672122069175467240e+00
2.781599576304726873e-01,-1.912657848488900969e+00
3.382939024588311194e-01,-2.125131120215767222e+00
4.144635659080851409e-01,-2.309541884356066443e+00
4.946421590125630319e-01,-2.469899070565022559e+00
5.908564707379364567e-01,-2.618229467808306676e+00
6.870707824633099925e-01,-2.758542005741142944e+00
7.792761645334596032e-01,-2.890836684363531361e+00
8.754904762588330280e-01,-3.035158151951591776e+00
9.596779990185347886e-01,-3.163443900918756047e+00
1.027829803157340960e+00,-3.291729649885920761e+00
1.091972677640923317e+00,-3.391952891266518222e+00
1.152106622469281749e+00,-3.484158273336667833e+00
1.196204848676744703e+00,-3.548301147820250190e+00
1.248320934194655285e+00,-3.596408303682936847e+00
1.248320934194655285e+00,-3.596408303682936847e+00
1.360570964540924299e+00,-3.556319007130698040e+00
1.420704909369282731e+00,-3.476140414026219982e+00
1.508901361784208417e+00,-3.327810016782935865e+00
1.605115673509581953e+00,-3.115336745056069390e+00
1.725383563166298817e+00,-2.826693809879949004e+00
1.861687171443911160e+00,-2.457872281599350561e+00
2.006008639031971352e+00,-2.016890019524722355e+00
2.158347965930479617e+00,-1.527800601587407048e+00
2.258571207311076634e+00,-8.422736305441210769e-01
2.318705152139435288e+00,-1.767913077769544816e-01
2.350776589381226245e+00,4.967088743006598528e-01
2.330731941105106841e+00,1.114084041205139597e+00
2.290642644552868035e+00,1.719432419143947843e+00
2.218481910758837827e+00,2.212530766736486854e+00
2.146321176964807620e+00,2.673557677087234907e+00
2.042089005928986456e+00,2.998280979160370396e+00
1.997990779721523724e+00,3.130575657782758814e+00
1.997990779721523724e+00,3.130575657782758814e+00
1.997990779721523724e+00,3.130575657782758814e+00
2.034071146618538606e+00,3.022334557091713503e+00
2.102222950757345110e+00,2.837923792951414281e+00
2.170374754896151170e+00,2.569325506051413743e+00
2.258571207311076634e+00,2.260637922599173510e+00
2.350776589381226245e+00,1.903843183284247065e+00
2.446990901106600003e+00,1.506959147417081368e+00
2.543205212831973316e+00,1.090030463273796268e+00
2.639419524557346630e+00,6.690928494752873545e-01
2.747660625248391941e+00,2.441463060215544878e-01
2.863919585249885102e+00,-1.487288001903872281e-01
2.996214263872273520e+00,-5.055235395053138125e-01
3.128508942494661937e+00,-8.142111229575538234e-01
3.280848269393170202e+00,-1.066773691236659216e+00
3.280848269393170202e+00,-1.066773691236659216e+00
3.617598360431977245e+00,-1.387488063654570780e+00
3.617598360431977245e+00,-1.387488063654570780e+00
4.010473466643919238e+00,-1.491720234690391944e+00
4.010473466643919238e+00,-1.491720234690391944e+00
4.403348572855860787e+00,-1.415550571241138034e+00
4.403348572855860787e+00,-1.415550571241138034e+00
4.659920070790190216e+00,-1.291273751929197244e+00
4.659920070790190216e+00,-1.291273751929197244e+00
