4.159568224086853117e-01,7.403966648092292768e-01
4.560461189609242849e-01,7.163430868778859484e-01
4.560461189609242849e-01,7.163430868778859484e-01
4.560461189609242849e-01,7.163430868778859484e-01
4.560461189609242849e-01,7.163430868778859484e-01
4.560461189609242849e-01,7.163430868778859484e-01
4.841086265474915384e-01,7.724681020510204554e-01
4.841086265474915384e-01,7.724681020510204554e-01
4.720818375818198187e-01,8.165663282584832983e-01
4.720818375818198187e-01,8.165663282584832983e-01
4.239746817191331063e-01,8.686824137763939913e-01
3.798764555116702635e-01,8.807092027420656555e-01
3.277603699937596260e-01,8.967449213629612448e-01
2.515907065445056046e-01,9.087717103286329090e-01
1.834389024056994055e-01,9.087717103286329090e-01
9.123352033554982254e-02,8.967449213629612448e-01
-9.718617345997596817e-04,8.847181323972895806e-01
-1.011951031151971381e-01,8.486377655002744769e-01
-2.054272741510184130e-01,7.965216799823638949e-01
-3.256951638077352218e-01,7.163430868778859484e-01
-4.339362644987804218e-01,6.281466344629602627e-01
-5.381684355346016968e-01,5.118876744614673235e-01
-6.343827472599751216e-01,3.836019254943026646e-01
-7.145613403644530681e-01,2.392804579062424442e-01
-7.787042148480354253e-01,8.694113100773444291e-02
-8.268113707107220822e-01,-6.539819589077355833e-02
-8.428470893316176715e-01,-2.217464524445054708e-01
-8.348292300211699324e-01,-3.700768496877895886e-01
-8.107756520898264929e-01,-5.063804579654019866e-01
-7.586595665719159109e-01,-6.146215586564471867e-01
-6.905077624331097397e-01,-7.108358703818206115e-01
-6.103291693286317932e-01,-7.789876745206268938e-01
-5.221327169137061075e-01,-8.311037600385374757e-01
-4.339362644987804218e-01,-8.551573379698808042e-01
-3.457398120838547362e-01,-8.631751972803286543e-01
-2.535344300137051254e-01,-8.511484083146569901e-01
-1.773647665644511318e-01,-8.311037600385374757e-01
-1.052040327704210215e-01,-8.030412524519702222e-01
-4.907901759728650060e-02,-7.789876745206268938e-01
-4.980791389823654297e-03,-7.589430262445073794e-01
-4.980791389823654297e-03,-7.589430262445073794e-01
3.510850516241529468e-02,-7.429073076236117901e-01
3.510850516241529468e-02,-7.429073076236117901e-01
7.045997575848029874e-03,-7.789876745206268938e-01
-2.903436932116702437e-02,-8.070501821071941473e-01
-7.313259552862987067e-02,-8.431305490042091400e-01
-1.332665403569882889e-01,-8.832198455564481687e-01
-1.974094148405706184e-01,-9.353359310743587507e-01
-2.655612189793768452e-01,-9.754252276265976684e-01
-3.457398120838547362e-01,-1.015514524178836586e+00
-4.219094755331087021e-01,-1.055603820731075615e+00
-4.980791389823627235e-01,-1.095693117283314644e+00
-5.782577320868406145e-01,-1.143800273146001301e+00
-6.624452548465423751e-01,-1.203934217974359733e+00
-7.386149182957963966e-01,-1.280103881423613643e+00
-8.187935114002743431e-01,-1.368300333838539329e+00
-8.989721045047521786e-01,-1.476541434529584640e+00
-9.631149789883345358e-01,-1.604827183496749132e+00
-1.027257853471916782e+00,-1.749148651084809325e+00
-1.067347150024155811e+00,-1.905496907638541293e+00
-1.083382868645051289e+00,-2.061845164192273039e+00
-1.075365009334603661e+00,-2.218193420746005007e+00
-1.039284642437588557e+00,-2.346479169713169721e+00
-9.751417679540062000e-01,-2.458729200059438735e+00
-8.789274562286327752e-01,-2.530889933853468943e+00
-7.546506369166919859e-01,-2.566970300750484046e+00
-6.303738176047513075e-01,-2.570979230405707749e+00
-4.900612796719149289e-01,-2.546925652474364643e+00
-3.256951638077352218e-01,-2.462738129714662882e+00
-1.773647665644511318e-01,-2.362514888334065422e+00
-1.700758035549533934e-02,-2.210175561435557157e+00
