8.700000000000000000e+02,-1.315000000000000000e+03
8.700000000000000000e+02,-1.315000000000000000e+03
8.670000000000000000e+02,-1.286000000000000000e+03
8.530000000000000000e+02,-1.286000000000000000e+03
8.340000000000000000e+02,-1.286000000000000000e+03
8.110000000000000000e+02,-1.292000000000000000e+03
7.780000000000000000e+02,-1.309000000000000000e+03
7.480000000000000000e+02,-1.334000000000000000e+03
7.070000000000000000e+02,-1.375000000000000000e+03
6.750000000000000000e+02,-1.420000000000000000e+03
6.410000000000000000e+02,-1.481000000000000000e+03
6.200000000000000000e+02,-1.540000000000000000e+03
6.010000000000000000e+02,-1.606000000000000000e+03
5.980000000000000000e+02,-1.671000000000000000e+03
6.030000000000000000e+02,-1.734000000000000000e+03
6.240000000000000000e+02,-1.787000000000000000e+03
6.540000000000000000e+02,-1.829000000000000000e+03
6.900000000000000000e+02,-1.858000000000000000e+03
7.360000000000000000e+02,-1.871000000000000000e+03
7.840000000000000000e+02,-1.871000000000000000e+03
8.340000000000000000e+02,-1.859000000000000000e+03
8.790000000000000000e+02,-1.835000000000000000e+03
9.180000000000000000e+02,-1.800000000000000000e+03
9.470000000000000000e+02,-1.761000000000000000e+03
9.630000000000000000e+02,-1.719000000000000000e+03
9.680000000000000000e+02,-1.678000000000000000e+03
9.530000000000000000e+02,-1.644000000000000000e+03
9.210000000000000000e+02,-1.616000000000000000e+03
8.760000000000000000e+02,-1.597000000000000000e+03
8.290000000000000000e+02,-1.583000000000000000e+03
7.810000000000000000e+02,-1.579000000000000000e+03
7.390000000000000000e+02,-1.577000000000000000e+03
7.070000000000000000e+02,-1.582000000000000000e+03
6.890000000000000000e+02,-1.586000000000000000e+03
6.890000000000000000e+02,-1.586000000000000000e+03
7.120000000000000000e+02,-1.594000000000000000e+03
7.520000000000000000e+02,-1.594000000000000000e+03
8.020000000000000000e+02,-1.592000000000000000e+03
8.610000000000000000e+02,-1.591000000000000000e+03
9.210000000000000000e+02,-1.586000000000000000e+03
9.770000000000000000e+02,-1.583000000000000000e+03
1.028000000000000000e+03,-1.579000000000000000e+03
1.070000000000000000e+03,-1.577000000000000000e+03
1.102000000000000000e+03,-1.574000000000000000e+03
1.119000000000000000e+03,-1.576000000000000000e+03
1.119000000000000000e+03,-1.576000000000000000e+03
1.119000000000000000e+03,-1.576000000000000000e+03
1.123000000000000000e+03,-1.594000000000000000e+03
1.113000000000000000e+03,-1.607000000000000000e+03
1.110000000000000000e+03,-1.622000000000000000e+03
1.103000000000000000e+03,-1.644000000000000000e+03
1.103000000000000000e+03,-1.663000000000000000e+03
1.105000000000000000e+03,-1.689000000000000000e+03
1.114000000000000000e+03,-1.713000000000000000e+03
1.122000000000000000e+03,-1.742000000000000000e+03
1.134000000000000000e+03,-1.770000000000000000e+03
1.143000000000000000e+03,-1.802000000000000000e+03
1.150000000000000000e+03,-1.831000000000000000e+03
1.158000000000000000e+03,-1.859000000000000000e+03
1.159000000000000000e+03,-1.888000000000000000e+03
1.162000000000000000e+03,-1.904000000000000000e+03
1.176000000000000000e+03,-1.919000000000000000e+03
1.189000000000000000e+03,-1.929000000000000000e+03
1.214000000000000000e+03,-1.919000000000000000e+03
