4.230000000000000000e+02,-6.490000000000000000e+02
4.230000000000000000e+02,-6.490000000000000000e+02
4.380000000000000000e+02,-6.390000000000000000e+02
4.380000000000000000e+02,-6.390000000000000000e+02
4.380000000000000000e+02,-6.560000000000000000e+02
4.370000000000000000e+02,-6.700000000000000000e+02
4.240000000000000000e+02,-7.020000000000000000e+02
4.130000000000000000e+02,-7.340000000000000000e+02
3.940000000000000000e+02,-7.810000000000000000e+02
3.750000000000000000e+02,-8.310000000000000000e+02
3.540000000000000000e+02,-8.850000000000000000e+02
3.350000000000000000e+02,-9.400000000000000000e+02
3.180000000000000000e+02,-9.960000000000000000e+02
3.050000000000000000e+02,-1.047000000000000000e+03
2.990000000000000000e+02,-1.093000000000000000e+03
3.020000000000000000e+02,-1.132000000000000000e+03
3.090000000000000000e+02,-1.162000000000000000e+03
3.230000000000000000e+02,-1.184000000000000000e+03
3.410000000000000000e+02,-1.199000000000000000e+03
3.630000000000000000e+02,-1.208000000000000000e+03
3.890000000000000000e+02,-1.208000000000000000e+03
4.130000000000000000e+02,-1.205000000000000000e+03
4.410000000000000000e+02,-1.195000000000000000e+03
4.620000000000000000e+02,-1.186000000000000000e+03
4.860000000000000000e+02,-1.165000000000000000e+03
5.060000000000000000e+02,-1.147000000000000000e+03
5.220000000000000000e+02,-1.129000000000000000e+03
5.350000000000000000e+02,-1.110000000000000000e+03
