-1.649273660159110255e+00,1.576311140434035751e+00
-1.492925403605378287e+00,1.628427225951946333e+00
-1.300496780154631438e+00,1.628427225951946333e+00
-1.011853844978511052e+00,1.636445085262394183e+00
-6.590680353188081986e-01,1.628427225951946333e+00
-2.782197180725382024e-01,1.552257562502692201e+00
1.747893329677619179e-01,1.456043250777318887e+00
5.917180171110469900e-01,1.275641416292243591e+00
1.020673490220003643e+00,1.079203863186272594e+00
1.381477159190154236e+00,8.065966466310477978e-01
1.690164742642394247e+00,5.259715707653751515e-01
1.914664803334932275e+00,2.092661280026874848e-01
2.054977341267768765e+00,-1.114482444152240931e-01
2.079030919199111871e+00,-4.361715464883595961e-01
2.022905904025977364e+00,-7.448591299405994404e-01
1.870566577127469543e+00,-1.033502065116719937e+00
1.662102235055826993e+00,-1.282055703740601516e+00
1.381477159190154236e+00,-1.494528975467467768e+00
1.084816364703586000e+00,-1.650877232021199736e+00
7.600930626304506221e-01,-1.783171910643588376e+00
4.473965495229867417e-01,-1.863350503748066211e+00
1.507357550364185339e-01,-1.915466589265976793e+00
-1.098446725531346257e-01,-1.915466589265976793e+00
-2.862375773829859971e-01,-1.855332644437618361e+00
-4.065054670397028613e-01,-1.791189769954036004e+00
-4.786662008337329577e-01,-1.698984387883886393e+00
-4.706483415232851630e-01,-1.578716498227169529e+00
-4.185322560053745256e-01,-1.462457538225676590e+00
