8.218305793208983967e-02,1.096320777986910411e+00
1.623616510365677446e-01,1.132401144883925515e+00
1.623616510365677446e-01,1.132401144883925515e+00
1.623616510365677446e-01,1.132401144883925515e+00
2.184866662097022794e-01,1.180508300746612171e+00
2.184866662097022794e-01,1.180508300746612171e+00
2.184866662097022794e-01,1.180508300746612171e+00
1.503348620708960526e-01,1.228615456609298828e+00
7.817412827686595622e-02,1.228615456609298828e+00
-1.804018344850752756e-02,1.216588667643627275e+00
-1.262812841395526964e-01,1.192535089712283947e+00
-2.665938220723890195e-01,1.152445793160044918e+00
-4.069063600052253427e-01,1.092311848331686486e+00
-5.432099682828377407e-01,1.008124325571984725e+00
-6.835225062156741194e-01,9.119100138466111893e-01
-7.997814662171670586e-01,7.956510538451182502e-01
-8.759511296664210800e-01,6.673653048779536467e-01
-9.200493558738839228e-01,5.310616966003411932e-01
-9.080225669082121476e-01,3.907491586675049255e-01
-8.478886220798538265e-01,2.584544800451163415e-01
-7.396475213888086264e-01,1.381865903883995050e-01
-5.672635462141811802e-01,2.192763038690656585e-02
-3.708259931082102945e-01,-8.631347030413859256e-02
-1.342991434500004910e-01,-1.825277820295120867e-01
1.222723544843287991e-01,-2.667153047892138473e-01
3.668170634529863694e-01,-3.468938978936917938e-01
5.913171241455245086e-01,-4.310814206533935544e-01
7.677100289753758799e-01,-5.272957323787670347e-01
8.919868482873166693e-01,-6.475636220354838990e-01
9.441029338052272513e-01,-7.958940192787680168e-01
9.160404262186599977e-01,-9.642690647981715379e-01
8.158171848380626479e-01,-1.156697688248918610e+00
6.594689282843306799e-01,-1.357144171010113309e+00
4.389777972470164658e-01,-1.565608513081755859e+00
2.184866662097022794e-01,-1.754028206877278784e+00
-3.808483172462700378e-02,-1.930421111707130155e+00
-2.585759627619412249e-01,-2.050689001363847019e+00
-4.790670937992554390e-01,-2.134876524123548780e+00
-6.273974910425395013e-01,-2.146903313089220777e+00
-7.396475213888086264e-01,-2.110822946192205674e+00
-7.877546772514953943e-01,-2.006590775156384066e+00
-7.917636069067192084e-01,-1.850242518602652320e+00
-7.316296620783607763e-01,-1.653804965496681545e+00
-6.354153503529873515e-01,-1.429304904804143295e+00
-4.951028124201510283e-01,-1.184760195835485863e+00
-3.106920482798518623e-01,-9.402154868668282095e-01
-9.020091724253763432e-02,-6.916618482429467418e-01
1.342991434500004910e-01,-4.390992799638413491e-01
3.507813448320907801e-01,-2.025724303056315456e-01
5.432099682828377407e-01,1.882982110787091365e-03
7.075760841470174478e-01,1.742669572854145810e-01
8.198261144932864619e-01,3.225973545286986988e-01
8.919868482873166693e-01,4.508831034958633022e-01
8.879779186320927442e-01,5.551152745316846326e-01
8.198261144932864619e-01,6.433117269466103183e-01
7.075760841470174478e-01,7.114635310854164896e-01
5.512278275932855909e-01,7.595706869481032575e-01
3.668170634529863694e-01,7.956510538451182502e-01
1.824062993126872312e-01,8.197046317764616896e-01
1.002232413805973811e-02,8.357403503973572789e-01
-1.383080731052243884e-01,8.437582097078050181e-01
-2.305134551753739713e-01,8.477671393630289431e-01
-2.305134551753739713e-01,8.477671393630289431e-01
-2.305134551753739713e-01,8.477671393630289431e-01
-1.222723544843287991e-01,7.876331945346705110e-01
-1.403125379328363197e-02,7.395260386719837431e-01
