6.500000000000000000e+02,-1.564000000000000000e+03
6.500000000000000000e+02,-1.564000000000000000e+03
6.560000000000000000e+02,-1.581000000000000000e+03
6.780000000000000000e+02,-1.579000000000000000e+03
7.130000000000000000e+02,-1.576000000000000000e+03
7.510000000000000000e+02,-1.573000000000000000e+03
8.020000000000000000e+02,-1.566000000000000000e+03
8.560000000000000000e+02,-1.563000000000000000e+03
9.140000000000000000e+02,-1.560000000000000000e+03
9.570000000000000000e+02,-1.561000000000000000e+03
1.012000000000000000e+03,-1.554000000000000000e+03
1.042000000000000000e+03,-1.555000000000000000e+03
1.072000000000000000e+03,-1.546000000000000000e+03
