9.470000000000000000e+02,-8.180000000000000000e+02
9.470000000000000000e+02,-8.180000000000000000e+02
9.470000000000000000e+02,-8.180000000000000000e+02
9.470000000000000000e+02,-8.180000000000000000e+02
9.470000000000000000e+02,-8.180000000000000000e+02
9.470000000000000000e+02,-8.180000000000000000e+02
9.470000000000000000e+02,-8.180000000000000000e+02
9.470000000000000000e+02,-8.180000000000000000e+02
9.470000000000000000e+02,-8.180000000000000000e+02
9.470000000000000000e+02,-8.180000000000000000e+02
9.470000000000000000e+02,-8.180000000000000000e+02
9.240000000000000000e+02,-8.320000000000000000e+02
9.240000000000000000e+02,-8.320000000000000000e+02
9.060000000000000000e+02,-8.500000000000000000e+02
9.060000000000000000e+02,-8.500000000000000000e+02
8.890000000000000000e+02,-8.800000000000000000e+02
8.830000000000000000e+02,-9.000000000000000000e+02
8.790000000000000000e+02,-9.220000000000000000e+02
8.770000000000000000e+02,-9.480000000000000000e+02
8.800000000000000000e+02,-9.750000000000000000e+02
8.860000000000000000e+02,-1.004000000000000000e+03
8.980000000000000000e+02,-1.028000000000000000e+03
9.120000000000000000e+02,-1.053000000000000000e+03
9.320000000000000000e+02,-1.078000000000000000e+03
9.560000000000000000e+02,-1.099000000000000000e+03
9.800000000000000000e+02,-1.112000000000000000e+03
1.010000000000000000e+03,-1.121000000000000000e+03
1.039000000000000000e+03,-1.123000000000000000e+03
1.069000000000000000e+03,-1.114000000000000000e+03
1.096000000000000000e+03,-1.103000000000000000e+03
1.122000000000000000e+03,-1.079000000000000000e+03
1.144000000000000000e+03,-1.049000000000000000e+03
1.159000000000000000e+03,-1.010000000000000000e+03
1.168000000000000000e+03,-9.720000000000000000e+02
1.168000000000000000e+03,-9.300000000000000000e+02
1.161000000000000000e+03,-8.890000000000000000e+02
1.149000000000000000e+03,-8.530000000000000000e+02
1.129000000000000000e+03,-8.260000000000000000e+02
1.102000000000000000e+03,-8.090000000000000000e+02
1.072000000000000000e+03,-8.030000000000000000e+02
1.046000000000000000e+03,-8.080000000000000000e+02
1.013000000000000000e+03,-8.410000000000000000e+02
9.950000000000000000e+02,-8.740000000000000000e+02
9.720000000000000000e+02,-9.240000000000000000e+02
