-1.196665502084333504e-01,-2.313152411064189062e-01
-7.957725365619440494e-02,-3.155027638661206946e-01
-2.345223848305987707e-02,-4.397795831780614284e-01
1.663705806917907190e-02,-6.402260659392562392e-01
4.069063600052244545e-02,-8.526993376661226032e-01
1.489317366915676177e-01,-1.069181539048212892e+00
2.411371187617172007e-01,-1.329761966637766024e+00
3.573960787632101677e-01,-1.534217379054184871e+00
4.896907573855986961e-01,-1.734663861815379571e+00
6.300032953184350193e-01,-1.874976399748215838e+00
7.302265366990323692e-01,-1.983217500439260927e+00
8.464854967005253084e-01,-2.023306796991499734e+00
9.066194415288837405e-01,-2.043351445267619582e+00
