3.160082376052574804e-01,1.052169733206915092e+00
3.160082376052574804e-01,1.052169733206915092e+00
3.160082376052574804e-01,1.052169733206915092e+00
2.438475038112273841e-01,1.052169733206915092e+00
2.438475038112273841e-01,1.052169733206915092e+00
2.478564334664512814e-01,9.679822104472133315e-01
2.478564334664512814e-01,8.837946876875114599e-01
2.879457300186902269e-01,7.875803759621380351e-01
3.039814486395858162e-01,6.512767676845255815e-01
3.520886045022725286e-01,5.149731594069131280e-01
3.761421824336159125e-01,3.385802545770618122e-01
4.362761272619743447e-01,1.862409276785537970e-01
4.723564941589893929e-01,2.989267112482188807e-02
5.204636500216761608e-01,-9.839307784234274656e-02
5.525350872634673394e-01,-2.066341785333879189e-01
5.805975948500345929e-01,-2.908217012930897072e-01
5.886154541604823320e-01,-3.509556461214481393e-01
5.886154541604823320e-01,-3.509556461214481393e-01
5.886154541604823320e-01,-3.509556461214481393e-01
4.924011424351088517e-01,-3.790181537080153928e-01
4.242493382963026805e-01,-3.790181537080153928e-01
3.160082376052574804e-01,-3.790181537080153928e-01
1.756956996724211850e-01,-4.110895909498065715e-01
1.533851346346537699e-02,-4.591967468124932839e-01
-1.690722506768337907e-01,-5.393753399169711749e-01
-3.534830148171329567e-01,-6.476164406080163749e-01
-5.419027086126559922e-01,-7.799111192304049034e-01
-6.862241762007161849e-01,-9.362593757841367603e-01
-8.265367141335525636e-01,-1.124679069579659796e+00
-8.866706589619109957e-01,-1.309089833719959017e+00
-8.866706589619109957e-01,-1.497509527515482164e+00
-8.385635030992242278e-01,-1.665884573034885685e+00
-7.062688244768356993e-01,-1.794170322002050399e+00
-5.619473568887755066e-01,-1.914438211658767042e+00
-3.615008741275807513e-01,-1.974572156487125474e+00
-1.249740244693709479e-01,-1.974572156487125474e+00
7.547245829182379351e-02,-1.938491789590110592e+00
2.679010817425707680e-01,-1.842277477864737056e+00
