5.331876441447780390e-01,5.089153973231499428e-01
5.371965738000019641e-01,5.850850607724039643e-01
5.131429958686585246e-01,6.412100759455384713e-01
4.730536993164196069e-01,7.093618800843446426e-01
4.209376137985089694e-01,7.694958249127030747e-01
3.207143724179116195e-01,8.095851214649419925e-01
2.445447089686575981e-01,8.617012069828526855e-01
1.282857489671646312e-01,8.657101366380766105e-01
2.405357793134337008e-02,8.817458552589720888e-01
-8.017859310447790488e-02,8.496744180171810212e-01
-1.683750455194035767e-01,8.135940511201659175e-01
-2.565714979343292623e-01,7.494511766365835603e-01
-3.167054427626876945e-01,6.853083021530013141e-01
-3.648125986253744624e-01,5.971118497380756285e-01
-3.848572469014939212e-01,5.049064676679260177e-01
-3.888661765567177908e-01,4.086921559425525374e-01
-3.768393875910461266e-01,3.164867738724029822e-01
-3.608036689701505373e-01,2.282903214574772688e-01
-3.327411613835832838e-01,1.521206580082232751e-01
-3.086875834522398998e-01,8.396885386941704832e-02
-2.726072165552248516e-01,3.185276835150641778e-02
-2.365268496582098035e-01,-4.227598545508635605e-03
-2.004464827611947553e-01,-2.828117647685200395e-02
-2.004464827611947553e-01,-2.828117647685200395e-02
-1.403125379328363231e-01,-2.828117647685200395e-02
-1.403125379328363231e-01,-2.828117647685200395e-02
-8.418752275970178833e-02,1.581704973061083888e-02
-8.418752275970178833e-02,1.581704973061083888e-02
-1.202678896567168504e-02,7.995992421419315099e-02
3.207143724179115779e-02,1.080224318007604184e-01
8.017859310447790488e-02,1.280670800768798911e-01
1.322946786223885285e-01,1.441027986977754805e-01
1.884196937955230633e-01,1.441027986977754805e-01
2.565714979343292623e-01,1.280670800768798911e-01
3.207143724179116195e-01,1.000045724903126376e-01
3.808483172462699962e-01,4.788848697240200014e-02
4.449911917298523534e-01,-2.026331716640421624e-02
5.011162069029868604e-01,-1.044508399261060150e-01
5.532322924208975534e-01,-1.966562219962555980e-01
5.933215889731364712e-01,-3.089062523425246676e-01
6.133662372492558745e-01,-4.211562826887936817e-01
6.173751669044797996e-01,-5.374152426902866209e-01
5.812948000074648069e-01,-6.496652730365557460e-01
5.131429958686585246e-01,-7.579063737276008350e-01
4.008929655223895105e-01,-8.501117557977504458e-01
2.485536386238814954e-01,-9.302903489022283923e-01
8.418752275970178833e-02,-9.824064344201389742e-01
-1.042321710358212611e-01,-1.014477871661930264e+00
-3.046786537970160302e-01,-1.018486801317153967e+00
-4.850804882820912711e-01,-9.944332233858106385e-01
-6.574644634567187174e-01,-9.583528564887956458e-01
-7.657055641477639174e-01,-8.982189116604372137e-01
-8.579109462179135281e-01,-8.180403185559592671e-01
-9.140359613910480352e-01,-7.378617254514814316e-01
-9.380895393223913636e-01,-6.496652730365557460e-01
