7.330000000000000000e+02,-1.608000000000000000e+03
7.330000000000000000e+02,-1.608000000000000000e+03
7.370000000000000000e+02,-1.595000000000000000e+03
7.520000000000000000e+02,-1.584000000000000000e+03
7.790000000000000000e+02,-1.572000000000000000e+03
8.030000000000000000e+02,-1.567000000000000000e+03
8.430000000000000000e+02,-1.554000000000000000e+03
8.770000000000000000e+02,-1.548000000000000000e+03
9.200000000000000000e+02,-1.537000000000000000e+03
9.600000000000000000e+02,-1.528000000000000000e+03
9.900000000000000000e+02,-1.524000000000000000e+03
1.013000000000000000e+03,-1.512000000000000000e+03
1.028000000000000000e+03,-1.498000000000000000e+03
1.028000000000000000e+03,-1.498000000000000000e+03
1.019000000000000000e+03,-1.480000000000000000e+03
