6.150000000000000000e+02,-1.130000000000000000e+03
6.150000000000000000e+02,-1.130000000000000000e+03
6.150000000000000000e+02,-1.130000000000000000e+03
6.150000000000000000e+02,-1.130000000000000000e+03
6.150000000000000000e+02,-1.130000000000000000e+03
6.150000000000000000e+02,-1.130000000000000000e+03
6.060000000000000000e+02,-1.112000000000000000e+03
6.060000000000000000e+02,-1.112000000000000000e+03
6.060000000000000000e+02,-1.112000000000000000e+03
6.060000000000000000e+02,-1.112000000000000000e+03
6.200000000000000000e+02,-1.105000000000000000e+03
6.200000000000000000e+02,-1.105000000000000000e+03
6.480000000000000000e+02,-1.106000000000000000e+03
6.710000000000000000e+02,-1.108000000000000000e+03
6.990000000000000000e+02,-1.108000000000000000e+03
7.310000000000000000e+02,-1.111000000000000000e+03
7.700000000000000000e+02,-1.112000000000000000e+03
8.100000000000000000e+02,-1.115000000000000000e+03
8.500000000000000000e+02,-1.117000000000000000e+03
8.940000000000000000e+02,-1.115000000000000000e+03
9.320000000000000000e+02,-1.120000000000000000e+03
9.650000000000000000e+02,-1.123000000000000000e+03
1.002000000000000000e+03,-1.115000000000000000e+03
1.025000000000000000e+03,-1.114000000000000000e+03
1.052000000000000000e+03,-1.099000000000000000e+03
