3.438058072320012148e-01,1.392702162224781492e+00
3.438058072320012148e-01,1.392702162224781492e+00
3.438058072320012148e-01,1.392702162224781492e+00
2.475914955066277068e-01,1.428782529121796596e+00
2.475914955066277068e-01,1.428782529121796596e+00
1.634039727469259184e-01,1.372657513948662089e+00
9.525216860811970554e-02,1.300496780154631882e+00
5.516287205588076004e-02,1.216309257394930121e+00
-2.501572104859714138e-02,1.063969930496422078e+00
-8.114073622173166578e-02,9.156395332531379605e-01
-1.573103996709856733e-01,6.911394725605998213e-01
-2.054175555336724135e-01,4.626304822128378125e-01
-2.735693596724786403e-01,1.900232656576129886e-01
-3.016318672590458938e-01,-7.456609158716408225e-02
-3.377122341560609420e-01,-3.592000971080606120e-01
-3.377122341560609420e-01,-6.318073136632854636e-01
-3.216765155351653527e-01,-8.963966709080625206e-01
-2.775782893277025098e-01,-1.132923520566272435e+00
-2.054175555336724135e-01,-1.325352144017019285e+00
-1.332568217396423171e-01,-1.489718259881198881e+00
-2.501572104859714138e-02,-1.585932571606572417e+00
9.525216860811970554e-02,-1.642057586779706924e+00
1.794396913678215078e-01,-1.706200461263289281e+00
2.836718624036427827e-01,-1.702191531608065356e+00
2.836718624036427827e-01,-1.702191531608065356e+00
