2.140000000000000000e+02,-1.854000000000000000e+03
2.140000000000000000e+02,-1.854000000000000000e+03
2.140000000000000000e+02,-1.854000000000000000e+03
2.140000000000000000e+02,-1.854000000000000000e+03
2.140000000000000000e+02,-1.854000000000000000e+03
2.140000000000000000e+02,-1.854000000000000000e+03
2.140000000000000000e+02,-1.854000000000000000e+03
2.140000000000000000e+02,-1.854000000000000000e+03
2.140000000000000000e+02,-1.854000000000000000e+03
2.140000000000000000e+02,-1.854000000000000000e+03
2.140000000000000000e+02,-1.854000000000000000e+03
2.520000000000000000e+02,-1.777000000000000000e+03
2.520000000000000000e+02,-1.777000000000000000e+03
2.520000000000000000e+02,-1.777000000000000000e+03
3.090000000000000000e+02,-1.697000000000000000e+03
3.090000000000000000e+02,-1.697000000000000000e+03
3.510000000000000000e+02,-1.635000000000000000e+03
3.510000000000000000e+02,-1.635000000000000000e+03
3.510000000000000000e+02,-1.635000000000000000e+03
4.060000000000000000e+02,-1.552000000000000000e+03
4.060000000000000000e+02,-1.552000000000000000e+03
4.060000000000000000e+02,-1.552000000000000000e+03
4.430000000000000000e+02,-1.486000000000000000e+03
4.430000000000000000e+02,-1.486000000000000000e+03
4.430000000000000000e+02,-1.486000000000000000e+03
4.430000000000000000e+02,-1.486000000000000000e+03
5.050000000000000000e+02,-1.415000000000000000e+03
5.050000000000000000e+02,-1.415000000000000000e+03
5.050000000000000000e+02,-1.415000000000000000e+03
5.650000000000000000e+02,-1.376000000000000000e+03
5.650000000000000000e+02,-1.376000000000000000e+03
5.650000000000000000e+02,-1.376000000000000000e+03
5.650000000000000000e+02,-1.376000000000000000e+03
6.270000000000000000e+02,-1.373000000000000000e+03
6.270000000000000000e+02,-1.373000000000000000e+03
6.270000000000000000e+02,-1.373000000000000000e+03
6.270000000000000000e+02,-1.373000000000000000e+03
6.270000000000000000e+02,-1.373000000000000000e+03
6.570000000000000000e+02,-1.454000000000000000e+03
6.570000000000000000e+02,-1.454000000000000000e+03
6.720000000000000000e+02,-1.519000000000000000e+03
6.720000000000000000e+02,-1.519000000000000000e+03
6.890000000000000000e+02,-1.607000000000000000e+03
6.890000000000000000e+02,-1.607000000000000000e+03
7.020000000000000000e+02,-1.696000000000000000e+03
7.020000000000000000e+02,-1.696000000000000000e+03
7.130000000000000000e+02,-1.784000000000000000e+03
7.130000000000000000e+02,-1.784000000000000000e+03
7.150000000000000000e+02,-1.857000000000000000e+03
7.150000000000000000e+02,-1.857000000000000000e+03
7.150000000000000000e+02,-1.857000000000000000e+03
7.150000000000000000e+02,-1.928000000000000000e+03
7.150000000000000000e+02,-1.928000000000000000e+03
7.150000000000000000e+02,-1.928000000000000000e+03
7.150000000000000000e+02,-1.928000000000000000e+03
7.150000000000000000e+02,-1.928000000000000000e+03
7.150000000000000000e+02,-1.928000000000000000e+03
7.150000000000000000e+02,-1.928000000000000000e+03
7.150000000000000000e+02,-1.928000000000000000e+03
7.150000000000000000e+02,-1.928000000000000000e+03
7.150000000000000000e+02,-1.928000000000000000e+03
7.150000000000000000e+02,-1.928000000000000000e+03
7.690000000000000000e+02,-1.860000000000000000e+03
7.690000000000000000e+02,-1.860000000000000000e+03
7.990000000000000000e+02,-1.780000000000000000e+03
7.990000000000000000e+02,-1.780000000000000000e+03
8.310000000000000000e+02,-1.688000000000000000e+03
8.310000000000000000e+02,-1.688000000000000000e+03
8.670000000000000000e+02,-1.599000000000000000e+03
8.670000000000000000e+02,-1.599000000000000000e+03
9.030000000000000000e+02,-1.518000000000000000e+03
9.030000000000000000e+02,-1.518000000000000000e+03
9.360000000000000000e+02,-1.451000000000000000e+03
9.360000000000000000e+02,-1.451000000000000000e+03
9.360000000000000000e+02,-1.451000000000000000e+03
9.830000000000000000e+02,-1.388000000000000000e+03
9.830000000000000000e+02,-1.388000000000000000e+03
9.830000000000000000e+02,-1.388000000000000000e+03
9.830000000000000000e+02,-1.388000000000000000e+03
9.830000000000000000e+02,-1.388000000000000000e+03
1.055000000000000000e+03,-1.358000000000000000e+03
1.055000000000000000e+03,-1.358000000000000000e+03
1.055000000000000000e+03,-1.358000000000000000e+03
1.055000000000000000e+03,-1.358000000000000000e+03
1.134000000000000000e+03,-1.403000000000000000e+03
1.134000000000000000e+03,-1.403000000000000000e+03
1.134000000000000000e+03,-1.403000000000000000e+03
1.209000000000000000e+03,-1.453000000000000000e+03
1.209000000000000000e+03,-1.453000000000000000e+03
1.209000000000000000e+03,-1.453000000000000000e+03
1.278000000000000000e+03,-1.510000000000000000e+03
1.278000000000000000e+03,-1.510000000000000000e+03
1.278000000000000000e+03,-1.510000000000000000e+03
1.321000000000000000e+03,-1.601000000000000000e+03
1.321000000000000000e+03,-1.601000000000000000e+03
1.328000000000000000e+03,-1.682000000000000000e+03
1.328000000000000000e+03,-1.682000000000000000e+03
1.328000000000000000e+03,-1.772000000000000000e+03
1.328000000000000000e+03,-1.772000000000000000e+03
1.328000000000000000e+03,-1.851000000000000000e+03
1.328000000000000000e+03,-1.851000000000000000e+03
1.328000000000000000e+03,-1.851000000000000000e+03
1.334000000000000000e+03,-1.923000000000000000e+03
1.334000000000000000e+03,-1.923000000000000000e+03
1.334000000000000000e+03,-1.923000000000000000e+03
1.334000000000000000e+03,-1.923000000000000000e+03
1.334000000000000000e+03,-1.923000000000000000e+03
1.334000000000000000e+03,-1.923000000000000000e+03
1.334000000000000000e+03,-1.923000000000000000e+03
1.334000000000000000e+03,-1.923000000000000000e+03
1.334000000000000000e+03,-1.923000000000000000e+03
1.334000000000000000e+03,-1.923000000000000000e+03
1.334000000000000000e+03,-1.923000000000000000e+03
1.334000000000000000e+03,-1.923000000000000000e+03
1.334000000000000000e+03,-1.923000000000000000e+03
1.334000000000000000e+03,-1.923000000000000000e+03
1.334000000000000000e+03,-1.923000000000000000e+03
1.334000000000000000e+03,-1.923000000000000000e+03
1.334000000000000000e+03,-1.923000000000000000e+03
1.334000000000000000e+03,-1.923000000000000000e+03
1.334000000000000000e+03,-1.923000000000000000e+03
1.334000000000000000e+03,-1.923000000000000000e+03
1.342000000000000000e+03,-1.858000000000000000e+03
1.342000000000000000e+03,-1.858000000000000000e+03
1.342000000000000000e+03,-1.858000000000000000e+03
1.373000000000000000e+03,-1.781000000000000000e+03
1.373000000000000000e+03,-1.781000000000000000e+03
1.414000000000000000e+03,-1.702000000000000000e+03
1.414000000000000000e+03,-1.702000000000000000e+03
1.461000000000000000e+03,-1.617000000000000000e+03
1.461000000000000000e+03,-1.617000000000000000e+03
1.512000000000000000e+03,-1.545000000000000000e+03
1.512000000000000000e+03,-1.545000000000000000e+03
1.512000000000000000e+03,-1.545000000000000000e+03
1.581000000000000000e+03,-1.498000000000000000e+03
1.581000000000000000e+03,-1.498000000000000000e+03
1.581000000000000000e+03,-1.498000000000000000e+03
1.645000000000000000e+03,-1.546000000000000000e+03
1.645000000000000000e+03,-1.546000000000000000e+03
1.685000000000000000e+03,-1.611000000000000000e+03
1.685000000000000000e+03,-1.611000000000000000e+03
1.725000000000000000e+03,-1.685000000000000000e+03
1.725000000000000000e+03,-1.685000000000000000e+03
1.756000000000000000e+03,-1.754000000000000000e+03
1.756000000000000000e+03,-1.754000000000000000e+03
1.777000000000000000e+03,-1.816000000000000000e+03
1.777000000000000000e+03,-1.816000000000000000e+03
1.777000000000000000e+03,-1.816000000000000000e+03
1.788000000000000000e+03,-1.894000000000000000e+03
1.788000000000000000e+03,-1.894000000000000000e+03
1.788000000000000000e+03,-1.894000000000000000e+03
1.788000000000000000e+03,-1.894000000000000000e+03
1.780000000000000000e+03,-1.962000000000000000e+03
1.780000000000000000e+03,-1.962000000000000000e+03
1.780000000000000000e+03,-1.962000000000000000e+03
