-5.437463743634661784e-01,-1.746989908910244471e-01
-5.437463743634661784e-01,-1.746989908910244471e-01
-6.038803191918246105e-01,-1.907347095119200364e-01
-6.038803191918246105e-01,-1.907347095119200364e-01
-6.038803191918246105e-01,-1.907347095119200364e-01
-5.317195853977945141e-01,-1.546543426149049882e-01
-4.395142033276449034e-01,-1.185739757178899262e-01
-3.392909619470475535e-01,-1.105561164074421315e-01
-1.989784240142112304e-01,-8.249360882087487801e-02
-4.663909711570322220e-02,-6.244896054475539832e-02
1.337627373693720534e-01,-3.839538261341202824e-02
3.141645718544472943e-01,-2.636859364774034320e-02
5.065931953051943104e-01,-2.235966399251644934e-02
6.910039594454934209e-01,-1.434180468206865816e-02
8.593790049648970530e-01,-1.033287502684476430e-02
1.015727261518629021e+00,-1.033287502684476430e-02
1.131986221520121960e+00,-1.434180468206865816e-02
1.252254111176838824e+00,1.693913938826920734e-03
1.324414844970868810e+00,-2.315015716396973990e-03
1.324414844970868810e+00,-2.315015716396973990e-03
1.388557719454451167e+00,-3.438645295818813091e-02
1.388557719454451167e+00,-3.438645295818813091e-02
