-2.737710993583541974e-01,-3.984358796046715834e-01
-2.056192952195479984e-01,-3.142483568449697673e-01
-1.775567876329807449e-01,-2.501054823613874656e-01
-1.334585614255179020e-01,-1.418643816703422933e-01
-7.733354625238338109e-02,-2.159649201362545332e-02
-4.526210901059221636e-02,8.664460867741970163e-02
1.086290616254231324e-02,2.309660762654799360e-01
3.090755443866178773e-02,3.592518252326445394e-01
6.698792133567683937e-02,5.035732928207047321e-01
7.500578064612463403e-02,6.278501121326455214e-01
9.104149926702020945e-02,7.641537204102579750e-01
8.703256961179631213e-02,8.603680321356313998e-01
9.905935857746800410e-02,9.485644845505570855e-01
8.302363995657242868e-02,9.886537811027961142e-01
8.302363995657242868e-02,9.886537811027961142e-01
8.302363995657242868e-02,9.886537811027961142e-01
4.293434340433347624e-02,9.124841176535420928e-01
2.288969512821400001e-02,7.841983686863773784e-01
1.086290616254231324e-02,6.238411824774215964e-01
-9.181742113577161246e-03,4.113679107505551769e-01
-2.521746073447274014e-02,1.948857093684648600e-01
-3.724424970014442171e-02,-5.366792925541661458e-02
-3.724424970014442171e-02,-3.022215678792981031e-01
-2.922639038969663400e-02,-5.427573471927318316e-01
-2.120853107924884628e-02,-7.672574078852698598e-01
6.853976507318419384e-03,-9.636949609912407455e-01
6.853976507318419384e-03,-1.136078936165868303e+00
2.288969512821400001e-02,-1.248328966512137317e+00
5.897006202522905166e-02,-1.340534348582286928e+00
9.505042892224410678e-02,-1.396659363755421435e+00
9.505042892224410678e-02,-1.396659363755421435e+00
