-1.221360508760511721e+00,1.762004762064006247e+00
-1.253431946002302899e+00,1.870245862755051336e+00
-1.309556961175437406e+00,1.938397666893857618e+00
-1.345637328072452510e+00,1.998531611722216050e+00
-1.345637328072452510e+00,1.998531611722216050e+00
-1.345637328072452510e+00,1.998531611722216050e+00
-1.345637328072452510e+00,1.998531611722216050e+00
-1.313565890830661331e+00,1.942406596549081543e+00
-1.229378368070959571e+00,1.858219073789379783e+00
-1.133164056345586035e+00,1.705879746890871740e+00
-1.000869377723197395e+00,1.533495771716244294e+00
-8.605568397903611277e-01,1.300977851713258415e+00
-6.961907239261814206e-01,1.060442072399824687e+00
-5.278156784067778995e-01,7.958527151550475187e-01
-3.514227735769265282e-01,5.352722875654943868e-01
-2.030923763336423826e-01,2.706829303207173298e-01
-6.678876805602995681e-02,3.415608066250751251e-02
8.154162918725414710e-02,-1.542636131330155369e-01
1.737470112574037440e-01,-3.386743772733147306e-01
2.579345340171055323e-01,-4.669601262404793340e-01
3.300952678111356287e-01,-5.471387193449572806e-01
3.661756347081506768e-01,-6.072726641733157127e-01
3.661756347081506768e-01,-6.072726641733157127e-01
