3.950000000000000000e+02,-9.520000000000000000e+02
3.950000000000000000e+02,-9.520000000000000000e+02
3.950000000000000000e+02,-9.520000000000000000e+02
3.990000000000000000e+02,-9.660000000000000000e+02
3.940000000000000000e+02,-9.790000000000000000e+02
3.890000000000000000e+02,-9.930000000000000000e+02
3.830000000000000000e+02,-1.008000000000000000e+03
3.770000000000000000e+02,-1.022000000000000000e+03
3.710000000000000000e+02,-1.036000000000000000e+03
3.660000000000000000e+02,-1.048000000000000000e+03
3.620000000000000000e+02,-1.059000000000000000e+03
3.600000000000000000e+02,-1.071000000000000000e+03
3.590000000000000000e+02,-1.081000000000000000e+03
3.580000000000000000e+02,-1.092000000000000000e+03
3.580000000000000000e+02,-1.101000000000000000e+03
3.580000000000000000e+02,-1.112000000000000000e+03
3.600000000000000000e+02,-1.121000000000000000e+03
3.620000000000000000e+02,-1.133000000000000000e+03
3.620000000000000000e+02,-1.133000000000000000e+03
3.700000000000000000e+02,-1.150000000000000000e+03
3.700000000000000000e+02,-1.150000000000000000e+03
3.840000000000000000e+02,-1.163000000000000000e+03
3.930000000000000000e+02,-1.167000000000000000e+03
4.030000000000000000e+02,-1.172000000000000000e+03
4.140000000000000000e+02,-1.173000000000000000e+03
4.260000000000000000e+02,-1.173000000000000000e+03
4.390000000000000000e+02,-1.172000000000000000e+03
4.520000000000000000e+02,-1.166000000000000000e+03
4.660000000000000000e+02,-1.160000000000000000e+03
4.800000000000000000e+02,-1.151000000000000000e+03
4.930000000000000000e+02,-1.140000000000000000e+03
5.040000000000000000e+02,-1.127000000000000000e+03
5.160000000000000000e+02,-1.113000000000000000e+03
5.250000000000000000e+02,-1.097000000000000000e+03
5.340000000000000000e+02,-1.083000000000000000e+03
5.400000000000000000e+02,-1.066000000000000000e+03
5.450000000000000000e+02,-1.050000000000000000e+03
5.500000000000000000e+02,-1.034000000000000000e+03
5.530000000000000000e+02,-1.022000000000000000e+03
5.540000000000000000e+02,-1.010000000000000000e+03
5.550000000000000000e+02,-9.980000000000000000e+02
5.540000000000000000e+02,-9.890000000000000000e+02
5.540000000000000000e+02,-9.890000000000000000e+02
5.460000000000000000e+02,-9.770000000000000000e+02
5.460000000000000000e+02,-9.770000000000000000e+02
5.310000000000000000e+02,-9.710000000000000000e+02
5.210000000000000000e+02,-9.690000000000000000e+02
5.070000000000000000e+02,-9.700000000000000000e+02
4.930000000000000000e+02,-9.730000000000000000e+02
4.790000000000000000e+02,-9.780000000000000000e+02
4.630000000000000000e+02,-9.830000000000000000e+02
4.480000000000000000e+02,-9.910000000000000000e+02
4.350000000000000000e+02,-9.990000000000000000e+02
4.230000000000000000e+02,-1.010000000000000000e+03
4.110000000000000000e+02,-1.022000000000000000e+03
4.020000000000000000e+02,-1.036000000000000000e+03
3.940000000000000000e+02,-1.048000000000000000e+03
3.860000000000000000e+02,-1.062000000000000000e+03
3.800000000000000000e+02,-1.077000000000000000e+03
3.750000000000000000e+02,-1.090000000000000000e+03
3.710000000000000000e+02,-1.103000000000000000e+03
3.700000000000000000e+02,-1.113000000000000000e+03
3.700000000000000000e+02,-1.123000000000000000e+03
3.700000000000000000e+02,-1.123000000000000000e+03
3.750000000000000000e+02,-1.137000000000000000e+03
3.750000000000000000e+02,-1.137000000000000000e+03
3.870000000000000000e+02,-1.146000000000000000e+03
3.870000000000000000e+02,-1.146000000000000000e+03
4.040000000000000000e+02,-1.148000000000000000e+03
4.150000000000000000e+02,-1.151000000000000000e+03
4.280000000000000000e+02,-1.149000000000000000e+03
4.450000000000000000e+02,-1.148000000000000000e+03
4.620000000000000000e+02,-1.145000000000000000e+03
4.810000000000000000e+02,-1.142000000000000000e+03
5.010000000000000000e+02,-1.136000000000000000e+03
5.210000000000000000e+02,-1.128000000000000000e+03
5.410000000000000000e+02,-1.121000000000000000e+03
5.580000000000000000e+02,-1.109000000000000000e+03
5.750000000000000000e+02,-1.097000000000000000e+03
5.870000000000000000e+02,-1.086000000000000000e+03
5.980000000000000000e+02,-1.074000000000000000e+03
5.980000000000000000e+02,-1.074000000000000000e+03
6.090000000000000000e+02,-1.058000000000000000e+03
6.090000000000000000e+02,-1.058000000000000000e+03
6.090000000000000000e+02,-1.058000000000000000e+03
6.090000000000000000e+02,-1.058000000000000000e+03
6.090000000000000000e+02,-1.058000000000000000e+03
6.070000000000000000e+02,-1.071000000000000000e+03
6.030000000000000000e+02,-1.083000000000000000e+03
6.020000000000000000e+02,-1.094000000000000000e+03
6.010000000000000000e+02,-1.106000000000000000e+03
6.020000000000000000e+02,-1.121000000000000000e+03
6.050000000000000000e+02,-1.135000000000000000e+03
6.100000000000000000e+02,-1.145000000000000000e+03
6.170000000000000000e+02,-1.156000000000000000e+03
6.170000000000000000e+02,-1.156000000000000000e+03
6.360000000000000000e+02,-1.169000000000000000e+03
6.490000000000000000e+02,-1.172000000000000000e+03
6.610000000000000000e+02,-1.175000000000000000e+03
6.750000000000000000e+02,-1.177000000000000000e+03
6.870000000000000000e+02,-1.177000000000000000e+03
6.990000000000000000e+02,-1.175000000000000000e+03
7.100000000000000000e+02,-1.175000000000000000e+03
7.210000000000000000e+02,-1.172000000000000000e+03
7.210000000000000000e+02,-1.172000000000000000e+03
7.340000000000000000e+02,-1.163000000000000000e+03
7.410000000000000000e+02,-1.154000000000000000e+03
7.410000000000000000e+02,-1.154000000000000000e+03
7.480000000000000000e+02,-1.138000000000000000e+03
7.480000000000000000e+02,-1.138000000000000000e+03
