-1.363036082776124258e-01,2.223900977161041848e-01
-1.363036082776124258e-01,2.223900977161041848e-01
1.603571862089557890e-02,-2.616354090777728639e-02
1.603571862089557890e-02,-2.616354090777728639e-02
1.603571862089557890e-02,-2.616354090777728639e-02
1.603571862089557890e-02,-2.616354090777728639e-02
1.603571862089557890e-02,-2.616354090777728639e-02
1.603571862089557890e-02,-2.616354090777728639e-02
1.603571862089557890e-02,-2.616354090777728639e-02
1.603571862089557890e-02,-2.616354090777728639e-02
1.603571862089557890e-02,-2.616354090777728639e-02
1.603571862089557890e-02,-2.616354090777728639e-02
1.603571862089557890e-02,-2.616354090777728639e-02
1.603571862089557890e-02,-2.616354090777728639e-02
1.603571862089557890e-02,-2.616354090777728639e-02
1.603571862089557890e-02,-2.616354090777728639e-02
1.603571862089557890e-02,-2.616354090777728639e-02
1.603571862089557890e-02,-2.616354090777728639e-02
1.603571862089557890e-02,-2.616354090777728639e-02
