1.207000000000000000e+03,-1.103000000000000000e+03
1.203000000000000000e+03,-1.076000000000000000e+03
1.203000000000000000e+03,-1.029000000000000000e+03
1.191000000000000000e+03,-9.930000000000000000e+02
1.179000000000000000e+03,-9.620000000000000000e+02
1.167000000000000000e+03,-9.240000000000000000e+02
1.144000000000000000e+03,-9.000000000000000000e+02
1.120000000000000000e+03,-8.760000000000000000e+02
1.079000000000000000e+03,-8.770000000000000000e+02
1.037000000000000000e+03,-8.940000000000000000e+02
9.810000000000000000e+02,-9.430000000000000000e+02
9.270000000000000000e+02,-1.019000000000000000e+03
8.710000000000000000e+02,-1.129000000000000000e+03
8.310000000000000000e+02,-1.261000000000000000e+03
8.030000000000000000e+02,-1.417000000000000000e+03
8.020000000000000000e+02,-1.570000000000000000e+03
8.250000000000000000e+02,-1.718000000000000000e+03
8.740000000000000000e+02,-1.842000000000000000e+03
9.500000000000000000e+02,-1.935000000000000000e+03
1.042000000000000000e+03,-1.988000000000000000e+03
1.149000000000000000e+03,-1.997000000000000000e+03
1.250000000000000000e+03,-1.977000000000000000e+03
1.348000000000000000e+03,-1.926000000000000000e+03
1.431000000000000000e+03,-1.864000000000000000e+03
1.488000000000000000e+03,-1.798000000000000000e+03
1.526000000000000000e+03,-1.726000000000000000e+03
