-9.375085350245329074e-01,1.318705454849518066e+00
-9.375085350245329074e-01,1.318705454849518066e+00
-9.375085350245329074e-01,1.318705454849518066e+00
-9.896246205424434894e-01,1.270598298986831187e+00
-9.896246205424434894e-01,1.270598298986831187e+00
-1.061785354336473697e+00,1.162357198295786098e+00
-1.113901439854384279e+00,1.074160745880860413e+00
-1.162008595717070936e+00,9.498839265689197342e-01
-1.214124681234981740e+00,7.895267403599639522e-01
-1.270249696408116247e+00,6.011070465644408056e-01
-1.322365781926026829e+00,3.846248451823505166e-01
-1.366464008133489560e+00,1.521069251793646104e-01
-1.394526515720057036e+00,-9.243778378929298767e-02
-1.414571163996176439e+00,-3.409914224131744831e-01
-1.414571163996176439e+00,-5.895450610370559508e-01
-1.394526515720057036e+00,-8.260719106952657542e-01
-1.354437219167818007e+00,-1.042554112077356043e+00
-1.286285415029011725e+00,-1.243000594838550743e+00
-1.214124681234981740e+00,-1.431420288634073890e+00
-1.125928228820056054e+00,-1.603804263808701336e+00
-1.025704987439458593e+00,-1.764161450017657229e+00
-9.134549570931895790e-01,-1.908482917605717422e+00
-7.971959970916966398e-01,-2.028750807262434286e+00
-6.769281074349797755e-01,-2.136991907953479597e+00
-5.566602177782629113e-01,-2.209152641747509360e+00
-4.283744688110982524e-01,-2.265277656920643867e+00
-3.161244384648291827e-01,-2.289331234851987418e+00
-1.798208301872167569e-01,-2.289331234851987418e+00
-7.157972949617161240e-02,-2.257259797610196017e+00
3.666137119487355989e-02,-2.205143712092285657e+00
1.408935422306948348e-01,-2.145009767263927003e+00
2.411167836112921847e-01,-2.064831174159449390e+00
3.333221656814417955e-01,-1.972625792089299779e+00
4.175096884411435560e-01,-1.864384691398254468e+00
5.137240001665170919e-01,-1.756143590707209379e+00
5.979115229262188524e-01,-1.627857841740044664e+00
6.901169049963684632e-01,-1.495563163117656247e+00
7.662865684456224846e-01,-1.351241695529596054e+00
8.504740912053242452e-01,-1.198902368631088011e+00
9.386705436202499309e-01,-1.018500534146012715e+00
1.010831277414280027e+00,-8.300808403504896793e-01
1.082992011208310235e+00,-6.216164982788471294e-01
1.111054518794877488e+00,-4.091432265519807099e-01
1.155152745002340220e+00,-1.966699548251142626e-01
1.167179533968011995e+00,7.785457591304389101e-03
1.171188463623235920e+00,2.122408700077230426e-01
1.155152745002340220e+00,3.966516341480221808e-01
1.131099167070996891e+00,5.690356093226496270e-01
1.107045589139653563e+00,7.093481472554860057e-01
1.070965222242638459e+00,8.256071072569789449e-01
1.046911644311295131e+00,9.097946300166807054e-01
1.014840207069503952e+00,9.859642934659347269e-01
1.014840207069503952e+00,9.859642934659347269e-01
9.867776994829366988e-01,1.062133956915188859e+00
9.867776994829366988e-01,1.062133956915188859e+00
9.867776994829366988e-01,1.062133956915188859e+00
9.867776994829366988e-01,1.062133956915188859e+00
9.867776994829366988e-01,1.062133956915188859e+00
