5.740000000000000000e+02,-1.281000000000000000e+03
5.740000000000000000e+02,-1.281000000000000000e+03
5.580000000000000000e+02,-1.281000000000000000e+03
5.580000000000000000e+02,-1.281000000000000000e+03
5.490000000000000000e+02,-1.311000000000000000e+03
5.440000000000000000e+02,-1.347000000000000000e+03
5.500000000000000000e+02,-1.385000000000000000e+03
5.500000000000000000e+02,-1.444000000000000000e+03
5.640000000000000000e+02,-1.500000000000000000e+03
5.800000000000000000e+02,-1.570000000000000000e+03
6.110000000000000000e+02,-1.632000000000000000e+03
6.450000000000000000e+02,-1.697000000000000000e+03
6.920000000000000000e+02,-1.751000000000000000e+03
7.400000000000000000e+02,-1.798000000000000000e+03
7.940000000000000000e+02,-1.830000000000000000e+03
8.530000000000000000e+02,-1.845000000000000000e+03
9.150000000000000000e+02,-1.842000000000000000e+03
9.720000000000000000e+02,-1.822000000000000000e+03
1.025000000000000000e+03,-1.787000000000000000e+03
1.070000000000000000e+03,-1.741000000000000000e+03
1.102000000000000000e+03,-1.683000000000000000e+03
1.129000000000000000e+03,-1.619000000000000000e+03
1.135000000000000000e+03,-1.558000000000000000e+03
1.144000000000000000e+03,-1.495000000000000000e+03
1.132000000000000000e+03,-1.448000000000000000e+03
1.116000000000000000e+03,-1.406000000000000000e+03
1.103000000000000000e+03,-1.371000000000000000e+03
1.085000000000000000e+03,-1.352000000000000000e+03
1.076000000000000000e+03,-1.332000000000000000e+03
