4.780000000000000000e+02,-1.218000000000000000e+03
4.780000000000000000e+02,-1.218000000000000000e+03
4.960000000000000000e+02,-1.201000000000000000e+03
5.230000000000000000e+02,-1.195000000000000000e+03
5.500000000000000000e+02,-1.191000000000000000e+03
5.980000000000000000e+02,-1.179000000000000000e+03
6.470000000000000000e+02,-1.176000000000000000e+03
7.070000000000000000e+02,-1.168000000000000000e+03
7.640000000000000000e+02,-1.165000000000000000e+03
8.230000000000000000e+02,-1.162000000000000000e+03
8.790000000000000000e+02,-1.157000000000000000e+03
9.260000000000000000e+02,-1.159000000000000000e+03
9.690000000000000000e+02,-1.147000000000000000e+03
1.009000000000000000e+03,-1.139000000000000000e+03
1.031000000000000000e+03,-1.136000000000000000e+03
1.051000000000000000e+03,-1.127000000000000000e+03
