-5.763462774642977848e-01,1.016013109495805811e+00
-5.763462774642977848e-01,1.016013109495805811e+00
-7.246766747075819026e-01,1.324700692948045821e+00
-7.246766747075819026e-01,1.324700692948045821e+00
-7.246766747075819026e-01,1.324700692948045821e+00
-7.246766747075819026e-01,1.324700692948045821e+00
-7.246766747075819026e-01,1.324700692948045821e+00
-8.168820567777315134e-01,1.597307909503270729e+00
-8.168820567777315134e-01,1.597307909503270729e+00
-8.168820567777315134e-01,1.597307909503270729e+00
-8.168820567777315134e-01,1.597307909503270729e+00
-6.725605891896712096e-01,1.344745341224165225e+00
-6.725605891896712096e-01,1.344745341224165225e+00
-4.640962471180287152e-01,1.003986320530134257e+00
-4.640962471180287152e-01,1.003986320530134257e+00
-1.874801009075799663e-01,5.750308474211773824e-01
-1.874801009075799663e-01,5.750308474211773824e-01
1.372432011655555228e-01,1.059860777599817283e-01
1.372432011655555228e-01,1.059860777599817283e-01
4.659754328939149093e-01,-3.309872546594228027e-01
4.659754328939149093e-01,-3.309872546594228027e-01
7.546183680700353502e-01,-6.517016270773343667e-01
7.546183680700353502e-01,-6.517016270773343667e-01
7.546183680700353502e-01,-6.517016270773343667e-01
1.027225584625260257e+00,-9.162909843221115347e-01
1.027225584625260257e+00,-9.162909843221115347e-01
1.027225584625260257e+00,-9.162909843221115347e-01
1.027225584625260257e+00,-9.162909843221115347e-01
1.027225584625260257e+00,-9.162909843221115347e-01
1.027225584625260257e+00,-9.162909843221115347e-01
1.027225584625260257e+00,-9.162909843221115347e-01
1.159520263247648675e+00,-6.677373456982299560e-01
1.159520263247648675e+00,-6.677373456982299560e-01
1.159520263247648675e+00,-6.677373456982299560e-01
1.215645278420783182e+00,-3.309872546594228027e-01
