-1.736460456216422643e-01,1.764968400431349949e+00
-1.455835380350750108e-01,1.817084485949260531e+00
-9.747638217238827063e-02,1.897263079053738588e+00
-9.747638217238827063e-02,1.897263079053738588e+00
-8.945852286194048986e-02,1.957397023882097020e+00
-8.945852286194048986e-02,1.957397023882097020e+00
-8.945852286194048986e-02,1.957397023882097020e+00
-8.945852286194048986e-02,1.957397023882097020e+00
-2.297710607947767991e-01,1.853164852846275634e+00
-3.259853725201503072e-01,1.716861244568663292e+00
-4.703068401082104999e-01,1.460289746634333863e+00
-6.106193780410468230e-01,1.147593233526870149e+00
-7.749854939052265301e-01,7.627359866253762277e-01
-9.112891021828389837e-01,3.377894431716433887e-01
-1.031556991839555737e+00,-1.272463968343284513e-01
-1.095699866323138094e+00,-5.802554478746285715e-01
-1.087682007012690244e+00,-9.891662727074658212e-01
-9.954766249425407443e-01,-1.353978871332840228e+00
-8.351194387335849623e-01,-1.618568228577617285e+00
-6.146283076962707481e-01,-1.794961133407468656e+00
-3.460300207962697661e-01,-1.879148656167170417e+00
-4.936922630970153048e-02,-1.871130796856722789e+00
2.673362164529861640e-01,-1.794961133407468656e+00
5.639970109395543441e-01,-1.666675384440304164e+00
8.205685088738836619e-01,-1.506318198231348271e+00
1.021014991635078362e+00,-1.305871715470153571e+00
1.173354318533586405e+00,-1.089389514088063171e+00
1.261550770948512090e+00,-8.688983830507489570e-01
1.281595419224631494e+00,-6.604340409791065181e-01
1.245515052327616612e+00,-4.720143471835834270e-01
1.153309670257467001e+00,-2.956214423537320002e-01
1.017006061979854437e+00,-1.312553264895523486e-01
8.446220868052269903e-01,-1.900529614328327899e-02
6.481845336992562157e-01,6.518222661641850935e-02
4.276934026619419460e-01,1.012625935134335714e-01
2.192290605902994238e-01,1.012625935134335714e-01
1.878257782910467896e-02,6.518222661641850935e-02
-1.495924676902989081e-01,5.048281788060091091e-03
-3.099496538992547179e-01,-6.711245200597001914e-02
-4.101728952798520678e-01,-1.673356933865673968e-01
-4.662979104529866303e-01,-2.475142864910452878e-01
-4.823336290738821641e-01,-3.156660906298515146e-01
-4.823336290738821641e-01,-3.156660906298515146e-01
-3.821103876932848142e-01,-3.677821761477621521e-01
-2.858960759679113339e-01,-3.517464575268665627e-01
-1.696371159664183947e-01,-3.156660906298515146e-01
-4.936922630970153048e-02,-2.675589347671647467e-01
4.684508541567194290e-02,-2.114339195940302396e-01
1.510772564514932248e-01,-1.312553264895523486e-01
2.072022716246277318e-01,-9.116602993731338922e-02
2.673362164529861640e-01,1.306614109850788054e-02
2.673362164529861640e-01,1.306614109850788054e-02
2.673362164529861640e-01,1.306614109850788054e-02
2.673362164529861640e-01,1.306614109850788054e-02
