-5.818931477171995770e-01,3.153292430302994526e-02
-5.538306401306323234e-01,1.518008139597467887e-01
-5.738752884067518378e-01,2.239615477537769128e-01
-5.859020773724235021e-01,3.161669298239264680e-01
-6.099556553037668305e-01,3.883276636179566199e-01
-6.420270925455580091e-01,4.404437491358672019e-01
-6.660806704769013376e-01,5.085955532746734287e-01
-7.262146153052597697e-01,5.326491312060167571e-01
-7.262146153052597697e-01,5.326491312060167571e-01
-8.464825049619766340e-01,5.807562870687035250e-01
-8.464825049619766340e-01,5.807562870687035250e-01
-9.908039725500368267e-01,6.128277243104947036e-01
-1.058955776688843109e+00,6.128277243104947036e-01
-1.155170088414216645e+00,5.687294981030318608e-01
-1.231339751863470555e+00,5.446759201716885324e-01
-1.327554063588844091e+00,4.845419753433300447e-01
-1.407732656693321927e+00,4.043633822388521537e-01
-1.487911249797799762e+00,2.720687036164636252e-01
-1.560071983591829969e+00,1.036936580970600486e-01
-1.608179139454516626e+00,-1.328331915611497549e-01
-1.612188069109740551e+00,-4.174671970820462708e-01
-1.596152350488845073e+00,-7.502083584656296100e-01
-1.515973757384367016e+00,-1.098985238470108428e+00
-1.379670149106754673e+00,-1.467806766750706648e+00
-1.171205807035112123e+00,-1.824601506065633316e+00
-9.106253794455589912e-01,-2.137298019173097252e+00
-5.979288663380951663e-01,-2.397878446762650384e+00
-2.611787752992880129e-01,-2.578280281247725458e+00
7.958024539474306547e-02,-2.662467804007427219e+00
4.243481957439980135e-01,-2.674494592973099216e+00
7.330357791962379688e-01,-2.614360648144740562e+00
9.855983474753433615e-01,-2.502110617798471548e+00
1.178026970926090211e+00,-2.305673064692500773e+00
1.318339508858926701e+00,-2.065137285379067045e+00
1.394509172308180611e+00,-1.780503279858170584e+00
1.418562750239523940e+00,-1.459788907440259020e+00
1.402527031618628461e+00,-1.135065605367123531e+00
1.330366297824598254e+00,-8.103423032939880422e-01
1.234151986099224718e+00,-4.776011419104047029e-01
1.113884096442507854e+00,-1.568867694924931111e-01
9.735715585096715863e-01,1.157204470627317405e-01
8.172233019559397293e-01,3.442294374104937216e-01
6.608750454022078724e-01,5.246312718955690180e-01
5.005178591932519794e-01,6.529170208627336214e-01
3.561963916051917867e-01,7.371045436224354930e-01
1.998481350514599020e-01,7.812027698298983358e-01
4.349987849772801035e-02,7.611581215537788214e-01
-1.208662373664516759e-01,7.010241767254203893e-01
-3.012680718515269307e-01,6.048098650000469645e-01
-4.335627504739154592e-01,5.126044829298973537e-01
-5.618484994410801736e-01,4.003544525836282841e-01
-6.660806704769013376e-01,2.680597739612397556e-01
-7.302235449604836948e-01,1.638276029254184807e-01
-7.743217711679465376e-01,5.959543188959720572e-02
