-8.998270967902544104e-01,7.859531962038943664e-01
-8.998270967902544104e-01,7.859531962038943664e-01
-8.998270967902544104e-01,7.859531962038943664e-01
-8.998270967902544104e-01,7.859531962038943664e-01
-8.998270967902544104e-01,7.859531962038943664e-01
-8.918092374798065602e-01,8.460871410322527986e-01
-8.918092374798065602e-01,8.460871410322527986e-01
-8.918092374798065602e-01,8.460871410322527986e-01
-8.396931519618959783e-01,9.342835934471784842e-01
-8.396931519618959783e-01,9.342835934471784842e-01
-7.474877698917463675e-01,1.006444327241208692e+00
-6.833448954081640103e-01,1.034506834827775945e+00
-6.031663023036861748e-01,1.082613990690462602e+00
-5.109609202335365641e-01,1.118694357587477706e+00
-4.027198195424913640e-01,1.150765794829268884e+00
-2.944787188514462195e-01,1.166801513450164363e+00
-1.702018995395054857e-01,1.174819372760612213e+00
-4.191615057234084757e-02,1.162792583794940438e+00
9.037852805004768786e-02,1.126712216897925334e+00
2.106464177067645382e-01,1.078605061035238677e+00
3.269053777082575052e-01,9.944175382755369164e-01
4.311375487440787801e-01,9.142389451710589698e-01
5.193340011590044103e-01,8.180246334456855450e-01
5.914947349530345067e-01,7.137924624098642701e-01
6.396018908157212746e-01,6.135692210292669202e-01
6.596465390918407889e-01,5.213638389591173095e-01
6.516286797813929388e-01,4.371763161994154934e-01
6.235661721948256853e-01,3.529887934397137328e-01
5.874858052978106926e-01,2.928548486113553007e-01
5.313607901246760745e-01,2.206941148173251765e-01
4.672179156410938283e-01,1.725869589546384364e-01
3.950571818470636765e-01,1.365065920576233882e-01
3.228964480530335801e-01,1.044351548158322374e-01
2.467267846037795864e-01,8.038157688448886729e-02
1.865928397754211543e-01,6.434585826359329186e-02
1.264588949470627499e-01,5.632799895314549721e-02
1.264588949470627499e-01,5.632799895314549721e-02
4.227137218736094770e-02,5.231906929792159988e-02
4.227137218736094770e-02,5.231906929792159988e-02
4.227137218736094770e-02,5.231906929792159988e-02
4.227137218736094770e-02,5.231906929792159988e-02
4.227137218736094770e-02,5.231906929792159988e-02
4.227137218736094770e-02,5.231906929792159988e-02
1.104231763261671606e-01,7.637264722926496996e-02
1.705571211545255927e-01,6.835478791881717531e-02
2.467267846037795864e-01,4.430120998747381217e-02
3.349232370187052998e-01,1.623870240090654823e-02
4.311375487440787801e-01,-3.587738311700408578e-02
5.273518604694522605e-01,-8.799346863491472326e-02
6.275751018500496103e-01,-1.601542024289448196e-01
7.197804839201992211e-01,-2.323149362229749437e-01
7.879322880590053924e-01,-3.124935293274528347e-01
8.400483735769160853e-01,-3.966810520871546508e-01
8.641019515082594138e-01,-4.808685748468564114e-01
8.761287404739310780e-01,-5.610471679513343579e-01
8.600930218530354887e-01,-6.452346907110361185e-01
8.240126549560204960e-01,-7.294222134707378791e-01
7.518519211619903997e-01,-8.055918769199919005e-01
6.756822577127363783e-01,-8.817615403692459219e-01
5.754590163321389173e-01,-9.699579927841716076e-01
4.832536342619893621e-01,-1.038109796922977779e+00
3.750125335709442176e-01,-1.110270530717007986e+00
2.667714328798990731e-01,-1.158377686579694643e+00
1.344767542575105446e-01,-1.210493772097605225e+00
1.420886460079368377e-02,-1.234547350028948776e+00
-1.140768843663709509e-01,-1.254591998305068179e+00
-2.223179850574161232e-01,-1.254591998305068179e+00
-3.305590857484612677e-01,-1.234547350028948776e+00
-4.227644678186108784e-01,-1.210493772097605225e+00
-5.109609202335365641e-01,-1.182431264511037972e+00
-5.791127243723427354e-01,-1.134324108648351315e+00
-5.791127243723427354e-01,-1.134324108648351315e+00
-6.512734581663728317e-01,-1.042118726578201704e+00
-6.592913174768206819e-01,-9.819847817498432718e-01
-6.592913174768206819e-01,-9.819847817498432718e-01
-6.633002471320446070e-01,-8.617168920931264076e-01
-6.272198802350295033e-01,-7.895561582990963112e-01
-6.031663023036861748e-01,-7.334311431259618042e-01
-5.550591464409994069e-01,-6.612704093319317078e-01
