-4.199657520639091812e-01,4.032821256199471405e-01
-4.199657520639091812e-01,4.032821256199471405e-01
-4.961354155131632027e-01,4.072910552751710100e-01
-4.961354155131632027e-01,4.072910552751710100e-01
-4.961354155131632027e-01,4.072910552751710100e-01
-5.201889934445065311e-01,3.271124621706931190e-01
-4.560461189609242849e-01,2.990499545841258655e-01
-3.758675258564463384e-01,2.629695876871108173e-01
-2.235281989579383510e-01,2.308981504453196387e-01
-7.519780171465424712e-02,1.948177835483045905e-01
1.132218920808688162e-01,1.948177835483045905e-01
2.936237265659440987e-01,1.908088538930806932e-01
4.940702093271388540e-01,2.028356428587523852e-01
6.584363251913185611e-01,2.068445725139762825e-01
8.147845817450504180e-01,2.268892207900957414e-01
9.430703307122150214e-01,2.549517283766630227e-01
1.019239994161469154e+00,2.910320952736780709e-01
1.087391798300275214e+00,3.271124621706931190e-01
1.087391798300275214e+00,3.271124621706931190e-01
1.087391798300275214e+00,3.271124621706931190e-01
1.003204275540573454e+00,3.511660401020365030e-01
8.949631748495283645e-01,3.471571104468125779e-01
7.907310038137070896e-01,3.511660401020365030e-01
6.023113100181839430e-01,3.030588842393497351e-01
