-4.037326240281732259e-01,4.633654526496286952e-01
-3.636433274759343082e-01,5.435440457541065307e-01
-3.516165385102625884e-01,5.876422719615693735e-01
-3.355808198893669991e-01,6.357494278242561414e-01
-3.355808198893669991e-01,6.357494278242561414e-01
-3.315718902341431296e-01,5.996690609272411487e-01
-3.355808198893669991e-01,5.275083271332109414e-01
-3.796790460968298420e-01,3.992225781660463380e-01
-4.237772723042926848e-01,2.308475326466427613e-01
-4.959380060983228367e-01,-5.679317011567032621e-03
-5.721076695475768581e-01,-2.702686742563440991e-01
-6.643130516177263578e-01,-5.348580315011212116e-01
-7.485005743774282294e-01,-7.994473887458982686e-01
-8.206613081714583258e-01,-1.052009957025003661e+00
-8.888131123102644970e-01,-1.260474299096646211e+00
-9.248934792072796007e-01,-1.424840414960825807e+00
-9.289024088625034148e-01,-1.533081515651870896e+00
-9.289024088625034148e-01,-1.533081515651870896e+00
-8.567416750684733184e-01,-1.521054726686199343e+00
-7.805720116192194080e-01,-1.424840414960825807e+00
-6.763398405833981331e-01,-1.280518947372765615e+00
-5.440451619610096046e-01,-1.080072464611570915e+00
-3.997236943729493563e-01,-8.475545446085849255e-01
-2.513932971296652386e-01,-5.949919763294795327e-01
-9.103611092070942878e-02,-3.384204783951503259e-01
5.328535666735078474e-02,-1.059025583921644059e-01
1.815711056345154228e-01,1.065707133347020275e-01
2.898122063255605951e-01,2.508921809227622202e-01
3.739997290852623557e-01,3.471064926481357005e-01
4.140890256375013290e-01,3.591332816138074202e-01
4.301247442583969183e-01,3.110261257511206523e-01
4.140890256375013290e-01,1.707135878182843569e-01
3.780086587404862808e-01,-1.369717632201482294e-02
3.299015028777995129e-01,-2.542329556354485098e-01
2.777854173598888754e-01,-5.067955239145538471e-01
2.296782614972021630e-01,-7.513402328832115007e-01
2.016157539106349095e-01,-9.918760121966452292e-01
1.976068242554110121e-01,-1.196331424613063854e+00
2.176514725315304710e-01,-1.352679681166795822e+00
2.697675580494411363e-01,-1.444885063236945211e+00
3.459372214986951022e-01,-1.484974359789184239e+00
4.461604628792925076e-01,-1.488983289444408165e+00
5.584104932255615772e-01,-1.464929711513064836e+00
6.907051718479501057e-01,-1.416822555650377957e+00
8.189909208151147091e-01,-1.348670751511571897e+00
9.111963028852643198e-01,-1.288536806683213465e+00
1.003401684955413931e+00,-1.208358213578735407e+00
1.043490981507652737e+00,-1.148224268750376975e+00
