4.084943126608659991e-01,7.795545938658100527e-01
4.084943126608659991e-01,7.795545938658100527e-01
4.084943126608659991e-01,7.795545938658100527e-01
4.365568202474333082e-01,8.316706793837206346e-01
4.365568202474333082e-01,8.316706793837206346e-01
4.365568202474333082e-01,8.316706793837206346e-01
4.365568202474333082e-01,8.316706793837206346e-01
4.365568202474333082e-01,8.316706793837206346e-01
4.806550464548961510e-01,8.677510462807357383e-01
4.806550464548961510e-01,8.677510462807357383e-01
4.806550464548961510e-01,8.677510462807357383e-01
5.327711319728067885e-01,8.717599759359596634e-01
5.327711319728067885e-01,8.717599759359596634e-01
5.728604285250457062e-01,8.517153276598401490e-01
5.728604285250457062e-01,8.517153276598401490e-01
5.808782878354935564e-01,8.116260311076012313e-01
5.808782878354935564e-01,8.116260311076012313e-01
5.688514988698217811e-01,7.675278049001383884e-01
5.688514988698217811e-01,7.675278049001383884e-01
5.407889912832545276e-01,7.234295786926755456e-01
5.407889912832545276e-01,7.234295786926755456e-01
4.886729057653439456e-01,6.993760007613321061e-01
4.886729057653439456e-01,6.993760007613321061e-01
4.886729057653439456e-01,6.993760007613321061e-01
4.686282574892244313e-01,7.354563676583472098e-01
4.686282574892244313e-01,7.354563676583472098e-01
