-1.354741745558408691e-02,7.803588932323755056e-01
-1.354741745558408691e-02,7.803588932323755056e-01
-4.962778435259913856e-02,7.763499635771516916e-01
-8.570815124961420062e-02,7.001803001278976701e-01
-1.338153071123009408e-01,5.959481290920763952e-01
-1.298063774570770434e-01,4.476177318487922774e-01
-1.378242367675248381e-01,2.311355304667019328e-01
-1.257974478018531461e-01,1.465332908461161945e-02
-1.257974478018531461e-01,-2.258824502288220848e-01
-1.097617291809575707e-01,-4.543914405765840936e-01
-1.177795884914053515e-01,-6.628557826482266435e-01
-1.257974478018531461e-01,-8.312308281676301647e-01
-1.578688850436442970e-01,-9.635255067900186932e-01
-2.059760409063310371e-01,-1.063748748170616043e+00
-2.701189153899133388e-01,-1.111855904033302922e+00
-3.663332271152868191e-01,-1.135909481964646250e+00
-4.425028905645408406e-01,-1.103838044722855072e+00
-5.226814836690187871e-01,-1.067757677825839968e+00
-6.188957953943922119e-01,-9.996058736870337968e-01
-6.950654588436462333e-01,-8.833469136855408577e-01
-7.672261926376763297e-01,-7.630790240288239934e-01
