-1.168215033563388738e+00,4.345809066574164437e-01
-1.196277541149955992e+00,5.187684294171182042e-01
-1.188259681839508142e+00,6.109738114872678150e-01
-1.188259681839508142e+00,6.109738114872678150e-01
-1.188259681839508142e+00,6.109738114872678150e-01
-1.168215033563388738e+00,5.428220073484616437e-01
-1.144161455632045410e+00,4.185451880365208543e-01
-1.116098948045478156e+00,2.862505094141323259e-01
-1.092045370114134828e+00,8.580402665293758446e-02
-1.059973932872343649e+00,-1.226603154187049516e-01
-1.039929284596224024e+00,-3.471603761112430631e-01
-1.011866777009656770e+00,-5.395889995619900237e-01
-9.918221287335373670e-01,-7.159819043918413950e-01
-9.757864101126417777e-01,-8.482765830142299235e-01
-9.437149728708505991e-01,-9.484998243948272734e-01
-9.156524652842833456e-01,-9.925980506022901162e-01
-8.675453094215966887e-01,-9.645355430157228627e-01
-8.114202942484620706e-01,-8.963837388769166914e-01
-7.392595604544319743e-01,-7.680979899097519770e-01
-6.630898970051779528e-01,-6.037318740455723809e-01
-5.628666556245806030e-01,-4.032853912843775701e-01
-4.626434142439832531e-01,-1.827942602470633837e-01
-3.544023135529381086e-01,5.373258941114642667e-02
-2.541790721723407032e-01,2.621969314827889419e-01
-1.699915494126389148e-01,4.385898363126403132e-01
-9.382188596338492115e-02,5.748934445902528223e-01
-3.769687079025039328e-02,6.510631080395067327e-01
2.392425761988556127e-03,6.751166859708501722e-01
2.243707403810803191e-02,6.189916707977156651e-01
3.847279265900360734e-02,5.307952183827898684e-01
4.248172231422750467e-02,3.985005397604013955e-01
4.649065196945140199e-02,2.501701425171172777e-01
4.248172231422750467e-02,8.580402665293758446e-02
4.248172231422750467e-02,-7.054422990079431410e-02
4.649065196945140199e-02,-2.188746271440784319e-01
5.049958162467529238e-02,-3.431514464560191935e-01
6.252637059034697742e-02,-4.313478988709448791e-01
8.257101886646645017e-02,-4.874729140440793862e-01
8.257101886646645017e-02,-4.874729140440793862e-01
1.467138933500487796e-01,-4.994997030097510504e-01
1.948210492127355198e-01,-4.513925471470643380e-01
2.589639236963178215e-01,-3.752228836978103166e-01
3.351335871455718429e-01,-2.629728533515412470e-01
4.233300395604975286e-01,-1.226603154187049516e-01
5.195443512858709534e-01,3.769687079025085125e-02
6.197675926664684143e-01,1.980540569992066402e-01
7.280086933575135033e-01,3.584112432081624222e-01
8.242230050828870391e-01,5.027327107962226149e-01
9.124194574978127248e-01,6.189916707977156651e-01
9.925980506022905603e-01,6.911524045917457615e-01
1.056740925085873029e+00,7.152059825230890899e-01
1.112865940259007536e+00,6.831345452812979113e-01
1.148946307156022417e+00,5.989470225215961507e-01
1.185026674053037521e+00,4.866969921753270811e-01
1.209080251984380849e+00,3.343576652768190938e-01
1.245160618881395953e+00,1.659826197574154893e-01
1.289258845088858907e+00,5.625433548459689119e-03
1.333357071296321639e+00,-1.747764009366155891e-01
1.401508875435127921e+00,-3.311246574903474738e-01
1.513758905781396935e+00,-4.273389692157209541e-01
1.622000006472442024e+00,-5.075175623201988451e-01
1.770330403715726142e+00,-5.315711402515422845e-01
