5.080000000000000000e+02,-1.305000000000000000e+03
4.880000000000000000e+02,-1.264000000000000000e+03
4.750000000000000000e+02,-1.224000000000000000e+03
4.630000000000000000e+02,-1.192000000000000000e+03
4.550000000000000000e+02,-1.170000000000000000e+03
4.690000000000000000e+02,-1.141000000000000000e+03
4.690000000000000000e+02,-1.141000000000000000e+03
5.070000000000000000e+02,-1.115000000000000000e+03
5.370000000000000000e+02,-1.112000000000000000e+03
5.790000000000000000e+02,-1.109000000000000000e+03
6.260000000000000000e+02,-1.114000000000000000e+03
6.740000000000000000e+02,-1.121000000000000000e+03
7.280000000000000000e+02,-1.130000000000000000e+03
7.730000000000000000e+02,-1.147000000000000000e+03
8.200000000000000000e+02,-1.154000000000000000e+03
8.590000000000000000e+02,-1.171000000000000000e+03
8.910000000000000000e+02,-1.189000000000000000e+03
9.170000000000000000e+02,-1.201000000000000000e+03
