6.713620862614950724e-01,2.698162379095403907e+00
6.713620862614950724e-01,2.698162379095403907e+00
7.274871014346295794e-01,2.734242745992418566e+00
7.274871014346295794e-01,2.734242745992418566e+00
8.156835538495552651e-01,2.794376690820777220e+00
8.758174986779136972e-01,2.842483846683463877e+00
9.559960917823916438e-01,2.906626721167046234e+00
1.040183614542093293e+00,2.978787454961076442e+00
1.124371137301795276e+00,3.046939259099882502e+00
1.264683675234631544e+00,3.167207148756599366e+00
