7.550000000000000000e+02,-2.417000000000000000e+03
7.550000000000000000e+02,-2.417000000000000000e+03
7.720000000000000000e+02,-2.420000000000000000e+03
7.880000000000000000e+02,-2.422000000000000000e+03
8.140000000000000000e+02,-2.422000000000000000e+03
8.520000000000000000e+02,-2.417000000000000000e+03
8.940000000000000000e+02,-2.416000000000000000e+03
9.500000000000000000e+02,-2.410000000000000000e+03
1.004000000000000000e+03,-2.408000000000000000e+03
1.069000000000000000e+03,-2.401000000000000000e+03
1.131000000000000000e+03,-2.399000000000000000e+03
1.194000000000000000e+03,-2.395000000000000000e+03
1.250000000000000000e+03,-2.392000000000000000e+03
1.299000000000000000e+03,-2.386000000000000000e+03
1.342000000000000000e+03,-2.383000000000000000e+03
1.367000000000000000e+03,-2.386000000000000000e+03
1.367000000000000000e+03,-2.386000000000000000e+03
1.385000000000000000e+03,-2.392000000000000000e+03
1.385000000000000000e+03,-2.392000000000000000e+03
1.369000000000000000e+03,-2.396000000000000000e+03
