1.007000000000000000e+03,-9.830000000000000000e+02
1.007000000000000000e+03,-9.830000000000000000e+02
1.007000000000000000e+03,-9.830000000000000000e+02
1.012000000000000000e+03,-9.690000000000000000e+02
1.012000000000000000e+03,-9.690000000000000000e+02
1.042000000000000000e+03,-9.450000000000000000e+02
1.058000000000000000e+03,-9.300000000000000000e+02
1.091000000000000000e+03,-8.980000000000000000e+02
1.122000000000000000e+03,-8.740000000000000000e+02
1.156000000000000000e+03,-8.410000000000000000e+02
1.188000000000000000e+03,-8.110000000000000000e+02
1.218000000000000000e+03,-7.820000000000000000e+02
1.257000000000000000e+03,-7.550000000000000000e+02
1.290000000000000000e+03,-7.320000000000000000e+02
1.318000000000000000e+03,-7.260000000000000000e+02
1.345000000000000000e+03,-7.230000000000000000e+02
1.369000000000000000e+03,-7.290000000000000000e+02
