8.820000000000000000e+02,-1.058000000000000000e+03
8.940000000000000000e+02,-1.032000000000000000e+03
8.940000000000000000e+02,-1.032000000000000000e+03
9.060000000000000000e+02,-1.004000000000000000e+03
9.150000000000000000e+02,-9.860000000000000000e+02
9.150000000000000000e+02,-9.860000000000000000e+02
9.260000000000000000e+02,-9.630000000000000000e+02
9.260000000000000000e+02,-9.630000000000000000e+02
9.260000000000000000e+02,-9.630000000000000000e+02
9.260000000000000000e+02,-9.630000000000000000e+02
9.200000000000000000e+02,-9.870000000000000000e+02
9.080000000000000000e+02,-1.014000000000000000e+03
8.950000000000000000e+02,-1.047000000000000000e+03
8.740000000000000000e+02,-1.093000000000000000e+03
8.460000000000000000e+02,-1.148000000000000000e+03
8.170000000000000000e+02,-1.212000000000000000e+03
7.850000000000000000e+02,-1.278000000000000000e+03
7.510000000000000000e+02,-1.344000000000000000e+03
7.190000000000000000e+02,-1.405000000000000000e+03
6.930000000000000000e+02,-1.459000000000000000e+03
6.720000000000000000e+02,-1.504000000000000000e+03
6.620000000000000000e+02,-1.537000000000000000e+03
6.630000000000000000e+02,-1.561000000000000000e+03
6.680000000000000000e+02,-1.576000000000000000e+03
6.680000000000000000e+02,-1.576000000000000000e+03
7.010000000000000000e+02,-1.584000000000000000e+03
7.280000000000000000e+02,-1.584000000000000000e+03
7.580000000000000000e+02,-1.582000000000000000e+03
7.940000000000000000e+02,-1.579000000000000000e+03
8.290000000000000000e+02,-1.575000000000000000e+03
8.650000000000000000e+02,-1.569000000000000000e+03
9.060000000000000000e+02,-1.560000000000000000e+03
9.450000000000000000e+02,-1.549000000000000000e+03
9.810000000000000000e+02,-1.539000000000000000e+03
1.013000000000000000e+03,-1.531000000000000000e+03
1.043000000000000000e+03,-1.524000000000000000e+03
1.067000000000000000e+03,-1.518000000000000000e+03
1.088000000000000000e+03,-1.513000000000000000e+03
1.108000000000000000e+03,-1.509000000000000000e+03
1.108000000000000000e+03,-1.509000000000000000e+03
1.132000000000000000e+03,-1.507000000000000000e+03
1.132000000000000000e+03,-1.507000000000000000e+03
1.150000000000000000e+03,-1.498000000000000000e+03
1.150000000000000000e+03,-1.498000000000000000e+03
1.167000000000000000e+03,-1.469000000000000000e+03
1.173000000000000000e+03,-1.445000000000000000e+03
1.179000000000000000e+03,-1.418000000000000000e+03
1.185000000000000000e+03,-1.382000000000000000e+03
1.189000000000000000e+03,-1.347000000000000000e+03
1.194000000000000000e+03,-1.311000000000000000e+03
1.200000000000000000e+03,-1.280000000000000000e+03
1.200000000000000000e+03,-1.252000000000000000e+03
1.198000000000000000e+03,-1.231000000000000000e+03
1.198000000000000000e+03,-1.231000000000000000e+03
1.198000000000000000e+03,-1.213000000000000000e+03
1.198000000000000000e+03,-1.213000000000000000e+03
1.194000000000000000e+03,-1.237000000000000000e+03
1.188000000000000000e+03,-1.267000000000000000e+03
1.185000000000000000e+03,-1.308000000000000000e+03
1.183000000000000000e+03,-1.365000000000000000e+03
1.183000000000000000e+03,-1.430000000000000000e+03
1.177000000000000000e+03,-1.504000000000000000e+03
1.176000000000000000e+03,-1.582000000000000000e+03
1.176000000000000000e+03,-1.661000000000000000e+03
1.179000000000000000e+03,-1.733000000000000000e+03
1.185000000000000000e+03,-1.796000000000000000e+03
1.188000000000000000e+03,-1.849000000000000000e+03
1.206000000000000000e+03,-1.879000000000000000e+03
1.221000000000000000e+03,-1.899000000000000000e+03
1.242000000000000000e+03,-1.905000000000000000e+03
1.269000000000000000e+03,-1.897000000000000000e+03
1.292000000000000000e+03,-1.879000000000000000e+03
