-9.645975639814228231e-01,-5.208335956154146462e-01
-9.645975639814228231e-01,-5.208335956154146462e-01
-9.525707750157510478e-01,-4.446639321661606803e-01
-9.525707750157510478e-01,-4.446639321661606803e-01
-8.884279005321688016e-01,-2.802978163019809732e-01
-8.042403777724669300e-01,-1.520120673348163420e-01
-7.120349957023174303e-01,-3.681670091532222942e-03
-6.078028246664961554e-01,1.646933754278713524e-01
-5.236153019067942838e-01,3.410862802577227515e-01
-4.514545681127642429e-01,5.295059740532458425e-01
-4.274009901814208590e-01,6.818453009517537744e-01
-4.153742012157491947e-01,8.261667685398140781e-01
-4.594724274232120376e-01,9.143632209547397638e-01
-5.115885129411226195e-01,9.825150250935459351e-01
-5.957760357008244911e-01,9.865239547487698601e-01
-6.679367694948545875e-01,9.825150250935459351e-01
-7.481153625993324230e-01,9.223810802651875029e-01
-8.042403777724669300e-01,8.622471354368290708e-01
-8.282939557038103695e-01,7.820685423323512353e-01
-8.082493074276908551e-01,7.179256678487688781e-01
-7.280707143232130196e-01,6.537827933651865209e-01
-6.037938950112722303e-01,6.136934968129476031e-01
-4.474456384575403178e-01,5.816220595711564245e-01
-2.630348743172411519e-01,5.655863409502608352e-01
-9.065089914261367787e-02,5.535595519845891710e-01
9.375986499768548810e-02,5.415327630189175068e-01
2.420902622409696059e-01,5.214881147427979924e-01
3.703760112081342371e-01,4.934256071562307389e-01
4.305099560364926692e-01,4.373005919830962318e-01
4.545635339678359976e-01,3.651398581890661355e-01
4.224920967260448745e-01,2.568987574980209354e-01
3.703760112081342371e-01,1.366308678413040989e-01
2.861884884484324210e-01,-1.570845905720390928e-02
2.260545436200740166e-01,-1.640388563004880063e-01
1.699295284469394818e-01,-3.364228314751154802e-01
1.418670208603722283e-01,-4.927710880288473927e-01
1.338491615499244336e-01,-6.571372038930270998e-01
1.899741767230589684e-01,-7.934408121706395534e-01
2.781706291379846263e-01,-9.137087018273564176e-01
4.224920967260448745e-01,-9.978962245870581782e-01
5.948760719006723763e-01,-1.062039099070640535e+00
7.993314843170910011e-01,-1.090101606657207789e+00
9.917601077678379617e-01,-1.090101606657207789e+00
1.192206590529032662e+00,-1.086092677001983864e+00
1.392653073290227361e+00,-1.021949802518401507e+00
1.561028118809631104e+00,-9.497890687243714103e-01
1.701340656742467372e+00,-8.896551238960129782e-01
1.833635335364855790e+00,-7.934408121706395534e-01
1.921831787779781475e+00,-6.932175707900422035e-01
