9.533133228232417711e-01,7.812338233186312264e-01
9.533133228232417711e-01,7.812338233186312264e-01
9.172329559262266674e-01,1.081903547460423276e+00
9.172329559262266674e-01,1.081903547460423276e+00
9.172329559262266674e-01,1.081903547460423276e+00
9.172329559262266674e-01,1.081903547460423276e+00
9.172329559262266674e-01,1.081903547460423276e+00
9.172329559262266674e-01,1.081903547460423276e+00
9.172329559262266674e-01,1.081903547460423276e+00
9.172329559262266674e-01,1.081903547460423276e+00
9.172329559262266674e-01,1.081903547460423276e+00
9.172329559262266674e-01,1.081903547460423276e+00
6.245810910948823569e-01,9.776713764246020011e-01
6.245810910948823569e-01,9.776713764246020011e-01
4.321524676441353963e-01,6.128587777992275942e-01
4.321524676441353963e-01,6.128587777992275942e-01
1.715720400545822366e-01,1.518318674484796793e-01
3.526843177696981774e-02,-9.672177117540180225e-02
-1.130619654663142931e-01,-3.452754097992832838e-01
-1.130619654663142931e-01,-3.452754097992832838e-01
-3.816602523663152335e-01,-7.982844608395833763e-01
-3.816602523663152335e-01,-7.982844608395833763e-01
-5.941335240931816530e-01,-1.195168496706749073e+00
-5.941335240931816530e-01,-1.195168496706749073e+00
-7.224192730603463675e-01,-1.519891798779884562e+00
-7.224192730603463675e-01,-1.519891798779884562e+00
-8.025978661648242030e-01,-1.768445437403765919e+00
-8.025978661648242030e-01,-1.768445437403765919e+00
-8.025978661648242030e-01,-1.768445437403765919e+00
-8.025978661648242030e-01,-1.768445437403765919e+00
-8.025978661648242030e-01,-1.768445437403765919e+00
-8.025978661648242030e-01,-1.768445437403765919e+00
-8.025978661648242030e-01,-1.768445437403765919e+00
-8.025978661648242030e-01,-1.768445437403765919e+00
-8.025978661648242030e-01,-1.768445437403765919e+00
-8.025978661648242030e-01,-1.768445437403765919e+00
