1.007000000000000000e+03,-1.239000000000000000e+03
9.870000000000000000e+02,-1.225000000000000000e+03
9.870000000000000000e+02,-1.225000000000000000e+03
9.870000000000000000e+02,-1.225000000000000000e+03
9.740000000000000000e+02,-1.209000000000000000e+03
9.740000000000000000e+02,-1.209000000000000000e+03
9.570000000000000000e+02,-1.206000000000000000e+03
9.570000000000000000e+02,-1.206000000000000000e+03
9.330000000000000000e+02,-1.219000000000000000e+03
9.170000000000000000e+02,-1.231000000000000000e+03
8.980000000000000000e+02,-1.245000000000000000e+03
8.770000000000000000e+02,-1.264000000000000000e+03
8.550000000000000000e+02,-1.290000000000000000e+03
8.320000000000000000e+02,-1.319000000000000000e+03
8.070000000000000000e+02,-1.353000000000000000e+03
7.850000000000000000e+02,-1.387000000000000000e+03
7.670000000000000000e+02,-1.427000000000000000e+03
7.520000000000000000e+02,-1.466000000000000000e+03
7.400000000000000000e+02,-1.510000000000000000e+03
7.340000000000000000e+02,-1.549000000000000000e+03
7.340000000000000000e+02,-1.592000000000000000e+03
7.400000000000000000e+02,-1.629000000000000000e+03
7.510000000000000000e+02,-1.665000000000000000e+03
7.690000000000000000e+02,-1.696000000000000000e+03
7.930000000000000000e+02,-1.720000000000000000e+03
8.220000000000000000e+02,-1.738000000000000000e+03
8.560000000000000000e+02,-1.753000000000000000e+03
8.970000000000000000e+02,-1.760000000000000000e+03
9.380000000000000000e+02,-1.760000000000000000e+03
9.810000000000000000e+02,-1.753000000000000000e+03
1.024000000000000000e+03,-1.742000000000000000e+03
1.064000000000000000e+03,-1.727000000000000000e+03
1.100000000000000000e+03,-1.709000000000000000e+03
1.135000000000000000e+03,-1.686000000000000000e+03
1.161000000000000000e+03,-1.662000000000000000e+03
1.185000000000000000e+03,-1.634000000000000000e+03
1.200000000000000000e+03,-1.605000000000000000e+03
1.211000000000000000e+03,-1.573000000000000000e+03
1.215000000000000000e+03,-1.539000000000000000e+03
1.215000000000000000e+03,-1.501000000000000000e+03
1.212000000000000000e+03,-1.462000000000000000e+03
1.204000000000000000e+03,-1.423000000000000000e+03
1.195000000000000000e+03,-1.382000000000000000e+03
1.182000000000000000e+03,-1.343000000000000000e+03
1.168000000000000000e+03,-1.308000000000000000e+03
1.153000000000000000e+03,-1.278000000000000000e+03
1.140000000000000000e+03,-1.254000000000000000e+03
1.132000000000000000e+03,-1.234000000000000000e+03
1.111000000000000000e+03,-1.231000000000000000e+03
1.111000000000000000e+03,-1.231000000000000000e+03
1.088000000000000000e+03,-1.225000000000000000e+03
