-3.924562628151272992e-01,-1.805454379354116901e+00
-3.283133883315449419e-01,-1.841534746251132004e+00
-3.283133883315449419e-01,-1.841534746251132004e+00
-2.441258655718431536e-01,-1.873606183492923183e+00
-1.759740614330369546e-01,-1.885632972458594736e+00
-1.158401166046785224e-01,-1.901668691079490436e+00
-3.566152350020062450e-02,-1.889641902113818661e+00
2.447242132815780069e-02,-1.897659761424266511e+00
9.663315512218791092e-02,-1.877615113148146886e+00
9.663315512218791092e-02,-1.877615113148146886e+00
2.169010447789047613e-01,-1.837525816595908079e+00
2.169010447789047613e-01,-1.837525816595908079e+00
3.131153565042782416e-01,-1.817481168319788454e+00
