-1.434552524304136600e+00,1.604287742385133164e+00
-1.542793624995181689e+00,1.620323461006028865e+00
-1.542793624995181689e+00,1.620323461006028865e+00
-1.630990077410107375e+00,1.644377038937372193e+00
-1.630990077410107375e+00,1.644377038937372193e+00
-1.630990077410107375e+00,1.644377038937372193e+00
-1.630990077410107375e+00,1.644377038937372193e+00
-1.518740047063838361e+00,1.716537772731402400e+00
-1.414507876028016975e+00,1.728564561697073954e+00
-1.214061393266822275e+00,1.776671717559760832e+00
-1.017623840160851501e+00,1.784689576870208461e+00
-7.369987642951788542e-01,1.812752084456775714e+00
-4.483558291190583578e-01,1.812752084456775714e+00
-1.276414567011467660e-01,1.812752084456775714e+00
1.690193377854214418e-01,1.784689576870208461e+00
4.416265543406462935e-01,1.724555632041850028e+00
6.661266150331843772e-01,1.620323461006028865e+00
8.264838012421402702e-01,1.508073430659759850e+00
9.226981129675136950e-01,1.359743033416475733e+00
9.467516908988570234e-01,1.187359058241848286e+00
8.745909571048269271e-01,9.748857865149818114e-01
7.422962784824383986e-01,7.343500072015480828e-01
5.618944439973631022e-01,4.657517203015471008e-01
3.454122426152728131e-01,1.851266444358744823e-01
1.128943226122869209e-01,-1.075252203954698560e-01
-1.075968084250272933e-01,-4.202217335029336809e-01
-3.080432911862220346e-01,-7.208914576447257305e-01
-4.844361960160734060e-01,-1.013543322476070152e+00
-5.926772967071185505e-01,-1.286150539031295059e+00
-6.528112415354769826e-01,-1.518668459034280938e+00
-6.608291008459248328e-01,-1.731141730761147191e+00
-6.047040856727902147e-01,-1.907534635590998784e+00
-4.964629849817451257e-01,-2.051856103179058977e+00
-3.320968691175654186e-01,-2.172123992835775841e+00
-1.276414567011467660e-01,-2.264329374905925452e+00
1.128943226122869209e-01,-2.328472249389507809e+00
3.734747502018400667e-01,-2.364552616286522913e+00
6.300462481361693845e-01,-2.384597264562642316e+00
8.866177460704985913e-01,-2.364552616286522913e+00
1.099091017797365177e+00,-2.360543686631298765e+00
1.299537500558559877e+00,-2.304418671458164258e+00
1.467912546077963398e+00,-2.240275796974581901e+00
1.588180435734680263e+00,-2.172123992835775841e+00
1.692412606770501426e+00,-2.075909681110402083e+00
