9.540000000000000000e+02,-1.020000000000000000e+03
9.540000000000000000e+02,-1.020000000000000000e+03
9.540000000000000000e+02,-1.020000000000000000e+03
9.540000000000000000e+02,-1.020000000000000000e+03
9.540000000000000000e+02,-1.020000000000000000e+03
9.680000000000000000e+02,-1.005000000000000000e+03
9.680000000000000000e+02,-1.005000000000000000e+03
9.840000000000000000e+02,-1.002000000000000000e+03
9.840000000000000000e+02,-1.002000000000000000e+03
1.013000000000000000e+03,-1.004000000000000000e+03
1.030000000000000000e+03,-1.007000000000000000e+03
1.049000000000000000e+03,-1.005000000000000000e+03
1.072000000000000000e+03,-1.008000000000000000e+03
1.090000000000000000e+03,-1.010000000000000000e+03
1.110000000000000000e+03,-1.007000000000000000e+03
1.137000000000000000e+03,-9.990000000000000000e+02
1.137000000000000000e+03,-9.990000000000000000e+02
1.170000000000000000e+03,-9.960000000000000000e+02
