8.430000000000000000e+02,-8.490000000000000000e+02
8.500000000000000000e+02,-8.300000000000000000e+02
8.610000000000000000e+02,-8.030000000000000000e+02
8.650000000000000000e+02,-7.790000000000000000e+02
8.660000000000000000e+02,-7.540000000000000000e+02
8.610000000000000000e+02,-7.310000000000000000e+02
8.460000000000000000e+02,-7.100000000000000000e+02
8.240000000000000000e+02,-6.930000000000000000e+02
7.850000000000000000e+02,-6.860000000000000000e+02
7.400000000000000000e+02,-6.820000000000000000e+02
6.800000000000000000e+02,-6.950000000000000000e+02
6.190000000000000000e+02,-7.120000000000000000e+02
5.440000000000000000e+02,-7.480000000000000000e+02
4.770000000000000000e+02,-7.860000000000000000e+02
4.080000000000000000e+02,-8.430000000000000000e+02
3.520000000000000000e+02,-9.000000000000000000e+02
3.030000000000000000e+02,-9.680000000000000000e+02
2.750000000000000000e+02,-1.034000000000000000e+03
2.610000000000000000e+02,-1.102000000000000000e+03
2.650000000000000000e+02,-1.161000000000000000e+03
2.850000000000000000e+02,-1.216000000000000000e+03
3.180000000000000000e+02,-1.259000000000000000e+03
3.600000000000000000e+02,-1.291000000000000000e+03
4.100000000000000000e+02,-1.314000000000000000e+03
4.640000000000000000e+02,-1.324000000000000000e+03
5.180000000000000000e+02,-1.322000000000000000e+03
5.700000000000000000e+02,-1.309000000000000000e+03
6.190000000000000000e+02,-1.288000000000000000e+03
6.620000000000000000e+02,-1.257000000000000000e+03
7.000000000000000000e+02,-1.221000000000000000e+03
7.310000000000000000e+02,-1.178000000000000000e+03
7.510000000000000000e+02,-1.128000000000000000e+03
7.630000000000000000e+02,-1.077000000000000000e+03
7.640000000000000000e+02,-1.024000000000000000e+03
7.550000000000000000e+02,-9.730000000000000000e+02
7.350000000000000000e+02,-9.260000000000000000e+02
7.080000000000000000e+02,-8.850000000000000000e+02
6.750000000000000000e+02,-8.530000000000000000e+02
6.400000000000000000e+02,-8.310000000000000000e+02
6.090000000000000000e+02,-8.210000000000000000e+02
5.830000000000000000e+02,-8.220000000000000000e+02
5.680000000000000000e+02,-8.310000000000000000e+02
5.660000000000000000e+02,-8.470000000000000000e+02
5.800000000000000000e+02,-8.660000000000000000e+02
6.100000000000000000e+02,-8.840000000000000000e+02
6.520000000000000000e+02,-9.000000000000000000e+02
7.070000000000000000e+02,-9.100000000000000000e+02
7.610000000000000000e+02,-9.180000000000000000e+02
8.220000000000000000e+02,-9.140000000000000000e+02
8.730000000000000000e+02,-9.090000000000000000e+02
9.140000000000000000e+02,-9.020000000000000000e+02
9.450000000000000000e+02,-8.910000000000000000e+02
9.580000000000000000e+02,-8.770000000000000000e+02
