-3.151598313293485498e-01,-1.132160374921061141e+00
-2.830883940875574267e-01,-1.200312179059867423e+00
-2.670526754666618374e-01,-1.308553279750912512e+00
-2.189455196039750973e-01,-1.404767591476286048e+00
-1.507937154651688705e-01,-1.504990832856883509e+00
-1.066954892577060415e-01,-1.653321230100167627e+00
-2.250796649800424626e-02,-1.761562330791212716e+00
4.163490798557807626e-02,-1.905883798379272909e+00
1.218135010900559673e-01,-2.014124899070317998e+00
2.180278128154294615e-01,-2.122365999761363309e+00
3.022153355751312498e-01,-2.226598170797184473e+00
3.743760693691613461e-01,-2.298758904591214680e+00
4.786082404049826211e-01,-2.338848201143453487e+00
5.507689741990127175e-01,-2.394973216316587994e+00
6.349564969587144780e-01,-2.419026794247931544e+00
