3.750000000000000000e+02,-1.551000000000000000e+03
3.570000000000000000e+02,-1.560000000000000000e+03
3.570000000000000000e+02,-1.560000000000000000e+03
3.570000000000000000e+02,-1.560000000000000000e+03
3.570000000000000000e+02,-1.560000000000000000e+03
3.570000000000000000e+02,-1.560000000000000000e+03
3.570000000000000000e+02,-1.560000000000000000e+03
3.570000000000000000e+02,-1.560000000000000000e+03
3.570000000000000000e+02,-1.560000000000000000e+03
3.720000000000000000e+02,-1.543000000000000000e+03
3.720000000000000000e+02,-1.543000000000000000e+03
3.980000000000000000e+02,-1.519000000000000000e+03
4.150000000000000000e+02,-1.506000000000000000e+03
4.370000000000000000e+02,-1.488000000000000000e+03
4.580000000000000000e+02,-1.469000000000000000e+03
4.840000000000000000e+02,-1.447000000000000000e+03
5.070000000000000000e+02,-1.426000000000000000e+03
5.340000000000000000e+02,-1.405000000000000000e+03
5.560000000000000000e+02,-1.387000000000000000e+03
5.790000000000000000e+02,-1.370000000000000000e+03
6.010000000000000000e+02,-1.352000000000000000e+03
6.210000000000000000e+02,-1.337000000000000000e+03
6.390000000000000000e+02,-1.326000000000000000e+03
6.540000000000000000e+02,-1.317000000000000000e+03
6.540000000000000000e+02,-1.317000000000000000e+03
6.740000000000000000e+02,-1.313000000000000000e+03
6.740000000000000000e+02,-1.313000000000000000e+03
6.750000000000000000e+02,-1.331000000000000000e+03
6.660000000000000000e+02,-1.352000000000000000e+03
6.560000000000000000e+02,-1.382000000000000000e+03
6.410000000000000000e+02,-1.417000000000000000e+03
6.270000000000000000e+02,-1.457000000000000000e+03
6.110000000000000000e+02,-1.503000000000000000e+03
5.980000000000000000e+02,-1.548000000000000000e+03
5.880000000000000000e+02,-1.590000000000000000e+03
5.830000000000000000e+02,-1.628000000000000000e+03
5.830000000000000000e+02,-1.661000000000000000e+03
5.880000000000000000e+02,-1.683000000000000000e+03
5.970000000000000000e+02,-1.702000000000000000e+03
6.140000000000000000e+02,-1.706000000000000000e+03
6.380000000000000000e+02,-1.702000000000000000e+03
6.690000000000000000e+02,-1.683000000000000000e+03
7.070000000000000000e+02,-1.659000000000000000e+03
7.510000000000000000e+02,-1.626000000000000000e+03
7.990000000000000000e+02,-1.590000000000000000e+03
8.470000000000000000e+02,-1.552000000000000000e+03
8.950000000000000000e+02,-1.515000000000000000e+03
9.390000000000000000e+02,-1.485000000000000000e+03
9.740000000000000000e+02,-1.462000000000000000e+03
1.001000000000000000e+03,-1.451000000000000000e+03
1.018000000000000000e+03,-1.456000000000000000e+03
1.027000000000000000e+03,-1.474000000000000000e+03
1.031000000000000000e+03,-1.498000000000000000e+03
1.036000000000000000e+03,-1.525000000000000000e+03
1.042000000000000000e+03,-1.557000000000000000e+03
1.049000000000000000e+03,-1.585000000000000000e+03
1.058000000000000000e+03,-1.613000000000000000e+03
1.073000000000000000e+03,-1.632000000000000000e+03
1.093000000000000000e+03,-1.646000000000000000e+03
1.119000000000000000e+03,-1.650000000000000000e+03
1.146000000000000000e+03,-1.649000000000000000e+03
1.170000000000000000e+03,-1.647000000000000000e+03
1.200000000000000000e+03,-1.634000000000000000e+03
1.226000000000000000e+03,-1.620000000000000000e+03
1.245000000000000000e+03,-1.614000000000000000e+03
1.266000000000000000e+03,-1.601000000000000000e+03
1.266000000000000000e+03,-1.601000000000000000e+03
