5.620000000000000000e+02,-1.700000000000000000e+03
5.620000000000000000e+02,-1.700000000000000000e+03
5.620000000000000000e+02,-1.700000000000000000e+03
5.620000000000000000e+02,-1.700000000000000000e+03
5.500000000000000000e+02,-1.715000000000000000e+03
5.500000000000000000e+02,-1.715000000000000000e+03
5.500000000000000000e+02,-1.715000000000000000e+03
5.670000000000000000e+02,-1.711000000000000000e+03
5.820000000000000000e+02,-1.699000000000000000e+03
5.970000000000000000e+02,-1.680000000000000000e+03
6.140000000000000000e+02,-1.656000000000000000e+03
6.290000000000000000e+02,-1.626000000000000000e+03
6.470000000000000000e+02,-1.589000000000000000e+03
6.590000000000000000e+02,-1.551000000000000000e+03
6.690000000000000000e+02,-1.510000000000000000e+03
6.720000000000000000e+02,-1.471000000000000000e+03
6.720000000000000000e+02,-1.430000000000000000e+03
6.660000000000000000e+02,-1.397000000000000000e+03
6.590000000000000000e+02,-1.364000000000000000e+03
6.450000000000000000e+02,-1.338000000000000000e+03
6.320000000000000000e+02,-1.316000000000000000e+03
6.150000000000000000e+02,-1.296000000000000000e+03
6.010000000000000000e+02,-1.283000000000000000e+03
6.010000000000000000e+02,-1.283000000000000000e+03
5.790000000000000000e+02,-1.264000000000000000e+03
5.790000000000000000e+02,-1.264000000000000000e+03
5.790000000000000000e+02,-1.264000000000000000e+03
5.790000000000000000e+02,-1.264000000000000000e+03
5.790000000000000000e+02,-1.264000000000000000e+03
5.910000000000000000e+02,-1.286000000000000000e+03
6.140000000000000000e+02,-1.292000000000000000e+03
6.440000000000000000e+02,-1.295000000000000000e+03
6.830000000000000000e+02,-1.296000000000000000e+03
7.300000000000000000e+02,-1.289000000000000000e+03
7.780000000000000000e+02,-1.278000000000000000e+03
8.310000000000000000e+02,-1.261000000000000000e+03
8.820000000000000000e+02,-1.242000000000000000e+03
9.270000000000000000e+02,-1.222000000000000000e+03
9.690000000000000000e+02,-1.206000000000000000e+03
1.001000000000000000e+03,-1.192000000000000000e+03
1.027000000000000000e+03,-1.186000000000000000e+03
1.040000000000000000e+03,-1.189000000000000000e+03
1.040000000000000000e+03,-1.189000000000000000e+03
1.046000000000000000e+03,-1.224000000000000000e+03
1.039000000000000000e+03,-1.254000000000000000e+03
1.028000000000000000e+03,-1.292000000000000000e+03
1.012000000000000000e+03,-1.335000000000000000e+03
9.950000000000000000e+02,-1.387000000000000000e+03
9.800000000000000000e+02,-1.438000000000000000e+03
9.650000000000000000e+02,-1.492000000000000000e+03
9.560000000000000000e+02,-1.543000000000000000e+03
9.500000000000000000e+02,-1.592000000000000000e+03
9.500000000000000000e+02,-1.635000000000000000e+03
9.570000000000000000e+02,-1.674000000000000000e+03
9.710000000000000000e+02,-1.705000000000000000e+03
9.890000000000000000e+02,-1.727000000000000000e+03
1.015000000000000000e+03,-1.741000000000000000e+03
1.042000000000000000e+03,-1.750000000000000000e+03
1.073000000000000000e+03,-1.750000000000000000e+03
1.106000000000000000e+03,-1.741000000000000000e+03
1.143000000000000000e+03,-1.729000000000000000e+03
1.185000000000000000e+03,-1.708000000000000000e+03
1.227000000000000000e+03,-1.686000000000000000e+03
1.259000000000000000e+03,-1.661000000000000000e+03
1.293000000000000000e+03,-1.628000000000000000e+03
1.315000000000000000e+03,-1.601000000000000000e+03
