1.138000000000000000e+03,-8.390000000000000000e+02
1.132000000000000000e+03,-8.710000000000000000e+02
1.135000000000000000e+03,-9.000000000000000000e+02
1.137000000000000000e+03,-9.330000000000000000e+02
1.146000000000000000e+03,-9.650000000000000000e+02
1.152000000000000000e+03,-9.980000000000000000e+02
1.161000000000000000e+03,-1.023000000000000000e+03
1.179000000000000000e+03,-1.040000000000000000e+03
1.180000000000000000e+03,-1.063000000000000000e+03
1.203000000000000000e+03,-1.061000000000000000e+03
