1.075000000000000000e+03,-1.237000000000000000e+03
1.073000000000000000e+03,-1.218000000000000000e+03
1.078000000000000000e+03,-1.200000000000000000e+03
1.078000000000000000e+03,-1.200000000000000000e+03
1.076000000000000000e+03,-1.186000000000000000e+03
1.076000000000000000e+03,-1.186000000000000000e+03
1.076000000000000000e+03,-1.186000000000000000e+03
1.057000000000000000e+03,-1.201000000000000000e+03
1.046000000000000000e+03,-1.221000000000000000e+03
1.036000000000000000e+03,-1.249000000000000000e+03
1.021000000000000000e+03,-1.295000000000000000e+03
1.009000000000000000e+03,-1.349000000000000000e+03
9.920000000000000000e+02,-1.414000000000000000e+03
9.800000000000000000e+02,-1.488000000000000000e+03
9.710000000000000000e+02,-1.564000000000000000e+03
9.720000000000000000e+02,-1.631000000000000000e+03
9.770000000000000000e+02,-1.702000000000000000e+03
9.930000000000000000e+02,-1.768000000000000000e+03
1.018000000000000000e+03,-1.815000000000000000e+03
1.052000000000000000e+03,-1.846000000000000000e+03
1.097000000000000000e+03,-1.857000000000000000e+03
1.149000000000000000e+03,-1.849000000000000000e+03
1.201000000000000000e+03,-1.831000000000000000e+03
1.250000000000000000e+03,-1.813000000000000000e+03
1.295000000000000000e+03,-1.777000000000000000e+03
1.328000000000000000e+03,-1.733000000000000000e+03
1.351000000000000000e+03,-1.689000000000000000e+03
1.372000000000000000e+03,-1.646000000000000000e+03
1.372000000000000000e+03,-1.619000000000000000e+03
1.373000000000000000e+03,-1.589000000000000000e+03
