6.740000000000000000e+02,-1.272000000000000000e+03
6.740000000000000000e+02,-1.272000000000000000e+03
6.740000000000000000e+02,-1.272000000000000000e+03
6.740000000000000000e+02,-1.272000000000000000e+03
6.740000000000000000e+02,-1.272000000000000000e+03
6.930000000000000000e+02,-1.296000000000000000e+03
7.010000000000000000e+02,-1.310000000000000000e+03
7.070000000000000000e+02,-1.331000000000000000e+03
7.150000000000000000e+02,-1.358000000000000000e+03
7.190000000000000000e+02,-1.390000000000000000e+03
7.240000000000000000e+02,-1.424000000000000000e+03
7.240000000000000000e+02,-1.466000000000000000e+03
7.220000000000000000e+02,-1.510000000000000000e+03
7.180000000000000000e+02,-1.557000000000000000e+03
7.130000000000000000e+02,-1.605000000000000000e+03
7.070000000000000000e+02,-1.653000000000000000e+03
7.010000000000000000e+02,-1.700000000000000000e+03
6.950000000000000000e+02,-1.747000000000000000e+03
6.870000000000000000e+02,-1.792000000000000000e+03
6.810000000000000000e+02,-1.833000000000000000e+03
6.750000000000000000e+02,-1.869000000000000000e+03
6.710000000000000000e+02,-1.900000000000000000e+03
6.660000000000000000e+02,-1.925000000000000000e+03
6.630000000000000000e+02,-1.943000000000000000e+03
6.630000000000000000e+02,-1.943000000000000000e+03
6.630000000000000000e+02,-1.943000000000000000e+03
6.630000000000000000e+02,-1.943000000000000000e+03
6.720000000000000000e+02,-1.926000000000000000e+03
6.810000000000000000e+02,-1.899000000000000000e+03
6.920000000000000000e+02,-1.864000000000000000e+03
7.060000000000000000e+02,-1.822000000000000000e+03
7.180000000000000000e+02,-1.777000000000000000e+03
7.310000000000000000e+02,-1.724000000000000000e+03
7.450000000000000000e+02,-1.671000000000000000e+03
7.580000000000000000e+02,-1.617000000000000000e+03
7.700000000000000000e+02,-1.566000000000000000e+03
7.820000000000000000e+02,-1.522000000000000000e+03
7.930000000000000000e+02,-1.480000000000000000e+03
8.020000000000000000e+02,-1.447000000000000000e+03
8.100000000000000000e+02,-1.418000000000000000e+03
8.190000000000000000e+02,-1.397000000000000000e+03
8.260000000000000000e+02,-1.381000000000000000e+03
8.260000000000000000e+02,-1.381000000000000000e+03
8.440000000000000000e+02,-1.362000000000000000e+03
8.440000000000000000e+02,-1.362000000000000000e+03
8.650000000000000000e+02,-1.359000000000000000e+03
8.650000000000000000e+02,-1.359000000000000000e+03
8.890000000000000000e+02,-1.364000000000000000e+03
9.040000000000000000e+02,-1.371000000000000000e+03
9.200000000000000000e+02,-1.381000000000000000e+03
9.350000000000000000e+02,-1.396000000000000000e+03
9.500000000000000000e+02,-1.412000000000000000e+03
9.650000000000000000e+02,-1.430000000000000000e+03
9.780000000000000000e+02,-1.454000000000000000e+03
9.900000000000000000e+02,-1.477000000000000000e+03
9.990000000000000000e+02,-1.507000000000000000e+03
1.007000000000000000e+03,-1.534000000000000000e+03
1.012000000000000000e+03,-1.569000000000000000e+03
1.013000000000000000e+03,-1.601000000000000000e+03
1.012000000000000000e+03,-1.635000000000000000e+03
1.009000000000000000e+03,-1.673000000000000000e+03
1.002000000000000000e+03,-1.711000000000000000e+03
9.950000000000000000e+02,-1.747000000000000000e+03
9.840000000000000000e+02,-1.784000000000000000e+03
9.720000000000000000e+02,-1.819000000000000000e+03
9.590000000000000000e+02,-1.852000000000000000e+03
9.450000000000000000e+02,-1.884000000000000000e+03
9.290000000000000000e+02,-1.913000000000000000e+03
9.110000000000000000e+02,-1.935000000000000000e+03
8.890000000000000000e+02,-1.955000000000000000e+03
8.680000000000000000e+02,-1.970000000000000000e+03
8.410000000000000000e+02,-1.980000000000000000e+03
8.140000000000000000e+02,-1.989000000000000000e+03
7.850000000000000000e+02,-1.995000000000000000e+03
7.540000000000000000e+02,-1.997000000000000000e+03
7.280000000000000000e+02,-1.997000000000000000e+03
7.020000000000000000e+02,-1.997000000000000000e+03
6.770000000000000000e+02,-1.994000000000000000e+03
6.770000000000000000e+02,-1.994000000000000000e+03
6.770000000000000000e+02,-1.994000000000000000e+03
6.920000000000000000e+02,-1.967000000000000000e+03
