-6.932241159813157250e-01,1.443375033066810920e+00
-6.691705380499723965e-01,1.515535766860841127e+00
-6.691705380499723965e-01,1.515535766860841127e+00
-6.691705380499723965e-01,1.515535766860841127e+00
-7.453402014992264180e-01,1.407294666169795816e+00
-8.134920056380325892e-01,1.226892831684720742e+00
-8.495723725350476929e-01,9.703213337503914238e-01
-9.457866842604211177e-01,6.135265944354647560e-01
-9.938938401231078856e-01,2.326782771891947044e-01
-1.078081362882809646e+00,-1.601968290227469838e-01
-1.114161729779824750e+00,-5.210004979928974933e-01
-1.158259955987287482e+00,-8.777952373078241610e-01
-1.158259955987287482e+00,-1.186482820760064172e+00
-1.162268885642511407e+00,-1.463098966970512782e+00
-1.126188518745496303e+00,-1.627465082834692600e+00
-1.078081362882809646e+00,-1.699625816628722585e+00
-9.898849104678839605e-01,-1.663545449731707482e+00
-8.896616690872866107e-01,-1.615438293869020825e+00
-7.573669904648980822e-01,-1.471116826280960632e+00
-6.010187339111661142e-01,-1.262652484209318082e+00
-4.125990401156430787e-01,-9.700006193779737718e-01
-1.961168387335527619e-01,-6.372594579943904325e-01
4.441894057988091810e-02,-2.483932814376726694e-01
2.809457902380907424e-01,1.605175433951646080e-01
5.214815695515243599e-01,5.854640868488975025e-01
7.419727005888386850e-01,1.006401700647406416e+00
9.263834647291377955e-01,1.383241088238452488e+00
1.098767439903765242e+00,1.695937601345916423e+00
1.186963892318690927e+00,1.920437662038454452e+00
1.259124626112721135e+00,2.108857355833977376e+00
1.259124626112721135e+00,2.108857355833977376e+00
1.158901384732123674e+00,2.136919863420544630e+00
1.042642424730630735e+00,2.028678762729499763e+00
8.983209571425705420e-01,1.864312646865319945e+00
7.339548412783908349e-01,1.655848304793677395e+00
