-9.737189016331937452e-01,6.339621133529688146e-01
-9.496653237018504168e-01,7.301764250783423504e-01
-9.657010423227458951e-01,7.863014402514768575e-01
-9.657010423227458951e-01,8.384175257693875505e-01
-9.536742533570742308e-01,8.865246816320742074e-01
-9.536742533570742308e-01,8.865246816320742074e-01
-9.536742533570742308e-01,8.865246816320742074e-01
-9.536742533570742308e-01,8.865246816320742074e-01
-9.496653237018504168e-01,8.303996664589397003e-01
-9.657010423227458951e-01,7.422032140440140147e-01
-9.576831830122981559e-01,6.379710430081927397e-01
-9.697099719779698201e-01,4.976585050753564166e-01
-9.697099719779698201e-01,3.493281078320722988e-01
-9.897546202540893345e-01,1.689262733469970579e-01
-9.897546202540893345e-01,-1.548449079330211156e-02
-9.897546202540893345e-01,-2.159309735544968634e-01
-9.937635499093132596e-01,-4.043506673500198989e-01
-9.897546202540893345e-01,-5.847525018350951953e-01
-9.777278312884176703e-01,-7.451096880440509773e-01
-9.616921126675220810e-01,-8.814132963216634309e-01
-9.336296050809548275e-01,-9.856454673574847059e-01
-8.895313788734919846e-01,-1.061815130806738727e+00
-8.454331526660291418e-01,-1.105913357014201459e+00
-7.973259968033423739e-01,-1.105913357014201459e+00
-7.492188409406556060e-01,-1.069832990117186577e+00
-6.890848961122971739e-01,-9.976722563231563701e-01
-6.289509512839387417e-01,-8.934400852873350951e-01
-5.728259361108042347e-01,-7.611454066649465666e-01
-5.126919912824458025e-01,-5.967792908007668595e-01
-4.485491167988635008e-01,-4.203863859709154882e-01
-3.924241016257289938e-01,-2.359756218306163222e-01
-3.362990864525944312e-01,-5.156485769031716321e-02
-2.761651416242359991e-01,1.288369767947581124e-01
-2.360758450719970536e-01,2.811763036932661275e-01
-1.999954781749820054e-01,4.174799119708785256e-01
-1.719329705884147519e-01,5.217120830066998005e-01
-1.398615333466236010e-01,5.978817464559538220e-01
-1.238258147257280117e-01,6.419799726634166648e-01
-1.238258147257280117e-01,6.419799726634166648e-01
-1.238258147257280117e-01,6.419799726634166648e-01
-7.972758851826516890e-02,6.179263947320733363e-01
-6.770079955259347693e-02,5.618013795589387183e-01
-4.364722162125011379e-02,4.776138567992369577e-01
-2.761150300035453142e-02,3.653638264529678881e-01
-7.566854724235056069e-03,2.370780774858032569e-01
2.450458251755610259e-02,9.275660989774305032e-02
5.256709010412336652e-02,-5.557378734554106053e-02
8.864745700113842164e-02,-2.199399032097207607e-01
1.207188942429295864e-01,-3.802970894186765705e-01
1.567992611399446345e-01,-5.326364163171845023e-01
2.049064170026313747e-01,-6.769578839052448060e-01
2.570225025205419844e-01,-8.012347032171854844e-01
3.131475176936765470e-01,-9.134847335634546095e-01
3.812993218324827738e-01,-9.976722563231563701e-01
4.454421963160650755e-01,-1.057806201151514802e+00
5.135940004548712468e-01,-1.085868708738082056e+00
6.017904528697969324e-01,-1.081859779082858131e+00
6.819690459742748789e-01,-1.049788341841066952e+00
7.621476390787527144e-01,-9.896543970127086309e-01
8.343083728727829218e-01,-9.014579445977828343e-01
8.984512473563651680e-01,-7.851989845962898951e-01
9.545762625294996750e-01,-6.529043059739013666e-01
1.006692348047410368e+00,-5.085828383858411739e-01
1.042772714944425472e+00,-3.482256521768853919e-01
1.074844152186216650e+00,-1.878684659679295821e-01
1.094888800462336054e+00,-1.147556113807821770e-02
1.114933448738455457e+00,1.568994843813253659e-01
1.130969167359351157e+00,3.092388112798333810e-01
1.151013815635470561e+00,4.535602788678935737e-01
1.171058463911589964e+00,5.738281685246104935e-01
1.183085252877261739e+00,6.740514099052078434e-01
1.203129901153381143e+00,7.502210733544618648e-01
1.219165619774276843e+00,7.943192995619247077e-01
1.219165619774276843e+00,7.943192995619247077e-01
1.255245986671291947e+00,8.223818071484919612e-01
1.295335283223530753e+00,8.303996664589397003e-01
1.295335283223530753e+00,8.303996664589397003e-01
1.327406720465321932e+00,7.943192995619247077e-01
1.327406720465321932e+00,7.943192995619247077e-01
1.387540665293680364e+00,8.063460885275963719e-01
