4.650358400059718122e-01,1.041585376339906333e+00
4.650358400059718122e-01,1.041585376339906333e+00
4.650358400059718122e-01,1.041585376339906333e+00
4.449911917298523534e-01,1.097710391513040840e+00
4.449911917298523534e-01,1.097710391513040840e+00
4.449911917298523534e-01,1.097710391513040840e+00
3.928751062119417159e-01,1.161853265996623197e+00
3.928751062119417159e-01,1.161853265996623197e+00
3.247233020731354891e-01,1.193924703238414375e+00
2.605804275895531874e-01,1.193924703238414375e+00
2.044554124164186526e-01,1.209960421859310076e+00
1.202678896567168504e-01,1.197933632893638300e+00
6.013394482835842519e-02,1.205951492204086151e+00
-4.409822620746284283e-02,1.169871125307071047e+00
-1.202678896567168504e-01,1.149826477030951644e+00
-2.245000606925381115e-01,1.097710391513040840e+00
-3.167054427626876945e-01,1.041585376339906333e+00
-4.129197544880611748e-01,9.413621349593090937e-01
-4.971072772477629909e-01,8.251031749578160435e-01
-5.812948000074648069e-01,6.727638480593081116e-01
-6.534555338014949033e-01,5.124066618503523296e-01
-7.216073379403010746e-01,3.159691087443814439e-01
-7.817412827686595067e-01,9.547797770706721587e-02
-8.338573682865700887e-01,-1.490667312615903684e-01
-8.699377351835851924e-01,-4.056382291959196307e-01
-8.819645241492568566e-01,-6.541918678198010983e-01
-8.819645241492568566e-01,-9.107633657541304162e-01
-8.579109462179135281e-01,-1.155308074722787959e+00
-8.057948607000028352e-01,-1.403861713346669537e+00
-7.256162675955249997e-01,-1.616334985073536012e+00
-6.213840965597037247e-01,-1.784710030592939534e+00
-4.890894179373151962e-01,-1.925022568525775801e+00
-3.407590206940310784e-01,-2.009210091285477784e+00
-1.763929048298513713e-01,-2.049299387837716591e+00
0.000000000000000000e+00,-2.025245809906373040e+00
1.683750455194035767e-01,-1.929031498180999726e+00
3.247233020731354891e-01,-1.780701100937715609e+00
4.650358400059718122e-01,-1.572236758866073059e+00
5.812948000074648069e-01,-1.331700979552639330e+00
6.694912524223904926e-01,-1.059093762997414423e+00
7.296251972507489247e-01,-7.744597574765179626e-01
7.536787751820922532e-01,-4.938346816108453163e-01
7.416519862164205890e-01,-2.212274650556204925e-01
7.175984082850771495e-01,3.935296253393268801e-02
6.294019558701514638e-01,2.397994452951274225e-01
5.291787144895541140e-01,4.041655611593071296e-01
4.449911917298523534e-01,5.645227473682629116e-01
3.367500910388071533e-01,6.687549184040841865e-01
2.605804275895531874e-01,7.689781597846815364e-01
