-1.256899670154071558e+00,4.267505617985837829e-01
-1.256899670154071558e+00,4.267505617985837829e-01
-1.317033614982429990e+00,4.187327024881359883e-01
-1.317033614982429990e+00,4.187327024881359883e-01
-1.252890740498847633e+00,4.548130693851510364e-01
-1.160685358428698022e+00,4.427862804194793722e-01
-9.722656646331749863e-01,4.748577176612705508e-01
-7.678102522167563615e-01,4.748577176612705508e-01
-4.911941060063076403e-01,4.989112955926138793e-01
-1.865154522092916101e-01,5.109380845582855990e-01
1.462257091742916459e-01,5.349916624896289274e-01
4.509043629713076484e-01,5.470184514553005917e-01
7.355383684922042198e-01,5.670630997314201061e-01
9.600384291847423590e-01,5.911166776627634345e-01
1.100350967117578627e+00,6.071523962836590238e-01
1.208592067808623716e+00,6.632774114567936419e-01
1.208592067808623716e+00,6.632774114567936419e-01
1.116386685738474327e+00,6.913399190433608954e-01
1.008145585047429016e+00,7.394470749060475523e-01
8.517973284936971590e-01,7.514738638717193275e-01
6.994580015951891161e-01,7.955720900791821704e-01
