4.200000000000000000e+02,-5.530000000000000000e+02
4.200000000000000000e+02,-5.530000000000000000e+02
4.060000000000000000e+02,-5.580000000000000000e+02
4.060000000000000000e+02,-5.580000000000000000e+02
3.970000000000000000e+02,-5.770000000000000000e+02
3.910000000000000000e+02,-5.980000000000000000e+02
3.950000000000000000e+02,-6.180000000000000000e+02
3.900000000000000000e+02,-6.540000000000000000e+02
3.980000000000000000e+02,-6.820000000000000000e+02
3.950000000000000000e+02,-7.210000000000000000e+02
