6.600000000000000000e+02,-1.692000000000000000e+03
6.600000000000000000e+02,-1.692000000000000000e+03
6.470000000000000000e+02,-1.691000000000000000e+03
6.410000000000000000e+02,-1.705000000000000000e+03
6.360000000000000000e+02,-1.723000000000000000e+03
6.420000000000000000e+02,-1.748000000000000000e+03
6.470000000000000000e+02,-1.792000000000000000e+03
6.590000000000000000e+02,-1.845000000000000000e+03
6.690000000000000000e+02,-1.914000000000000000e+03
6.870000000000000000e+02,-1.986000000000000000e+03
7.020000000000000000e+02,-2.068000000000000000e+03
7.190000000000000000e+02,-2.151000000000000000e+03
7.360000000000000000e+02,-2.231000000000000000e+03
7.510000000000000000e+02,-2.301000000000000000e+03
7.640000000000000000e+02,-2.363000000000000000e+03
7.760000000000000000e+02,-2.410000000000000000e+03
7.820000000000000000e+02,-2.443000000000000000e+03
7.900000000000000000e+02,-2.460000000000000000e+03
7.900000000000000000e+02,-2.460000000000000000e+03
7.960000000000000000e+02,-2.442000000000000000e+03
7.930000000000000000e+02,-2.411000000000000000e+03
7.900000000000000000e+02,-2.366000000000000000e+03
7.790000000000000000e+02,-2.306000000000000000e+03
7.670000000000000000e+02,-2.232000000000000000e+03
7.490000000000000000e+02,-2.145000000000000000e+03
7.300000000000000000e+02,-2.050000000000000000e+03
7.100000000000000000e+02,-1.952000000000000000e+03
6.930000000000000000e+02,-1.857000000000000000e+03
6.800000000000000000e+02,-1.768000000000000000e+03
6.680000000000000000e+02,-1.686000000000000000e+03
6.590000000000000000e+02,-1.622000000000000000e+03
6.570000000000000000e+02,-1.570000000000000000e+03
6.620000000000000000e+02,-1.534000000000000000e+03
6.750000000000000000e+02,-1.512000000000000000e+03
6.950000000000000000e+02,-1.503000000000000000e+03
7.240000000000000000e+02,-1.500000000000000000e+03
7.630000000000000000e+02,-1.507000000000000000e+03
8.130000000000000000e+02,-1.519000000000000000e+03
8.680000000000000000e+02,-1.540000000000000000e+03
9.290000000000000000e+02,-1.566000000000000000e+03
9.870000000000000000e+02,-1.596000000000000000e+03
1.040000000000000000e+03,-1.631000000000000000e+03
1.085000000000000000e+03,-1.668000000000000000e+03
1.120000000000000000e+03,-1.709000000000000000e+03
1.134000000000000000e+03,-1.750000000000000000e+03
1.134000000000000000e+03,-1.789000000000000000e+03
1.119000000000000000e+03,-1.827000000000000000e+03
1.084000000000000000e+03,-1.860000000000000000e+03
1.037000000000000000e+03,-1.894000000000000000e+03
9.800000000000000000e+02,-1.925000000000000000e+03
9.210000000000000000e+02,-1.950000000000000000e+03
8.590000000000000000e+02,-1.977000000000000000e+03
8.130000000000000000e+02,-1.997000000000000000e+03
7.720000000000000000e+02,-2.014000000000000000e+03
7.400000000000000000e+02,-2.033000000000000000e+03
7.400000000000000000e+02,-2.033000000000000000e+03
7.370000000000000000e+02,-2.054000000000000000e+03
