-3.330644621622302903e-01,1.018138812115410685e+00
-3.330644621622302903e-01,1.018138812115410685e+00
-3.330644621622302903e-01,1.018138812115410685e+00
-3.531091104383497492e-01,9.459780783213804778e-01
-3.851805476801409278e-01,8.417459072855592028e-01
-4.372966331980515653e-01,6.813887210766034208e-01
-4.934216483711860723e-01,4.689154493497370013e-01
-5.816181007861117580e-01,1.882903734840643550e-01
-6.778324125114852938e-01,-1.324239989338472367e-01
-7.940913725129782330e-01,-4.731830196278783429e-01
-8.983235435487995080e-01,-8.179509699771332354e-01
-1.006564644239844597e+00,-1.134656412739820874e+00
-1.086743237344322655e+00,-1.427308277571165407e+00
-1.162912900793576565e+00,-1.671852986539822838e+00
-1.203002197345815594e+00,-1.840228032059226582e+00
-1.223046845621934997e+00,-1.920406625163704417e+00
-1.223046845621934997e+00,-1.920406625163704417e+00
-1.142868252517457162e+00,-1.836219102404002657e+00
-1.066698589068203029e+00,-1.659826197574151285e+00
-9.704842773428296043e-01,-1.407263629295045781e+00
-8.622431766517844043e-01,-1.094567116187582068e+00
-7.459842166502914651e-01,-7.257455879069837357e-01
-6.217073973383507868e-01,-3.208436927293703000e-01
-4.934216483711860723e-01,8.806713210346696352e-02
-3.691448290592453385e-01,4.889600976258564602e-01
-2.769394469890957833e-01,8.377369776303352777e-01
-1.967608538846178645e-01,1.134397772116903624e+00
-1.446447683667072270e-01,1.338853184533322249e+00
-1.085644014696921789e-01,1.463130003845262816e+00
-1.085644014696921789e-01,1.463130003845262816e+00
-1.085644014696921789e-01,1.463130003845262816e+00
-1.326179794010355628e-01,1.302772817636307146e+00
-1.606804869876028163e-01,1.130388842461679699e+00
-1.887429945741700699e-01,9.179155707348132243e-01
-2.047787131950656592e-01,7.094512286631706743e-01
-2.047787131950656592e-01,5.009868865915281244e-01
-1.727072759532745083e-01,3.286029114169006782e-01
-1.165822607801399735e-01,2.123439514154077112e-01
-2.036794905476649667e-02,1.441921472766015122e-01
1.079177999123981380e-01,1.361742879661537176e-01
2.602571268109061253e-01,1.882903734840643550e-01
4.286321723303097575e-01,2.845046852094378353e-01
6.130429364706089235e-01,4.127904341766024388e-01
7.854269116452363697e-01,5.571119017646626315e-01
9.538019571646400019e-01,7.054422990079467493e-01
1.090105565442252455e+00,8.217012590094396884e-01
1.206364525443745395e+00,9.098977114243653741e-01
1.278525259237775380e+00,9.459780783213804778e-01
1.314605626134790484e+00,9.299423597004848885e-01
1.310596696479566559e+00,8.457548369407831279e-01
1.282534188892999305e+00,7.054422990079467493e-01
1.222400244064640873e+00,5.009868865915281244e-01
1.134203791649715187e+00,2.404064590019749648e-01
1.046007339234789502e+00,-6.026326513981714039e-02
9.578108868198638159e-01,-3.689508485920570680e-01
8.856501530258337196e-01,-6.776384320442969678e-01
8.174983488870275483e-01,-9.582635079099696140e-01
8.054715599213558841e-01,-1.198799287223403232e+00
8.134894192318036232e-01,-1.403254699639821856e+00
8.295251378526992125e-01,-1.555594026538329899e+00
8.776322937153859804e-01,-1.627754760332360107e+00
9.217305199228488233e-01,-1.655817267918927360e+00
