6.450000000000000000e+02,-1.569000000000000000e+03
6.420000000000000000e+02,-1.593000000000000000e+03
6.420000000000000000e+02,-1.593000000000000000e+03
6.680000000000000000e+02,-1.611000000000000000e+03
6.870000000000000000e+02,-1.628000000000000000e+03
7.220000000000000000e+02,-1.637000000000000000e+03
7.570000000000000000e+02,-1.655000000000000000e+03
8.050000000000000000e+02,-1.667000000000000000e+03
8.470000000000000000e+02,-1.686000000000000000e+03
8.980000000000000000e+02,-1.702000000000000000e+03
9.440000000000000000e+02,-1.721000000000000000e+03
9.890000000000000000e+02,-1.741000000000000000e+03
1.027000000000000000e+03,-1.760000000000000000e+03
1.060000000000000000e+03,-1.781000000000000000e+03
1.085000000000000000e+03,-1.804000000000000000e+03
1.103000000000000000e+03,-1.825000000000000000e+03
1.119000000000000000e+03,-1.840000000000000000e+03
1.122000000000000000e+03,-1.863000000000000000e+03
1.120000000000000000e+03,-1.884000000000000000e+03
1.120000000000000000e+03,-1.884000000000000000e+03
1.120000000000000000e+03,-1.900000000000000000e+03
