-8.607559930700080519e-01,7.836810874405403249e-02
-8.006220482416496198e-01,1.823416391569560382e-02
-8.006220482416496198e-01,1.823416391569560382e-02
-6.322470027222459876e-01,-6.194442918878229759e-02
-4.879255351341857949e-01,-6.194442918878229759e-02
-3.195504896147822183e-01,-5.392656987833450294e-02
-9.905935857746800410e-02,-5.819414015647765386e-03
1.174228428046223266e-01,5.431453081271065547e-02
3.419229034971604242e-01,1.545377721933080262e-01
5.423693862583551795e-01,2.828235211604726573e-01
7.227712207434304759e-01,4.271449887485329056e-01
8.350212510896994900e-01,6.155646825440559411e-01
9.151998441941774365e-01,7.679040094425639840e-01
9.192087738494013616e-01,8.921808287545046623e-01
8.711016179867145937e-01,1.008439788755997712e+00
7.227712207434304759e-01,1.048529085308236519e+00
5.223247379822356651e-01,1.024475507376893191e+00
2.497175214270108690e-01,9.042076177201763265e-01
-2.689862478343789387e-02,7.318236425455488803e-01
-3.195504896147822183e-01,4.632253556455479537e-01
-5.600862689282158913e-01,1.785913501246514101e-01
-7.645416813446345161e-01,-1.381140926380362843e-01
-8.808006413461274553e-01,-4.588284650559478761e-01
-8.928274303117992305e-01,-7.635071188529638508e-01
-7.845863296207540305e-01,-9.719714609246064008e-01
-5.721130578938875555e-01,-1.112283998857442668e+00
-2.874790523729910396e-01,-1.180435802996248951e+00
4.927103866581610675e-02,-1.168409014030577397e+00
4.261104262568622403e-01,-1.052150054029084236e+00
7.588515876404454685e-01,-9.198553754066958188e-01
1.095601678679252622e+00,-7.194088926455010080e-01
