6.060000000000000000e+02,-1.210000000000000000e+03
5.850000000000000000e+02,-1.201000000000000000e+03
5.590000000000000000e+02,-1.200000000000000000e+03
5.400000000000000000e+02,-1.198000000000000000e+03
5.400000000000000000e+02,-1.198000000000000000e+03
5.190000000000000000e+02,-1.207000000000000000e+03
5.190000000000000000e+02,-1.207000000000000000e+03
5.440000000000000000e+02,-1.219000000000000000e+03
5.800000000000000000e+02,-1.222000000000000000e+03
6.260000000000000000e+02,-1.231000000000000000e+03
6.920000000000000000e+02,-1.231000000000000000e+03
7.660000000000000000e+02,-1.234000000000000000e+03
8.550000000000000000e+02,-1.228000000000000000e+03
9.450000000000000000e+02,-1.221000000000000000e+03
1.037000000000000000e+03,-1.210000000000000000e+03
1.125000000000000000e+03,-1.198000000000000000e+03
1.203000000000000000e+03,-1.186000000000000000e+03
1.265000000000000000e+03,-1.174000000000000000e+03
1.312000000000000000e+03,-1.165000000000000000e+03
1.349000000000000000e+03,-1.154000000000000000e+03
1.363000000000000000e+03,-1.153000000000000000e+03
1.363000000000000000e+03,-1.153000000000000000e+03
1.363000000000000000e+03,-1.153000000000000000e+03
1.343000000000000000e+03,-1.145000000000000000e+03
1.324000000000000000e+03,-1.144000000000000000e+03
1.293000000000000000e+03,-1.145000000000000000e+03
1.268000000000000000e+03,-1.142000000000000000e+03
