9.060000000000000000e+02,-1.212000000000000000e+03
9.060000000000000000e+02,-1.212000000000000000e+03
9.270000000000000000e+02,-1.189000000000000000e+03
9.270000000000000000e+02,-1.189000000000000000e+03
9.470000000000000000e+02,-1.159000000000000000e+03
9.560000000000000000e+02,-1.139000000000000000e+03
9.560000000000000000e+02,-1.123000000000000000e+03
9.590000000000000000e+02,-1.100000000000000000e+03
9.450000000000000000e+02,-1.085000000000000000e+03
9.350000000000000000e+02,-1.066000000000000000e+03
9.080000000000000000e+02,-1.058000000000000000e+03
8.800000000000000000e+02,-1.049000000000000000e+03
8.410000000000000000e+02,-1.053000000000000000e+03
7.990000000000000000e+02,-1.061000000000000000e+03
7.520000000000000000e+02,-1.081000000000000000e+03
7.070000000000000000e+02,-1.106000000000000000e+03
6.660000000000000000e+02,-1.141000000000000000e+03
6.330000000000000000e+02,-1.182000000000000000e+03
6.080000000000000000e+02,-1.225000000000000000e+03
5.920000000000000000e+02,-1.271000000000000000e+03
5.910000000000000000e+02,-1.314000000000000000e+03
6.030000000000000000e+02,-1.353000000000000000e+03
6.240000000000000000e+02,-1.388000000000000000e+03
6.560000000000000000e+02,-1.415000000000000000e+03
6.930000000000000000e+02,-1.435000000000000000e+03
7.360000000000000000e+02,-1.442000000000000000e+03
7.820000000000000000e+02,-1.441000000000000000e+03
8.290000000000000000e+02,-1.427000000000000000e+03
8.680000000000000000e+02,-1.405000000000000000e+03
9.080000000000000000e+02,-1.374000000000000000e+03
9.390000000000000000e+02,-1.338000000000000000e+03
9.660000000000000000e+02,-1.298000000000000000e+03
9.830000000000000000e+02,-1.260000000000000000e+03
9.950000000000000000e+02,-1.224000000000000000e+03
9.960000000000000000e+02,-1.195000000000000000e+03
9.930000000000000000e+02,-1.174000000000000000e+03
9.930000000000000000e+02,-1.174000000000000000e+03
9.710000000000000000e+02,-1.177000000000000000e+03
9.560000000000000000e+02,-1.204000000000000000e+03
9.390000000000000000e+02,-1.245000000000000000e+03
9.240000000000000000e+02,-1.301000000000000000e+03
9.110000000000000000e+02,-1.364000000000000000e+03
9.000000000000000000e+02,-1.435000000000000000e+03
8.940000000000000000e+02,-1.509000000000000000e+03
8.880000000000000000e+02,-1.579000000000000000e+03
8.860000000000000000e+02,-1.647000000000000000e+03
8.850000000000000000e+02,-1.705000000000000000e+03
8.820000000000000000e+02,-1.757000000000000000e+03
8.850000000000000000e+02,-1.795000000000000000e+03
8.850000000000000000e+02,-1.839000000000000000e+03
8.800000000000000000e+02,-1.869000000000000000e+03
8.760000000000000000e+02,-1.890000000000000000e+03
8.670000000000000000e+02,-1.908000000000000000e+03
