4.190000000000000000e+02,-1.331000000000000000e+03
4.190000000000000000e+02,-1.331000000000000000e+03
4.420000000000000000e+02,-1.311000000000000000e+03
4.630000000000000000e+02,-1.322000000000000000e+03
4.910000000000000000e+02,-1.334000000000000000e+03
5.280000000000000000e+02,-1.352000000000000000e+03
5.680000000000000000e+02,-1.376000000000000000e+03
6.150000000000000000e+02,-1.402000000000000000e+03
6.600000000000000000e+02,-1.430000000000000000e+03
7.060000000000000000e+02,-1.459000000000000000e+03
7.490000000000000000e+02,-1.494000000000000000e+03
7.880000000000000000e+02,-1.525000000000000000e+03
8.220000000000000000e+02,-1.561000000000000000e+03
8.500000000000000000e+02,-1.596000000000000000e+03
8.760000000000000000e+02,-1.629000000000000000e+03
8.920000000000000000e+02,-1.659000000000000000e+03
8.970000000000000000e+02,-1.686000000000000000e+03
9.110000000000000000e+02,-1.699000000000000000e+03
9.010000000000000000e+02,-1.717000000000000000e+03
9.010000000000000000e+02,-1.717000000000000000e+03
