-2.320224343152618718e-01,1.583031728125714466e+00
-3.041831681092919681e-01,1.502853135021236630e+00
-3.041831681092919681e-01,1.502853135021236630e+00
-3.041831681092919681e-01,1.502853135021236630e+00
-3.041831681092919681e-01,1.502853135021236630e+00
-2.119777860391423852e-01,1.538933501918251512e+00
-1.478349115555600557e-01,1.587040657780938391e+00
-4.761167017496269194e-02,1.667219250885416226e+00
5.261157120563467876e-02,1.755415703300341912e+00
1.929241091384709950e-01,1.871674663301834851e+00
3.252187877608595512e-01,1.991942552958551715e+00
4.775581146593675386e-01,2.112210442615268580e+00
6.018349339713082724e-01,2.208424754340641893e+00
7.381385422489207260e-01,2.300630136410791504e+00
8.383617836295180759e-01,2.328692643997358758e+00
9.305671656996676866e-01,2.316665855031687205e+00
9.947100401832499328e-01,2.244505121237656997e+00
1.054843985011608476e+00,2.156308668822731534e+00
1.110969000184742983e+00,2.028022919855566819e+00
1.183129733978772968e+00,1.907755030198849955e+00
1.255290467772803176e+00,1.787487140542133091e+00
1.339477990532504936e+00,1.683254969506311927e+00
1.431683372602654547e+00,1.607085306057057794e+00
1.547942332604147486e+00,1.583031728125714466e+00
1.672219151916088276e+00,1.595058517091386241e+00
1.816540619504148468e+00,1.643165672954072898e+00
1.976897805713104139e+00,1.727353195713774658e+00
2.109192484335492779e+00,1.791496070197357016e+00
2.241487162957881196e+00,1.887710381922730551e+00
2.405853278822061014e+00,1.991942552958551715e+00
2.530130098134001582e+00,2.052076497786910370e+00
2.670442636066837849e+00,2.132255090891387983e+00
