8.580000000000000000e+02,-1.186000000000000000e+03
8.580000000000000000e+02,-1.186000000000000000e+03
8.730000000000000000e+02,-1.173000000000000000e+03
8.730000000000000000e+02,-1.173000000000000000e+03
8.730000000000000000e+02,-1.173000000000000000e+03
8.730000000000000000e+02,-1.173000000000000000e+03
8.580000000000000000e+02,-1.163000000000000000e+03
8.440000000000000000e+02,-1.168000000000000000e+03
8.230000000000000000e+02,-1.177000000000000000e+03
7.930000000000000000e+02,-1.195000000000000000e+03
7.550000000000000000e+02,-1.219000000000000000e+03
7.150000000000000000e+02,-1.251000000000000000e+03
6.690000000000000000e+02,-1.293000000000000000e+03
6.270000000000000000e+02,-1.341000000000000000e+03
5.850000000000000000e+02,-1.396000000000000000e+03
5.490000000000000000e+02,-1.457000000000000000e+03
5.170000000000000000e+02,-1.521000000000000000e+03
5.040000000000000000e+02,-1.579000000000000000e+03
4.990000000000000000e+02,-1.640000000000000000e+03
5.080000000000000000e+02,-1.691000000000000000e+03
5.310000000000000000e+02,-1.735000000000000000e+03
5.640000000000000000e+02,-1.769000000000000000e+03
6.090000000000000000e+02,-1.792000000000000000e+03
6.620000000000000000e+02,-1.803000000000000000e+03
7.220000000000000000e+02,-1.801000000000000000e+03
7.810000000000000000e+02,-1.790000000000000000e+03
8.370000000000000000e+02,-1.771000000000000000e+03
8.800000000000000000e+02,-1.745000000000000000e+03
9.140000000000000000e+02,-1.715000000000000000e+03
9.290000000000000000e+02,-1.683000000000000000e+03
9.260000000000000000e+02,-1.652000000000000000e+03
9.040000000000000000e+02,-1.625000000000000000e+03
8.670000000000000000e+02,-1.605000000000000000e+03
8.170000000000000000e+02,-1.592000000000000000e+03
7.570000000000000000e+02,-1.589000000000000000e+03
6.950000000000000000e+02,-1.592000000000000000e+03
6.350000000000000000e+02,-1.607000000000000000e+03
5.800000000000000000e+02,-1.629000000000000000e+03
5.380000000000000000e+02,-1.653000000000000000e+03
5.130000000000000000e+02,-1.686000000000000000e+03
4.930000000000000000e+02,-1.729000000000000000e+03
5.020000000000000000e+02,-1.756000000000000000e+03
5.130000000000000000e+02,-1.790000000000000000e+03
