7.930000000000000000e+02,-1.430000000000000000e+03
7.930000000000000000e+02,-1.430000000000000000e+03
7.930000000000000000e+02,-1.430000000000000000e+03
7.990000000000000000e+02,-1.465000000000000000e+03
8.020000000000000000e+02,-1.494000000000000000e+03
8.110000000000000000e+02,-1.528000000000000000e+03
8.130000000000000000e+02,-1.579000000000000000e+03
8.230000000000000000e+02,-1.629000000000000000e+03
8.230000000000000000e+02,-1.691000000000000000e+03
8.290000000000000000e+02,-1.745000000000000000e+03
8.290000000000000000e+02,-1.800000000000000000e+03
8.290000000000000000e+02,-1.839000000000000000e+03
8.280000000000000000e+02,-1.867000000000000000e+03
8.280000000000000000e+02,-1.867000000000000000e+03
8.280000000000000000e+02,-1.867000000000000000e+03
8.280000000000000000e+02,-1.867000000000000000e+03
8.380000000000000000e+02,-1.821000000000000000e+03
8.500000000000000000e+02,-1.769000000000000000e+03
8.670000000000000000e+02,-1.711000000000000000e+03
8.880000000000000000e+02,-1.649000000000000000e+03
9.150000000000000000e+02,-1.592000000000000000e+03
9.470000000000000000e+02,-1.536000000000000000e+03
9.840000000000000000e+02,-1.491000000000000000e+03
1.027000000000000000e+03,-1.453000000000000000e+03
1.073000000000000000e+03,-1.427000000000000000e+03
1.123000000000000000e+03,-1.412000000000000000e+03
1.182000000000000000e+03,-1.405000000000000000e+03
1.238000000000000000e+03,-1.409000000000000000e+03
1.293000000000000000e+03,-1.412000000000000000e+03
1.351000000000000000e+03,-1.414000000000000000e+03
1.397000000000000000e+03,-1.421000000000000000e+03
1.441000000000000000e+03,-1.424000000000000000e+03
