-2.681401235108323289e-01,-7.445155073987226590e-02
-2.962026310973995824e-01,-1.345854955682306842e-01
-2.962026310973995824e-01,-1.345854955682306842e-01
-2.601222642003845342e-01,-1.826926514309174243e-01
-2.601222642003845342e-01,-1.826926514309174243e-01
-1.719258117854588763e-01,-1.947194403965891163e-01
-1.117918669571004442e-01,-2.027372997070369109e-01
-4.364006281829423128e-02,-2.027372997070369109e-01
2.852067097573587895e-02,-1.947194403965891163e-01
1.127081937354376673e-01,-1.786837217756935270e-01
1.608153495981244074e-01,-1.867015810861413216e-01
2.249582240817067369e-01,-1.666569328100218628e-01
2.249582240817067369e-01,-1.666569328100218628e-01
