7.760000000000000000e+02,-7.290000000000000000e+02
7.760000000000000000e+02,-7.290000000000000000e+02
7.700000000000000000e+02,-7.080000000000000000e+02
7.700000000000000000e+02,-7.080000000000000000e+02
7.600000000000000000e+02,-6.870000000000000000e+02
7.600000000000000000e+02,-6.870000000000000000e+02
7.550000000000000000e+02,-6.720000000000000000e+02
7.550000000000000000e+02,-6.720000000000000000e+02
7.550000000000000000e+02,-6.720000000000000000e+02
7.550000000000000000e+02,-6.720000000000000000e+02
7.550000000000000000e+02,-6.720000000000000000e+02
7.550000000000000000e+02,-6.720000000000000000e+02
7.460000000000000000e+02,-7.010000000000000000e+02
7.490000000000000000e+02,-7.220000000000000000e+02
7.510000000000000000e+02,-7.510000000000000000e+02
7.570000000000000000e+02,-7.840000000000000000e+02
7.610000000000000000e+02,-8.260000000000000000e+02
7.670000000000000000e+02,-8.680000000000000000e+02
7.700000000000000000e+02,-9.190000000000000000e+02
7.760000000000000000e+02,-9.740000000000000000e+02
7.760000000000000000e+02,-1.032000000000000000e+03
7.790000000000000000e+02,-1.090000000000000000e+03
7.780000000000000000e+02,-1.151000000000000000e+03
7.760000000000000000e+02,-1.216000000000000000e+03
7.670000000000000000e+02,-1.283000000000000000e+03
7.610000000000000000e+02,-1.347000000000000000e+03
7.510000000000000000e+02,-1.412000000000000000e+03
7.390000000000000000e+02,-1.469000000000000000e+03
7.270000000000000000e+02,-1.522000000000000000e+03
7.150000000000000000e+02,-1.566000000000000000e+03
6.990000000000000000e+02,-1.604000000000000000e+03
6.840000000000000000e+02,-1.635000000000000000e+03
6.680000000000000000e+02,-1.661000000000000000e+03
6.530000000000000000e+02,-1.685000000000000000e+03
6.410000000000000000e+02,-1.708000000000000000e+03
6.260000000000000000e+02,-1.735000000000000000e+03
6.110000000000000000e+02,-1.763000000000000000e+03
5.940000000000000000e+02,-1.795000000000000000e+03
5.740000000000000000e+02,-1.825000000000000000e+03
5.560000000000000000e+02,-1.854000000000000000e+03
5.370000000000000000e+02,-1.882000000000000000e+03
5.170000000000000000e+02,-1.908000000000000000e+03
4.930000000000000000e+02,-1.928000000000000000e+03
4.670000000000000000e+02,-1.938000000000000000e+03
4.430000000000000000e+02,-1.943000000000000000e+03
4.190000000000000000e+02,-1.943000000000000000e+03
3.960000000000000000e+02,-1.935000000000000000e+03
3.770000000000000000e+02,-1.926000000000000000e+03
3.600000000000000000e+02,-1.910000000000000000e+03
3.450000000000000000e+02,-1.885000000000000000e+03
3.350000000000000000e+02,-1.857000000000000000e+03
3.270000000000000000e+02,-1.824000000000000000e+03
3.240000000000000000e+02,-1.790000000000000000e+03
3.240000000000000000e+02,-1.756000000000000000e+03
3.300000000000000000e+02,-1.721000000000000000e+03
3.410000000000000000e+02,-1.688000000000000000e+03
3.530000000000000000e+02,-1.656000000000000000e+03
3.690000000000000000e+02,-1.631000000000000000e+03
3.870000000000000000e+02,-1.608000000000000000e+03
4.120000000000000000e+02,-1.592000000000000000e+03
4.370000000000000000e+02,-1.581000000000000000e+03
4.640000000000000000e+02,-1.573000000000000000e+03
4.910000000000000000e+02,-1.569000000000000000e+03
5.170000000000000000e+02,-1.569000000000000000e+03
5.410000000000000000e+02,-1.572000000000000000e+03
5.650000000000000000e+02,-1.578000000000000000e+03
5.890000000000000000e+02,-1.589000000000000000e+03
6.110000000000000000e+02,-1.601000000000000000e+03
6.290000000000000000e+02,-1.613000000000000000e+03
6.470000000000000000e+02,-1.626000000000000000e+03
6.630000000000000000e+02,-1.643000000000000000e+03
6.830000000000000000e+02,-1.659000000000000000e+03
6.990000000000000000e+02,-1.677000000000000000e+03
7.160000000000000000e+02,-1.696000000000000000e+03
7.330000000000000000e+02,-1.711000000000000000e+03
7.480000000000000000e+02,-1.723000000000000000e+03
7.660000000000000000e+02,-1.733000000000000000e+03
7.840000000000000000e+02,-1.742000000000000000e+03
8.050000000000000000e+02,-1.748000000000000000e+03
8.260000000000000000e+02,-1.753000000000000000e+03
8.520000000000000000e+02,-1.757000000000000000e+03
8.790000000000000000e+02,-1.760000000000000000e+03
9.040000000000000000e+02,-1.759000000000000000e+03
9.330000000000000000e+02,-1.759000000000000000e+03
9.600000000000000000e+02,-1.756000000000000000e+03
9.890000000000000000e+02,-1.751000000000000000e+03
1.021000000000000000e+03,-1.747000000000000000e+03
1.052000000000000000e+03,-1.738000000000000000e+03
1.082000000000000000e+03,-1.729000000000000000e+03
1.114000000000000000e+03,-1.717000000000000000e+03
1.147000000000000000e+03,-1.706000000000000000e+03
1.180000000000000000e+03,-1.692000000000000000e+03
1.212000000000000000e+03,-1.680000000000000000e+03
1.242000000000000000e+03,-1.665000000000000000e+03
1.268000000000000000e+03,-1.649000000000000000e+03
1.293000000000000000e+03,-1.631000000000000000e+03
1.316000000000000000e+03,-1.611000000000000000e+03
1.339000000000000000e+03,-1.590000000000000000e+03
1.360000000000000000e+03,-1.569000000000000000e+03
1.381000000000000000e+03,-1.543000000000000000e+03
1.400000000000000000e+03,-1.516000000000000000e+03
1.420000000000000000e+03,-1.481000000000000000e+03
1.438000000000000000e+03,-1.444000000000000000e+03
1.455000000000000000e+03,-1.397000000000000000e+03
1.468000000000000000e+03,-1.349000000000000000e+03
1.480000000000000000e+03,-1.296000000000000000e+03
1.489000000000000000e+03,-1.243000000000000000e+03
1.497000000000000000e+03,-1.191000000000000000e+03
1.498000000000000000e+03,-1.138000000000000000e+03
1.498000000000000000e+03,-1.088000000000000000e+03
1.492000000000000000e+03,-1.041000000000000000e+03
1.485000000000000000e+03,-9.990000000000000000e+02
1.474000000000000000e+03,-9.600000000000000000e+02
1.461000000000000000e+03,-9.210000000000000000e+02
1.446000000000000000e+03,-8.850000000000000000e+02
1.428000000000000000e+03,-8.530000000000000000e+02
1.408000000000000000e+03,-8.240000000000000000e+02
1.385000000000000000e+03,-8.000000000000000000e+02
1.360000000000000000e+03,-7.760000000000000000e+02
1.331000000000000000e+03,-7.580000000000000000e+02
1.301000000000000000e+03,-7.420000000000000000e+02
1.266000000000000000e+03,-7.280000000000000000e+02
1.226000000000000000e+03,-7.140000000000000000e+02
1.183000000000000000e+03,-7.020000000000000000e+02
1.141000000000000000e+03,-6.930000000000000000e+02
1.099000000000000000e+03,-6.860000000000000000e+02
1.057000000000000000e+03,-6.810000000000000000e+02
1.018000000000000000e+03,-6.740000000000000000e+02
9.800000000000000000e+02,-6.650000000000000000e+02
9.450000000000000000e+02,-6.570000000000000000e+02
9.120000000000000000e+02,-6.450000000000000000e+02
8.820000000000000000e+02,-6.270000000000000000e+02
8.490000000000000000e+02,-6.040000000000000000e+02
8.140000000000000000e+02,-5.760000000000000000e+02
7.750000000000000000e+02,-5.440000000000000000e+02
7.340000000000000000e+02,-5.110000000000000000e+02
6.870000000000000000e+02,-4.790000000000000000e+02
6.360000000000000000e+02,-4.480000000000000000e+02
5.830000000000000000e+02,-4.240000000000000000e+02
5.320000000000000000e+02,-4.050000000000000000e+02
4.820000000000000000e+02,-3.950000000000000000e+02
4.390000000000000000e+02,-3.920000000000000000e+02
4.040000000000000000e+02,-3.990000000000000000e+02
3.750000000000000000e+02,-4.200000000000000000e+02
3.690000000000000000e+02,-4.430000000000000000e+02
3.710000000000000000e+02,-4.820000000000000000e+02
3.770000000000000000e+02,-5.260000000000000000e+02
3.870000000000000000e+02,-5.700000000000000000e+02
3.980000000000000000e+02,-6.120000000000000000e+02
