5.380000000000000000e+02,-1.421000000000000000e+03
5.380000000000000000e+02,-1.421000000000000000e+03
5.340000000000000000e+02,-1.438000000000000000e+03
5.500000000000000000e+02,-1.441000000000000000e+03
5.770000000000000000e+02,-1.448000000000000000e+03
6.110000000000000000e+02,-1.451000000000000000e+03
6.620000000000000000e+02,-1.450000000000000000e+03
7.150000000000000000e+02,-1.451000000000000000e+03
7.720000000000000000e+02,-1.453000000000000000e+03
8.250000000000000000e+02,-1.457000000000000000e+03
8.860000000000000000e+02,-1.450000000000000000e+03
9.350000000000000000e+02,-1.450000000000000000e+03
9.870000000000000000e+02,-1.438000000000000000e+03
