8.710000000000000000e+02,-1.242000000000000000e+03
8.710000000000000000e+02,-1.242000000000000000e+03
8.710000000000000000e+02,-1.242000000000000000e+03
8.710000000000000000e+02,-1.242000000000000000e+03
8.640000000000000000e+02,-1.227000000000000000e+03
8.640000000000000000e+02,-1.227000000000000000e+03
8.500000000000000000e+02,-1.230000000000000000e+03
8.500000000000000000e+02,-1.230000000000000000e+03
8.310000000000000000e+02,-1.239000000000000000e+03
8.310000000000000000e+02,-1.239000000000000000e+03
8.080000000000000000e+02,-1.249000000000000000e+03
8.080000000000000000e+02,-1.249000000000000000e+03
7.840000000000000000e+02,-1.266000000000000000e+03
7.840000000000000000e+02,-1.266000000000000000e+03
7.610000000000000000e+02,-1.281000000000000000e+03
7.610000000000000000e+02,-1.281000000000000000e+03
7.400000000000000000e+02,-1.301000000000000000e+03
7.400000000000000000e+02,-1.301000000000000000e+03
7.180000000000000000e+02,-1.328000000000000000e+03
7.040000000000000000e+02,-1.343000000000000000e+03
6.930000000000000000e+02,-1.359000000000000000e+03
6.800000000000000000e+02,-1.378000000000000000e+03
6.690000000000000000e+02,-1.399000000000000000e+03
6.600000000000000000e+02,-1.420000000000000000e+03
6.530000000000000000e+02,-1.444000000000000000e+03
6.450000000000000000e+02,-1.465000000000000000e+03
6.390000000000000000e+02,-1.488000000000000000e+03
6.360000000000000000e+02,-1.509000000000000000e+03
6.350000000000000000e+02,-1.531000000000000000e+03
6.330000000000000000e+02,-1.552000000000000000e+03
6.330000000000000000e+02,-1.572000000000000000e+03
6.330000000000000000e+02,-1.592000000000000000e+03
6.330000000000000000e+02,-1.613000000000000000e+03
6.350000000000000000e+02,-1.632000000000000000e+03
6.390000000000000000e+02,-1.652000000000000000e+03
6.450000000000000000e+02,-1.670000000000000000e+03
6.500000000000000000e+02,-1.689000000000000000e+03
6.570000000000000000e+02,-1.708000000000000000e+03
6.630000000000000000e+02,-1.726000000000000000e+03
6.740000000000000000e+02,-1.741000000000000000e+03
6.840000000000000000e+02,-1.759000000000000000e+03
6.980000000000000000e+02,-1.772000000000000000e+03
7.120000000000000000e+02,-1.784000000000000000e+03
7.280000000000000000e+02,-1.795000000000000000e+03
7.460000000000000000e+02,-1.809000000000000000e+03
7.660000000000000000e+02,-1.818000000000000000e+03
7.870000000000000000e+02,-1.828000000000000000e+03
8.110000000000000000e+02,-1.836000000000000000e+03
8.350000000000000000e+02,-1.842000000000000000e+03
8.590000000000000000e+02,-1.845000000000000000e+03
8.860000000000000000e+02,-1.849000000000000000e+03
9.110000000000000000e+02,-1.851000000000000000e+03
9.380000000000000000e+02,-1.851000000000000000e+03
9.660000000000000000e+02,-1.848000000000000000e+03
9.950000000000000000e+02,-1.845000000000000000e+03
1.022000000000000000e+03,-1.840000000000000000e+03
1.051000000000000000e+03,-1.834000000000000000e+03
1.079000000000000000e+03,-1.830000000000000000e+03
1.106000000000000000e+03,-1.819000000000000000e+03
1.135000000000000000e+03,-1.809000000000000000e+03
1.161000000000000000e+03,-1.795000000000000000e+03
1.186000000000000000e+03,-1.778000000000000000e+03
1.209000000000000000e+03,-1.757000000000000000e+03
1.230000000000000000e+03,-1.733000000000000000e+03
1.251000000000000000e+03,-1.705000000000000000e+03
1.268000000000000000e+03,-1.673000000000000000e+03
1.286000000000000000e+03,-1.638000000000000000e+03
1.299000000000000000e+03,-1.604000000000000000e+03
1.308000000000000000e+03,-1.566000000000000000e+03
1.316000000000000000e+03,-1.531000000000000000e+03
1.319000000000000000e+03,-1.497000000000000000e+03
1.322000000000000000e+03,-1.465000000000000000e+03
1.318000000000000000e+03,-1.435000000000000000e+03
1.313000000000000000e+03,-1.406000000000000000e+03
1.305000000000000000e+03,-1.382000000000000000e+03
1.295000000000000000e+03,-1.356000000000000000e+03
1.283000000000000000e+03,-1.334000000000000000e+03
1.269000000000000000e+03,-1.311000000000000000e+03
1.254000000000000000e+03,-1.292000000000000000e+03
1.239000000000000000e+03,-1.272000000000000000e+03
1.221000000000000000e+03,-1.257000000000000000e+03
1.203000000000000000e+03,-1.242000000000000000e+03
1.179000000000000000e+03,-1.231000000000000000e+03
1.155000000000000000e+03,-1.222000000000000000e+03
1.128000000000000000e+03,-1.216000000000000000e+03
1.099000000000000000e+03,-1.212000000000000000e+03
1.069000000000000000e+03,-1.209000000000000000e+03
1.039000000000000000e+03,-1.207000000000000000e+03
1.010000000000000000e+03,-1.207000000000000000e+03
9.840000000000000000e+02,-1.204000000000000000e+03
9.570000000000000000e+02,-1.203000000000000000e+03
9.330000000000000000e+02,-1.203000000000000000e+03
9.080000000000000000e+02,-1.204000000000000000e+03
8.850000000000000000e+02,-1.209000000000000000e+03
8.620000000000000000e+02,-1.215000000000000000e+03
8.400000000000000000e+02,-1.224000000000000000e+03
8.170000000000000000e+02,-1.234000000000000000e+03
7.970000000000000000e+02,-1.246000000000000000e+03
7.810000000000000000e+02,-1.260000000000000000e+03
7.640000000000000000e+02,-1.274000000000000000e+03
7.640000000000000000e+02,-1.274000000000000000e+03
7.460000000000000000e+02,-1.295000000000000000e+03
7.460000000000000000e+02,-1.295000000000000000e+03
7.460000000000000000e+02,-1.295000000000000000e+03
7.580000000000000000e+02,-1.310000000000000000e+03
7.780000000000000000e+02,-1.310000000000000000e+03
7.910000000000000000e+02,-1.319000000000000000e+03
8.190000000000000000e+02,-1.317000000000000000e+03
