9.750000000000000000e+02,-9.510000000000000000e+02
9.750000000000000000e+02,-9.510000000000000000e+02
9.750000000000000000e+02,-9.510000000000000000e+02
9.750000000000000000e+02,-9.510000000000000000e+02
9.930000000000000000e+02,-9.590000000000000000e+02
9.930000000000000000e+02,-9.590000000000000000e+02
9.930000000000000000e+02,-9.590000000000000000e+02
1.013000000000000000e+03,-9.620000000000000000e+02
1.013000000000000000e+03,-9.620000000000000000e+02
1.013000000000000000e+03,-9.620000000000000000e+02
1.027000000000000000e+03,-9.560000000000000000e+02
1.027000000000000000e+03,-9.560000000000000000e+02
1.034000000000000000e+03,-9.370000000000000000e+02
1.039000000000000000e+03,-9.220000000000000000e+02
1.036000000000000000e+03,-9.090000000000000000e+02
1.036000000000000000e+03,-8.880000000000000000e+02
1.027000000000000000e+03,-8.700000000000000000e+02
1.018000000000000000e+03,-8.470000000000000000e+02
1.001000000000000000e+03,-8.260000000000000000e+02
9.810000000000000000e+02,-7.990000000000000000e+02
9.540000000000000000e+02,-7.760000000000000000e+02
9.290000000000000000e+02,-7.510000000000000000e+02
8.970000000000000000e+02,-7.280000000000000000e+02
8.650000000000000000e+02,-7.050000000000000000e+02
8.320000000000000000e+02,-6.860000000000000000e+02
7.990000000000000000e+02,-6.680000000000000000e+02
7.660000000000000000e+02,-6.540000000000000000e+02
7.360000000000000000e+02,-6.440000000000000000e+02
7.070000000000000000e+02,-6.390000000000000000e+02
6.770000000000000000e+02,-6.410000000000000000e+02
6.480000000000000000e+02,-6.470000000000000000e+02
6.210000000000000000e+02,-6.590000000000000000e+02
5.950000000000000000e+02,-6.770000000000000000e+02
5.710000000000000000e+02,-7.010000000000000000e+02
5.490000000000000000e+02,-7.310000000000000000e+02
5.280000000000000000e+02,-7.700000000000000000e+02
5.070000000000000000e+02,-8.170000000000000000e+02
4.880000000000000000e+02,-8.700000000000000000e+02
4.730000000000000000e+02,-9.280000000000000000e+02
4.600000000000000000e+02,-9.950000000000000000e+02
4.520000000000000000e+02,-1.064000000000000000e+03
4.460000000000000000e+02,-1.141000000000000000e+03
4.460000000000000000e+02,-1.219000000000000000e+03
4.510000000000000000e+02,-1.299000000000000000e+03
4.630000000000000000e+02,-1.378000000000000000e+03
4.790000000000000000e+02,-1.453000000000000000e+03
5.020000000000000000e+02,-1.525000000000000000e+03
5.290000000000000000e+02,-1.590000000000000000e+03
5.640000000000000000e+02,-1.650000000000000000e+03
6.030000000000000000e+02,-1.705000000000000000e+03
6.470000000000000000e+02,-1.751000000000000000e+03
6.930000000000000000e+02,-1.792000000000000000e+03
7.490000000000000000e+02,-1.824000000000000000e+03
8.050000000000000000e+02,-1.849000000000000000e+03
8.650000000000000000e+02,-1.867000000000000000e+03
9.270000000000000000e+02,-1.879000000000000000e+03
9.860000000000000000e+02,-1.881000000000000000e+03
1.046000000000000000e+03,-1.879000000000000000e+03
1.100000000000000000e+03,-1.869000000000000000e+03
1.150000000000000000e+03,-1.858000000000000000e+03
1.188000000000000000e+03,-1.846000000000000000e+03
1.218000000000000000e+03,-1.837000000000000000e+03
1.241000000000000000e+03,-1.824000000000000000e+03
1.241000000000000000e+03,-1.824000000000000000e+03
1.241000000000000000e+03,-1.824000000000000000e+03
1.241000000000000000e+03,-1.824000000000000000e+03
1.241000000000000000e+03,-1.824000000000000000e+03
1.224000000000000000e+03,-1.806000000000000000e+03
