5.790000000000000000e+02,-8.080000000000000000e+02
5.790000000000000000e+02,-7.810000000000000000e+02
5.790000000000000000e+02,-7.810000000000000000e+02
5.680000000000000000e+02,-7.640000000000000000e+02
5.680000000000000000e+02,-7.640000000000000000e+02
5.680000000000000000e+02,-7.640000000000000000e+02
5.680000000000000000e+02,-7.640000000000000000e+02
5.530000000000000000e+02,-7.840000000000000000e+02
5.530000000000000000e+02,-7.840000000000000000e+02
5.590000000000000000e+02,-8.200000000000000000e+02
5.700000000000000000e+02,-8.420000000000000000e+02
5.800000000000000000e+02,-8.760000000000000000e+02
6.000000000000000000e+02,-9.100000000000000000e+02
6.200000000000000000e+02,-9.560000000000000000e+02
6.450000000000000000e+02,-1.004000000000000000e+03
6.710000000000000000e+02,-1.058000000000000000e+03
7.020000000000000000e+02,-1.115000000000000000e+03
7.310000000000000000e+02,-1.179000000000000000e+03
7.610000000000000000e+02,-1.246000000000000000e+03
7.930000000000000000e+02,-1.313000000000000000e+03
8.260000000000000000e+02,-1.376000000000000000e+03
8.590000000000000000e+02,-1.438000000000000000e+03
8.910000000000000000e+02,-1.495000000000000000e+03
9.230000000000000000e+02,-1.546000000000000000e+03
9.510000000000000000e+02,-1.592000000000000000e+03
9.800000000000000000e+02,-1.632000000000000000e+03
1.005000000000000000e+03,-1.664000000000000000e+03
1.027000000000000000e+03,-1.694000000000000000e+03
1.045000000000000000e+03,-1.718000000000000000e+03
1.057000000000000000e+03,-1.738000000000000000e+03
1.069000000000000000e+03,-1.753000000000000000e+03
1.075000000000000000e+03,-1.768000000000000000e+03
1.075000000000000000e+03,-1.768000000000000000e+03
1.082000000000000000e+03,-1.783000000000000000e+03
1.082000000000000000e+03,-1.783000000000000000e+03
1.082000000000000000e+03,-1.783000000000000000e+03
1.082000000000000000e+03,-1.783000000000000000e+03
1.061000000000000000e+03,-1.760000000000000000e+03
1.055000000000000000e+03,-1.742000000000000000e+03
1.040000000000000000e+03,-1.723000000000000000e+03
1.028000000000000000e+03,-1.689000000000000000e+03
