5.950000000000000000e+02,-1.323000000000000000e+03
5.970000000000000000e+02,-1.310000000000000000e+03
6.030000000000000000e+02,-1.290000000000000000e+03
6.030000000000000000e+02,-1.290000000000000000e+03
6.110000000000000000e+02,-1.261000000000000000e+03
6.170000000000000000e+02,-1.246000000000000000e+03
6.170000000000000000e+02,-1.246000000000000000e+03
6.240000000000000000e+02,-1.224000000000000000e+03
6.240000000000000000e+02,-1.224000000000000000e+03
6.300000000000000000e+02,-1.207000000000000000e+03
6.300000000000000000e+02,-1.207000000000000000e+03
6.300000000000000000e+02,-1.207000000000000000e+03
6.300000000000000000e+02,-1.207000000000000000e+03
6.300000000000000000e+02,-1.207000000000000000e+03
6.050000000000000000e+02,-1.233000000000000000e+03
5.890000000000000000e+02,-1.258000000000000000e+03
5.700000000000000000e+02,-1.299000000000000000e+03
5.490000000000000000e+02,-1.347000000000000000e+03
5.260000000000000000e+02,-1.406000000000000000e+03
5.070000000000000000e+02,-1.471000000000000000e+03
4.870000000000000000e+02,-1.539000000000000000e+03
4.750000000000000000e+02,-1.607000000000000000e+03
4.670000000000000000e+02,-1.673000000000000000e+03
4.720000000000000000e+02,-1.730000000000000000e+03
4.810000000000000000e+02,-1.783000000000000000e+03
5.000000000000000000e+02,-1.821000000000000000e+03
5.250000000000000000e+02,-1.852000000000000000e+03
5.550000000000000000e+02,-1.870000000000000000e+03
5.880000000000000000e+02,-1.882000000000000000e+03
6.270000000000000000e+02,-1.879000000000000000e+03
6.650000000000000000e+02,-1.873000000000000000e+03
7.060000000000000000e+02,-1.858000000000000000e+03
7.420000000000000000e+02,-1.842000000000000000e+03
7.810000000000000000e+02,-1.821000000000000000e+03
8.170000000000000000e+02,-1.801000000000000000e+03
8.500000000000000000e+02,-1.780000000000000000e+03
8.800000000000000000e+02,-1.765000000000000000e+03
9.040000000000000000e+02,-1.753000000000000000e+03
9.270000000000000000e+02,-1.742000000000000000e+03
9.420000000000000000e+02,-1.736000000000000000e+03
9.600000000000000000e+02,-1.730000000000000000e+03
9.600000000000000000e+02,-1.730000000000000000e+03
9.600000000000000000e+02,-1.730000000000000000e+03
9.600000000000000000e+02,-1.730000000000000000e+03
9.600000000000000000e+02,-1.730000000000000000e+03
9.530000000000000000e+02,-1.715000000000000000e+03
