-1.008282253103857107e+00,-5.817321377880342315e-01
-1.008282253103857107e+00,-5.817321377880342315e-01
-9.481483082754985636e-01,-5.215981929596757993e-01
-9.481483082754985636e-01,-5.215981929596757993e-01
-8.519339965501251388e-01,-5.015535446835563960e-01
-7.236482475829605354e-01,-4.734910370969890869e-01
-6.073892875814674852e-01,-4.855178260626607512e-01
-4.510410310277356283e-01,-4.614642481313174227e-01
-2.906838448187798463e-01,-4.734910370969890869e-01
-1.263177289546001392e-01,-4.774999667522129565e-01
6.210196484092291719e-02,-4.895267557178846762e-01
2.906109551886849052e-01,-4.654731777865412923e-01
5.030842269155513247e-01,-4.654731777865412923e-01
7.275842876080894639e-01,-4.053392329581828601e-01
