-7.846048039509616323e-02,9.798969485840116622e-01
-7.846048039509616323e-02,9.798969485840116622e-01
-7.044262108464836858e-02,1.048048752722817945e+00
-7.044262108464836858e-02,1.048048752722817945e+00
4.982526857206847487e-02,1.164307712724310884e+00
1.700931582287853183e-01,1.260522024449684197e+00
3.023878368511738746e-01,1.360745265830281658e+00
4.908075306466969101e-01,1.472995296176550672e+00
6.712093651317722065e-01,1.549164959625804805e+00
8.716558478929669063e-01,1.653397130661625969e+00
