-5.458380443901512669e-01,1.482056749873438051e+00
-3.814719285259715598e-01,1.566244272633139811e+00
-1.930522347304484965e-01,1.646422865737617647e+00
-1.665932990059711474e-02,1.706556810565976079e+00
1.637425045844781435e-01,1.738628247807767258e+00
3.521621983800012345e-01,1.770699685049558436e+00
5.445908218307481397e-01,1.778717544360006286e+00
7.370194452814951003e-01,1.814797911257021390e+00
8.893587721800031431e-01,1.830833629877916868e+00
1.045707028733735111e+00,1.874931856085379822e+00
