-6.622601923900705012e-01,1.414889901867991906e+00
-7.424387854945484477e-01,1.422907761178439756e+00
-8.466709565303697227e-01,1.390836323936648578e+00
-9.348674089452954084e-01,1.374800605315753099e+00
-1.003019213084101580e+00,1.350747027384409549e+00
-1.079188876533355712e+00,1.282595223245603488e+00
-1.079188876533355712e+00,1.282595223245603488e+00
-1.147340680672161772e+00,1.162327333588886624e+00
-1.135313891706490219e+00,1.102193388760528192e+00
-1.115269243430370594e+00,1.030032654966497985e+00
-1.043108509636340608e+00,9.859344287590352529e-01
-9.589209868766387368e-01,9.458451322067962241e-01
-8.346441675646980585e-01,9.458451322067962241e-01
-7.103673482527572691e-01,9.458451322067962241e-01
-5.860905289408165908e-01,9.819254991038113278e-01
-4.778494282497713908e-01,1.030032654966497985e+00
-3.736172572139501158e-01,1.102193388760528192e+00
-3.054654530751438890e-01,1.182371981865006028e+00
-2.653761565229049713e-01,1.266559504624707788e+00
-2.693850861781288408e-01,1.330702379108290145e+00
-2.894297344542482997e-01,1.390836323936648578e+00
-3.174922420408156087e-01,1.446961339109783085e+00
-3.736172572139501158e-01,1.471014917041126413e+00
-3.736172572139501158e-01,1.471014917041126413e+00
-3.736172572139501158e-01,1.471014917041126413e+00
-3.736172572139501158e-01,1.471014917041126413e+00
-3.736172572139501158e-01,1.471014917041126413e+00
-3.134833123855916837e-01,1.366782746005305249e+00
