-5.466722257123488721e-02,-1.158762894434942847e+00
-5.466722257123488721e-02,-1.158762894434942847e+00
-3.061364463989152060e-02,-1.198852190987181876e+00
-3.061364463989152060e-02,-1.198852190987181876e+00
-3.061364463989152060e-02,-1.198852190987181876e+00
-3.061364463989152060e-02,-1.198852190987181876e+00
1.377614008795120804e-01,-1.162771824090166772e+00
1.377614008795120804e-01,-1.162771824090166772e+00
1.337524712242881830e-01,-1.118673597882704041e+00
1.337524712242881830e-01,-1.118673597882704041e+00
1.297435415690642857e-01,-1.070566442020017162e+00
1.297435415690642857e-01,-1.070566442020017162e+00
1.217256822586164910e-01,-1.026468215812554430e+00
2.339757126048855329e-01,-1.002414637881211101e+00
9.366317467204922365e-02,-9.863789192603154010e-01
9.366317467204922365e-02,-9.863789192603154010e-01
1.457792601899598472e-01,-9.342628337424048190e-01
1.457792601899598472e-01,-9.342628337424048190e-01
1.978953457078704847e-01,-8.981824668453897154e-01
1.978953457078704847e-01,-8.981824668453897154e-01
2.540203608810049918e-01,-8.420574516722552083e-01
