8.250000000000000000e+02,-1.088000000000000000e+03
8.190000000000000000e+02,-1.070000000000000000e+03
8.200000000000000000e+02,-1.040000000000000000e+03
8.190000000000000000e+02,-1.016000000000000000e+03
8.160000000000000000e+02,-9.930000000000000000e+02
8.190000000000000000e+02,-9.650000000000000000e+02
8.140000000000000000e+02,-9.460000000000000000e+02
8.190000000000000000e+02,-9.220000000000000000e+02
8.190000000000000000e+02,-9.220000000000000000e+02
8.170000000000000000e+02,-8.920000000000000000e+02
8.170000000000000000e+02,-8.920000000000000000e+02
8.170000000000000000e+02,-8.760000000000000000e+02
8.170000000000000000e+02,-8.760000000000000000e+02
8.170000000000000000e+02,-8.760000000000000000e+02
8.170000000000000000e+02,-8.760000000000000000e+02
8.170000000000000000e+02,-8.760000000000000000e+02
8.130000000000000000e+02,-9.120000000000000000e+02
8.100000000000000000e+02,-9.420000000000000000e+02
8.020000000000000000e+02,-9.900000000000000000e+02
7.940000000000000000e+02,-1.049000000000000000e+03
7.810000000000000000e+02,-1.127000000000000000e+03
7.660000000000000000e+02,-1.216000000000000000e+03
7.490000000000000000e+02,-1.314000000000000000e+03
7.390000000000000000e+02,-1.409000000000000000e+03
7.330000000000000000e+02,-1.504000000000000000e+03
7.370000000000000000e+02,-1.590000000000000000e+03
7.520000000000000000e+02,-1.668000000000000000e+03
7.790000000000000000e+02,-1.732000000000000000e+03
8.190000000000000000e+02,-1.781000000000000000e+03
8.700000000000000000e+02,-1.812000000000000000e+03
9.290000000000000000e+02,-1.834000000000000000e+03
9.920000000000000000e+02,-1.842000000000000000e+03
1.054000000000000000e+03,-1.842000000000000000e+03
1.113000000000000000e+03,-1.837000000000000000e+03
1.159000000000000000e+03,-1.828000000000000000e+03
1.198000000000000000e+03,-1.815000000000000000e+03
1.229000000000000000e+03,-1.798000000000000000e+03
1.248000000000000000e+03,-1.784000000000000000e+03
1.259000000000000000e+03,-1.766000000000000000e+03
1.259000000000000000e+03,-1.766000000000000000e+03
1.244000000000000000e+03,-1.741000000000000000e+03
1.223000000000000000e+03,-1.729000000000000000e+03
1.194000000000000000e+03,-1.721000000000000000e+03
1.159000000000000000e+03,-1.711000000000000000e+03
1.120000000000000000e+03,-1.702000000000000000e+03
