-7.832228437281986144e-01,9.185677949143403187e-02
-7.832228437281986144e-01,9.185677949143403187e-02
-6.950263913132729288e-01,1.078924981123296073e-01
-6.148477982087949822e-01,7.982999052576233989e-02
-4.705263306207347895e-01,9.586570914665791532e-02
-2.620619885490922396e-01,1.078924981123296073e-01
-2.152620923565854230e-02,1.199192870780012854e-01
2.510810073195662850e-01,1.399639353541207720e-01
5.276971535300150062e-01,1.760443022511358202e-01
8.043132997404638385e-01,2.121246691481508684e-01
1.060884797674793045e+00,2.441961063899420192e-01
1.301420576988226774e+00,2.963121919078526845e-01
1.445742044576286967e+00,2.963121919078526845e-01
1.626143879061362263e+00,3.444193477705393969e-01
