-8.008314239840116366e-01,-5.192518410575716059e-01
-8.008314239840116366e-01,-5.192518410575716059e-01
-8.008314239840116366e-01,-5.192518410575716059e-01
-8.489385798466982935e-01,-4.511000369187653791e-01
-8.489385798466982935e-01,-4.511000369187653791e-01
-8.489385798466982935e-01,-4.511000369187653791e-01
-8.489385798466982935e-01,-4.511000369187653791e-01
-8.569564391571461437e-01,-3.669125141590635630e-01
-8.569564391571461437e-01,-3.669125141590635630e-01
-8.569564391571461437e-01,-3.669125141590635630e-01
-8.569564391571461437e-01,-3.669125141590635630e-01
-8.569564391571461437e-01,-3.669125141590635630e-01
-8.569564391571461437e-01,-3.669125141590635630e-01
-8.850189467437133972e-01,-5.192518410575716059e-01
-9.050635950198329116e-01,-6.796090272665273879e-01
-9.170903839855045758e-01,-8.760465803724982736e-01
-9.170903839855045758e-01,-1.116582359685931891e+00
-8.970457357093850614e-01,-1.389189576241156798e+00
-8.689832281228178079e-01,-1.677832511417277184e+00
-7.888046350183399724e-01,-1.950439727972502091e+00
-6.925903232929664366e-01,-2.203002296251607373e+00
-5.723224336362495723e-01,-2.407457708668025997e+00
-4.320098957034132492e-01,-2.583850613497877369e+00
-2.796705688049052618e-01,-2.712136362465042083e+00
-1.313401715616211440e-01,-2.796323885224743844e+00
3.302594430255853530e-02,-2.820377463156087394e+00
1.893742008562904477e-01,-2.800332814879967991e+00
3.417135277547984629e-01,-2.748216729362057187e+00
4.860349953428586556e-01,-2.643984558326236023e+00
6.183296739652471841e-01,-2.523716668669519159e+00
7.345886339667401232e-01,-2.355341623150115637e+00
8.308029456921136591e-01,-2.150886210733697013e+00
9.069726091413676805e-01,-1.906341501765039137e+00
9.630976243145021876e-01,-1.633734285209814452e+00
1.011204780177188844e+00,-1.341082420378470141e+00
1.023231569142860620e+00,-1.072484133478469159e+00
1.067329795350323351e+00,-7.637965500262291485e-01
1.055303006384651798e+00,-5.072250520918999417e-01
1.083365513971219052e+00,-2.265999762262272677e-01
1.119445880868234156e+00,5.917943776758648883e-03
1.131472669833905709e+00,1.823108486066100375e-01
1.131472669833905709e+00,2.905519492976552098e-01
