1.224441657552667456e-01,1.359485316510068431e+00
1.064084471343711563e-01,1.415610331683203160e+00
1.424888140313862184e-01,1.479753206166785295e+00
1.946048995492968559e-01,1.491779995132457071e+00
1.946048995492968559e-01,1.491779995132457071e+00
3.549620857582526656e-01,1.479753206166785295e+00
4.872567643806411941e-01,1.443672839269770414e+00
6.476139505895969206e-01,1.383538894441411982e+00
7.839175588672093742e-01,1.315387090302605699e+00
9.522926043866130064e-01,1.267279934439919042e+00
1.116658720250792713e+00,1.203137059956336685e+00
