2.728617517714294616e-01,8.501476221236685393e-02
3.530403448759074081e-01,8.501476221236685393e-02
3.530403448759074081e-01,8.501476221236685393e-02
4.252010786699375045e-01,1.050594104884863267e-01
4.252010786699375045e-01,1.050594104884863267e-01
4.973618124639676008e-01,1.531665663511730668e-01
4.973618124639676008e-01,1.531665663511730668e-01
5.454689683266543687e-01,2.173094408347553963e-01
5.454689683266543687e-01,2.173094408347553963e-01
5.574957572923260329e-01,2.854612449735616231e-01
5.574957572923260329e-01,2.854612449735616231e-01
5.013707421191915259e-01,3.576219787675917194e-01
4.412367972908330938e-01,3.816755566989351034e-01
3.650671338415790723e-01,4.017202049750545623e-01
2.688528221162055920e-01,4.177559235959501516e-01
1.405670731490409608e-01,4.297827125616218158e-01
-1.578118340469094466e-02,4.257737829063979462e-01
-2.001919475449901176e-01,4.017202049750545623e-01
-3.926205709957370504e-01,3.576219787675917194e-01
-6.091027723778273950e-01,2.774433856631138284e-01
-8.215760441046938700e-01,1.892469332481881150e-01
-1.038058245486784159e+00,6.897904359147127851e-02
-1.218460079971859455e+00,-5.128884606524557188e-02
-1.386835125491262977e+00,-2.036281729637535731e-01
-1.491067296527084363e+00,-3.359228515861421016e-01
-1.563228030321114348e+00,-4.802443191742023498e-01
-1.559219100665890423e+00,-5.924943495204714194e-01
-1.511111944803203766e+00,-6.806908019353971051e-01
-1.402870844112158677e+00,-7.287979577980837620e-01
-1.242513657903202784e+00,-7.528515357294272015e-01
-1.058102893762903562e+00,-7.368158171085316122e-01
-8.456296220360371985e-01,-6.927175909010687693e-01
-6.331563503091707235e-01,-6.285747164174864121e-01
-4.287009378927520986e-01,-5.363693343473369124e-01
-2.402812440972290631e-01,-4.321371633115155819e-01
-8.393298754349716451e-02,-3.439407108965898963e-01
4.435276142366748053e-02,-2.757889067577836695e-01
1.325492138385931662e-01,-2.356996102055447517e-01
1.325492138385931662e-01,-2.356996102055447517e-01
1.886742290117277010e-01,-2.597531881368881357e-01
1.886742290117277010e-01,-3.198871329652465123e-01
1.566027917699365224e-01,-4.201103743458439177e-01
1.325492138385931662e-01,-5.443871936577846515e-01
1.084956359072497961e-01,-6.887086612458448442e-01
1.084956359072497961e-01,-8.129854805577856336e-01
1.165134952176975908e-01,-9.292444405592785728e-01
1.525938621147126528e-01,-1.025458752284652109e+00
2.167367365982949545e-01,-1.061539119181666990e+00
3.049331890132206402e-01,-1.061539119181666990e+00
3.811028524624746616e-01,-1.057530189526443287e+00
4.733082345326242169e-01,-9.853694557324130798e-01
5.334421793609827045e-01,-9.091997922831590584e-01
