8.230000000000000000e+02,-1.379000000000000000e+03
8.230000000000000000e+02,-1.379000000000000000e+03
8.000000000000000000e+02,-1.378000000000000000e+03
8.000000000000000000e+02,-1.378000000000000000e+03
7.840000000000000000e+02,-1.373000000000000000e+03
7.840000000000000000e+02,-1.373000000000000000e+03
7.840000000000000000e+02,-1.373000000000000000e+03
7.840000000000000000e+02,-1.373000000000000000e+03
8.070000000000000000e+02,-1.388000000000000000e+03
8.260000000000000000e+02,-1.400000000000000000e+03
8.560000000000000000e+02,-1.414000000000000000e+03
8.890000000000000000e+02,-1.430000000000000000e+03
9.300000000000000000e+02,-1.447000000000000000e+03
9.740000000000000000e+02,-1.465000000000000000e+03
1.021000000000000000e+03,-1.481000000000000000e+03
1.063000000000000000e+03,-1.494000000000000000e+03
1.105000000000000000e+03,-1.507000000000000000e+03
1.141000000000000000e+03,-1.515000000000000000e+03
1.170000000000000000e+03,-1.521000000000000000e+03
1.192000000000000000e+03,-1.525000000000000000e+03
1.206000000000000000e+03,-1.533000000000000000e+03
1.206000000000000000e+03,-1.533000000000000000e+03
1.206000000000000000e+03,-1.533000000000000000e+03
1.188000000000000000e+03,-1.554000000000000000e+03
1.165000000000000000e+03,-1.564000000000000000e+03
1.131000000000000000e+03,-1.581000000000000000e+03
1.094000000000000000e+03,-1.602000000000000000e+03
1.054000000000000000e+03,-1.625000000000000000e+03
1.018000000000000000e+03,-1.641000000000000000e+03
9.810000000000000000e+02,-1.667000000000000000e+03
9.540000000000000000e+02,-1.686000000000000000e+03
9.330000000000000000e+02,-1.703000000000000000e+03
9.140000000000000000e+02,-1.717000000000000000e+03
9.140000000000000000e+02,-1.717000000000000000e+03
9.140000000000000000e+02,-1.717000000000000000e+03
8.920000000000000000e+02,-1.736000000000000000e+03
8.920000000000000000e+02,-1.736000000000000000e+03
8.770000000000000000e+02,-1.736000000000000000e+03
