-3.695248492727428724e-01,-1.182282587794977330e-01
-4.336677237563252296e-01,-1.222371884347216303e-01
-4.777659499637880725e-01,-1.222371884347216303e-01
-5.298820354816986544e-01,-1.462907663660650004e-01
-5.819981209996093474e-01,-1.743532739526322539e-01
-6.301052768622961153e-01,-2.064247111944234048e-01
-6.942481513458783615e-01,-2.545318670571101727e-01
-7.343374478981172793e-01,-2.906122339541252209e-01
-7.904624630712518973e-01,-3.667818974033791868e-01
-8.185249706578191509e-01,-4.269158422317376189e-01
-8.505964078996103295e-01,-5.191212243018872297e-01
-8.265428299682668900e-01,-5.952908877511412511e-01
-8.225339003130430759e-01,-6.995230587869625261e-01
-7.744267444503563080e-01,-7.837105815466642866e-01
-7.183017292772218010e-01,-8.719070339615899723e-01
-6.381231361727438545e-01,-9.360499084451723295e-01
-5.459177541025942437e-01,-9.721302753421873222e-01
-4.336677237563252296e-01,-9.681213456869633971e-01
-3.214176934100561600e-01,-9.320409787899484044e-01
-2.131765927190109877e-01,-8.598802449959183081e-01
-1.129533513384136240e-01,-7.636659332705447722e-01
-3.277475823393571908e-02,-6.433980436138279080e-01
3.136811624964659651e-02,-4.990765760257677708e-01
6.744848314666164468e-02,-3.467372491272597279e-01
6.744848314666164468e-02,-2.064247111944234048e-01
3.537704590487049383e-02,-7.413003257203489016e-02
-2.074796926826403751e-02,3.411106811901027519e-02
-1.049354920279658293e-01,1.022628722578164950e-01
-2.171855223742348850e-01,1.383432391548315432e-01
-3.414623416861756189e-01,1.343343094996076459e-01
-4.617302313428924831e-01,9.424501294736870038e-02
-5.739802616891614973e-01,1.807534949811469976e-02
-6.742035030697589582e-01,-6.611217326158709551e-02
-7.503731665190128686e-01,-1.703443442974083566e-01
-7.784356741055801221e-01,-2.745765153332296316e-01
-7.984803223816996365e-01,-3.667818974033791868e-01
-7.704178147951323830e-01,-4.269158422317376189e-01
-7.022660106563262117e-01,-4.629962091287526671e-01
-6.220874175518482652e-01,-4.870497870600960511e-01
-5.178552465160269902e-01,-4.629962091287526671e-01
