6.090000000000000000e+02,-1.343000000000000000e+03
6.170000000000000000e+02,-1.314000000000000000e+03
6.110000000000000000e+02,-1.301000000000000000e+03
6.110000000000000000e+02,-1.283000000000000000e+03
6.110000000000000000e+02,-1.283000000000000000e+03
6.000000000000000000e+02,-1.267000000000000000e+03
6.000000000000000000e+02,-1.267000000000000000e+03
5.860000000000000000e+02,-1.275000000000000000e+03
5.860000000000000000e+02,-1.275000000000000000e+03
5.670000000000000000e+02,-1.314000000000000000e+03
5.580000000000000000e+02,-1.343000000000000000e+03
5.430000000000000000e+02,-1.387000000000000000e+03
5.370000000000000000e+02,-1.430000000000000000e+03
5.250000000000000000e+02,-1.485000000000000000e+03
5.250000000000000000e+02,-1.534000000000000000e+03
5.200000000000000000e+02,-1.592000000000000000e+03
5.290000000000000000e+02,-1.638000000000000000e+03
5.400000000000000000e+02,-1.683000000000000000e+03
5.590000000000000000e+02,-1.718000000000000000e+03
5.860000000000000000e+02,-1.739000000000000000e+03
6.200000000000000000e+02,-1.747000000000000000e+03
6.590000000000000000e+02,-1.744000000000000000e+03
7.010000000000000000e+02,-1.727000000000000000e+03
7.400000000000000000e+02,-1.696000000000000000e+03
7.790000000000000000e+02,-1.655000000000000000e+03
8.140000000000000000e+02,-1.608000000000000000e+03
8.430000000000000000e+02,-1.554000000000000000e+03
8.640000000000000000e+02,-1.506000000000000000e+03
8.770000000000000000e+02,-1.462000000000000000e+03
8.830000000000000000e+02,-1.424000000000000000e+03
8.830000000000000000e+02,-1.394000000000000000e+03
8.770000000000000000e+02,-1.379000000000000000e+03
8.770000000000000000e+02,-1.379000000000000000e+03
8.560000000000000000e+02,-1.385000000000000000e+03
8.440000000000000000e+02,-1.408000000000000000e+03
8.320000000000000000e+02,-1.441000000000000000e+03
8.220000000000000000e+02,-1.481000000000000000e+03
8.130000000000000000e+02,-1.527000000000000000e+03
8.100000000000000000e+02,-1.576000000000000000e+03
8.110000000000000000e+02,-1.628000000000000000e+03
8.190000000000000000e+02,-1.673000000000000000e+03
8.340000000000000000e+02,-1.715000000000000000e+03
8.530000000000000000e+02,-1.745000000000000000e+03
8.820000000000000000e+02,-1.762000000000000000e+03
9.060000000000000000e+02,-1.768000000000000000e+03
9.410000000000000000e+02,-1.754000000000000000e+03
9.720000000000000000e+02,-1.736000000000000000e+03
9.960000000000000000e+02,-1.709000000000000000e+03
1.024000000000000000e+03,-1.667000000000000000e+03
1.040000000000000000e+03,-1.620000000000000000e+03
