9.703967959556679401e-02,1.243947290076825168e-01
9.703967959556679401e-02,1.243947290076825168e-01
7.298610166422342393e-02,2.005643924569365244e-01
7.298610166422342393e-02,2.005643924569365244e-01
7.298610166422342393e-02,2.005643924569365244e-01
7.298610166422342393e-02,2.005643924569365244e-01
6.095931269855173890e-02,9.232329176589135211e-02
8.100396097467121859e-02,1.214469866141345764e-02
6.897717200899952661e-02,-1.401946282370945540e-01
8.902182028511899936e-02,-2.965428847908264665e-01
9.303074994034289669e-02,-5.009982972072450913e-01
1.050575389060145887e-01,-7.054537096236637161e-01
1.010486092507906913e-01,-9.419805592818735196e-01
1.050575389060145887e-01,-1.150444901353516070e+00
1.050575389060145887e-01,-1.362918173080382545e+00
1.050575389060145887e-01,-1.547328937220681766e+00
1.130753982164623694e-01,-1.687641475153518034e+00
9.303074994034289669e-02,-1.807909364810234898e+00
7.699503131944732126e-02,-1.872052239293817255e+00
7.699503131944732126e-02,-1.872052239293817255e+00
7.699503131944732126e-02,-1.872052239293817255e+00
7.699503131944732126e-02,-1.872052239293817255e+00
