3.660000000000000000e+02,-7.640000000000000000e+02
3.660000000000000000e+02,-7.640000000000000000e+02
3.660000000000000000e+02,-7.640000000000000000e+02
3.660000000000000000e+02,-7.640000000000000000e+02
3.700000000000000000e+02,-7.810000000000000000e+02
3.760000000000000000e+02,-8.020000000000000000e+02
3.910000000000000000e+02,-8.200000000000000000e+02
4.050000000000000000e+02,-8.470000000000000000e+02
4.240000000000000000e+02,-8.740000000000000000e+02
4.450000000000000000e+02,-9.070000000000000000e+02
4.690000000000000000e+02,-9.370000000000000000e+02
4.920000000000000000e+02,-9.670000000000000000e+02
5.140000000000000000e+02,-9.960000000000000000e+02
5.350000000000000000e+02,-1.020000000000000000e+03
5.520000000000000000e+02,-1.045000000000000000e+03
5.700000000000000000e+02,-1.060000000000000000e+03
5.840000000000000000e+02,-1.073000000000000000e+03
5.930000000000000000e+02,-1.082000000000000000e+03
6.020000000000000000e+02,-1.082000000000000000e+03
6.020000000000000000e+02,-1.082000000000000000e+03
