6.240000000000000000e+02,-9.860000000000000000e+02
6.240000000000000000e+02,-9.860000000000000000e+02
5.960000000000000000e+02,-9.920000000000000000e+02
5.810000000000000000e+02,-1.001000000000000000e+03
5.630000000000000000e+02,-1.014000000000000000e+03
5.480000000000000000e+02,-1.035000000000000000e+03
5.360000000000000000e+02,-1.056000000000000000e+03
5.250000000000000000e+02,-1.083000000000000000e+03
5.160000000000000000e+02,-1.112000000000000000e+03
5.060000000000000000e+02,-1.139000000000000000e+03
4.990000000000000000e+02,-1.168000000000000000e+03
4.940000000000000000e+02,-1.197000000000000000e+03
4.890000000000000000e+02,-1.221000000000000000e+03
4.840000000000000000e+02,-1.244000000000000000e+03
4.800000000000000000e+02,-1.262000000000000000e+03
4.770000000000000000e+02,-1.272000000000000000e+03
4.770000000000000000e+02,-1.272000000000000000e+03
4.770000000000000000e+02,-1.272000000000000000e+03
4.770000000000000000e+02,-1.272000000000000000e+03
4.840000000000000000e+02,-1.250000000000000000e+03
4.900000000000000000e+02,-1.227000000000000000e+03
4.970000000000000000e+02,-1.199000000000000000e+03
5.040000000000000000e+02,-1.165000000000000000e+03
5.110000000000000000e+02,-1.130000000000000000e+03
5.160000000000000000e+02,-1.095000000000000000e+03
5.170000000000000000e+02,-1.064000000000000000e+03
5.150000000000000000e+02,-1.040000000000000000e+03
5.080000000000000000e+02,-1.019000000000000000e+03
5.000000000000000000e+02,-1.007000000000000000e+03
4.900000000000000000e+02,-1.001000000000000000e+03
4.810000000000000000e+02,-1.002000000000000000e+03
4.700000000000000000e+02,-1.012000000000000000e+03
4.630000000000000000e+02,-1.022000000000000000e+03
4.570000000000000000e+02,-1.038000000000000000e+03
4.570000000000000000e+02,-1.053000000000000000e+03
4.600000000000000000e+02,-1.070000000000000000e+03
4.690000000000000000e+02,-1.083000000000000000e+03
4.850000000000000000e+02,-1.095000000000000000e+03
5.030000000000000000e+02,-1.101000000000000000e+03
5.300000000000000000e+02,-1.100000000000000000e+03
5.580000000000000000e+02,-1.095000000000000000e+03
5.920000000000000000e+02,-1.082000000000000000e+03
6.260000000000000000e+02,-1.064000000000000000e+03
6.600000000000000000e+02,-1.037000000000000000e+03
6.920000000000000000e+02,-1.010000000000000000e+03
7.190000000000000000e+02,-9.770000000000000000e+02
7.400000000000000000e+02,-9.430000000000000000e+02
7.560000000000000000e+02,-9.130000000000000000e+02
7.660000000000000000e+02,-8.860000000000000000e+02
7.710000000000000000e+02,-8.630000000000000000e+02
7.730000000000000000e+02,-8.450000000000000000e+02
7.710000000000000000e+02,-8.330000000000000000e+02
7.710000000000000000e+02,-8.330000000000000000e+02
7.710000000000000000e+02,-8.330000000000000000e+02
7.710000000000000000e+02,-8.330000000000000000e+02
7.680000000000000000e+02,-8.460000000000000000e+02
7.710000000000000000e+02,-8.630000000000000000e+02
7.730000000000000000e+02,-8.860000000000000000e+02
7.780000000000000000e+02,-9.150000000000000000e+02
7.830000000000000000e+02,-9.490000000000000000e+02
7.890000000000000000e+02,-9.860000000000000000e+02
7.920000000000000000e+02,-1.027000000000000000e+03
7.990000000000000000e+02,-1.070000000000000000e+03
8.050000000000000000e+02,-1.115000000000000000e+03
8.090000000000000000e+02,-1.156000000000000000e+03
8.120000000000000000e+02,-1.195000000000000000e+03
8.230000000000000000e+02,-1.225000000000000000e+03
8.270000000000000000e+02,-1.256000000000000000e+03
8.410000000000000000e+02,-1.273000000000000000e+03
