6.400000000000000000e+02,-2.830000000000000000e+02
6.220000000000000000e+02,-2.820000000000000000e+02
6.000000000000000000e+02,-2.890000000000000000e+02
5.780000000000000000e+02,-3.070000000000000000e+02
5.460000000000000000e+02,-3.350000000000000000e+02
5.200000000000000000e+02,-3.640000000000000000e+02
4.980000000000000000e+02,-3.970000000000000000e+02
4.790000000000000000e+02,-4.310000000000000000e+02
4.630000000000000000e+02,-4.670000000000000000e+02
4.560000000000000000e+02,-4.960000000000000000e+02
4.560000000000000000e+02,-5.210000000000000000e+02
