-1.014202738973684292e+00,-1.102794437974336628e+00
-1.102399191388609978e+00,-1.102794437974336628e+00
-1.102399191388609978e+00,-1.102794437974336628e+00
-1.102399191388609978e+00,-1.102794437974336628e+00
-1.158524206561744485e+00,-1.166937312457918985e+00
-1.158524206561744485e+00,-1.166937312457918985e+00
-1.102399191388609978e+00,-1.146892664181799582e+00
-1.014202738973684292e+00,-1.042660493145978196e+00
-9.460509348348781211e-01,-9.223926034892614423e-01
-8.137562562124895926e-01,-6.858657538310516388e-01
-6.934883665557727284e-01,-4.292942558967223210e-01
-5.371401100020408714e-01,-2.840129037433283127e-02
-3.928186424139806232e-01,3.885273937689522339e-01
-2.284525265498009439e-01,9.056793192928347391e-01
-8.813998861696460685e-02,1.402786596540597674e+00
3.212790103975223660e-02,1.964036748271942967e+00
1.123064941442301345e-01,2.485197603451049453e+00
1.604136500069168747e-01,2.990322740009260016e+00
1.604136500069168747e-01,3.463376439325679623e+00
1.363600720755735185e-01,3.824180108295830216e+00
7.221719759199118904e-02,4.140885551058517855e+00
7.221719759199118904e-02,4.140885551058517855e+00
-1.723275113766664091e-01,4.393448119337623581e+00
-1.723275113766664091e-01,4.393448119337623581e+00
-4.810150948289063089e-01,4.056698028298815650e+00
-6.253365624169665571e-01,3.663822922086874545e+00
-7.616401706945788996e-01,3.130635277942096284e+00
-8.698812713856240997e-01,2.513260111037616706e+00
-9.340241458692064569e-01,1.843768858615226103e+00
-9.660955831109976355e-01,1.178286535848059646e+00
-9.540687941453258603e-01,5.368577910122364072e-01
-9.059616382826392034e-01,-4.042807934000451631e-02
-8.378098341438329211e-01,-4.894282007250807531e-01
-7.536223113841311605e-01,-8.502318696952312349e-01
-6.694347886244293999e-01,-1.090767649008665074e+00
-5.852472658647275283e-01,-1.203017679354934089e+00
-5.010597431050257677e-01,-1.267160553838516446e+00
-4.208811500005478767e-01,-1.239098046251949192e+00
-3.567382755169655750e-01,-1.154910523492247210e+00
-2.885864713781593482e-01,-1.006580126248963092e+00
-2.164257375841292519e-01,-8.502318696952312349e-01
-1.482739334453230251e-01,-6.497853869340365351e-01
-6.408641068562123677e-02,-4.533478338280657050e-01
1.208325276363276385e-02,-2.569102807220948193e-01
8.424398655766286714e-02,-7.249951658179568104e-02
1.604136500069168747e-01,4.375944341969727897e-02
2.205475948352753068e-01,1.159201772137273823e-01
2.726636803531859443e-01,1.079023179032796015e-01
2.726636803531859443e-01,1.079023179032796015e-01
3.568512031128877049e-01,-4.844593865045230402e-02
3.809047810442310888e-01,-2.168209841698559015e-01
4.009494293203505477e-01,-4.453299745176179103e-01
4.169851479412461370e-01,-6.978925427967233031e-01
4.370297962173656514e-01,-9.544640407310525099e-01
4.610833741487089799e-01,-1.231080186941501342e+00
4.891458817352762334e-01,-1.483642755220606624e+00
5.292351782875152066e-01,-1.728187464189264277e+00
5.773423341502019746e-01,-1.912598228329563499e+00
6.294584196681125565e-01,-2.097008992469862498e+00
7.096370127725905030e-01,-2.185205444884788406e+00
8.098602541531878529e-01,-2.229303671092251360e+00
9.461638624308003065e-01,-2.185205444884788406e+00
1.102512118984532163e+00,-2.072955414538519392e+00
1.270887164503935685e+00,-1.912598228329563499e+00
1.439262210023339428e+00,-1.708142815913144874e+00
1.595610466577071174e+00,-1.539767770393741131e+00
1.772003371406922545e+00,-1.311258780045979178e+00
1.916324838994982960e+00,-1.190990890389262313e+00
2.008530221065132348e+00,-1.050678352456426046e+00
2.060646306583043152e+00,-9.825265483176198744e-01
2.060646306583043152e+00,-9.825265483176198744e-01
