9.440000000000000000e+02,-1.216000000000000000e+03
9.440000000000000000e+02,-1.216000000000000000e+03
9.350000000000000000e+02,-1.255000000000000000e+03
9.330000000000000000e+02,-1.293000000000000000e+03
9.390000000000000000e+02,-1.338000000000000000e+03
9.360000000000000000e+02,-1.400000000000000000e+03
9.420000000000000000e+02,-1.459000000000000000e+03
9.500000000000000000e+02,-1.527000000000000000e+03
9.570000000000000000e+02,-1.592000000000000000e+03
9.720000000000000000e+02,-1.641000000000000000e+03
9.860000000000000000e+02,-1.683000000000000000e+03
9.950000000000000000e+02,-1.720000000000000000e+03
1.005000000000000000e+03,-1.744000000000000000e+03
1.013000000000000000e+03,-1.757000000000000000e+03
