4.350000000000000000e+02,-8.200000000000000000e+02
4.580000000000000000e+02,-8.190000000000000000e+02
4.810000000000000000e+02,-8.220000000000000000e+02
5.140000000000000000e+02,-8.180000000000000000e+02
5.550000000000000000e+02,-8.130000000000000000e+02
5.980000000000000000e+02,-8.100000000000000000e+02
6.450000000000000000e+02,-8.040000000000000000e+02
6.920000000000000000e+02,-7.970000000000000000e+02
7.320000000000000000e+02,-7.920000000000000000e+02
7.630000000000000000e+02,-7.840000000000000000e+02
7.930000000000000000e+02,-7.730000000000000000e+02
8.090000000000000000e+02,-7.690000000000000000e+02
8.210000000000000000e+02,-7.590000000000000000e+02
