5.690000000000000000e+02,-1.078000000000000000e+03
5.690000000000000000e+02,-1.078000000000000000e+03
5.530000000000000000e+02,-1.071000000000000000e+03
5.410000000000000000e+02,-1.072000000000000000e+03
5.290000000000000000e+02,-1.075000000000000000e+03
5.150000000000000000e+02,-1.084000000000000000e+03
5.030000000000000000e+02,-1.095000000000000000e+03
4.940000000000000000e+02,-1.111000000000000000e+03
4.900000000000000000e+02,-1.126000000000000000e+03
4.890000000000000000e+02,-1.146000000000000000e+03
4.950000000000000000e+02,-1.163000000000000000e+03
5.070000000000000000e+02,-1.181000000000000000e+03
5.300000000000000000e+02,-1.196000000000000000e+03
5.570000000000000000e+02,-1.208000000000000000e+03
5.920000000000000000e+02,-1.214000000000000000e+03
6.320000000000000000e+02,-1.217000000000000000e+03
6.760000000000000000e+02,-1.214000000000000000e+03
7.260000000000000000e+02,-1.204000000000000000e+03
7.740000000000000000e+02,-1.190000000000000000e+03
8.200000000000000000e+02,-1.171000000000000000e+03
8.610000000000000000e+02,-1.151000000000000000e+03
8.980000000000000000e+02,-1.128000000000000000e+03
9.290000000000000000e+02,-1.107000000000000000e+03
9.500000000000000000e+02,-1.086000000000000000e+03
9.660000000000000000e+02,-1.068000000000000000e+03
9.740000000000000000e+02,-1.056000000000000000e+03
9.740000000000000000e+02,-1.056000000000000000e+03
9.740000000000000000e+02,-1.056000000000000000e+03
9.740000000000000000e+02,-1.056000000000000000e+03
9.740000000000000000e+02,-1.068000000000000000e+03
9.720000000000000000e+02,-1.086000000000000000e+03
9.730000000000000000e+02,-1.110000000000000000e+03
9.760000000000000000e+02,-1.139000000000000000e+03
9.850000000000000000e+02,-1.169000000000000000e+03
9.940000000000000000e+02,-1.207000000000000000e+03
1.011000000000000000e+03,-1.245000000000000000e+03
1.039000000000000000e+03,-1.277000000000000000e+03
1.066000000000000000e+03,-1.312000000000000000e+03
1.103000000000000000e+03,-1.335000000000000000e+03
