-9.884934778000500355e-01,-2.493053129342359675e-02
-9.884934778000500355e-01,-2.493053129342359675e-02
-9.884934778000500355e-01,-2.493053129342359675e-02
-9.884934778000500355e-01,-2.493053129342359675e-02
-9.123238143507960141e-01,-6.101089819043865187e-02
-8.441720102119898428e-01,-7.303768715611033691e-02
-7.519666281418402320e-01,-8.506447612178201501e-02
-6.517433867612428822e-01,-1.211448430187970771e-01
-5.194487081388543537e-01,-1.331716319844687690e-01
-3.791361702060179750e-01,-1.411894912949165359e-01
-2.267968433075099877e-01,-1.331716319844687690e-01
-6.643965709855419177e-02,-1.171359133635731797e-01
9.792645876562550145e-02,-9.308233543222980966e-02
2.141854187671184406e-01,-1.051091243979015016e-01
3.745426049760742782e-01,-4.898410922476696683e-02
4.547211980805521692e-01,-4.898410922476696683e-02
5.589533691163733886e-01,-8.769533620802269979e-04
