1.304477074598032305e+00,1.251824078858440270e+00
1.304477074598032305e+00,1.251824078858440270e+00
1.304477074598032305e+00,1.251824078858440270e+00
1.212271692527882694e+00,1.187681204374858135e+00
1.212271692527882694e+00,1.187681204374858135e+00
1.148128818044300337e+00,1.107502611270380077e+00
1.148128818044300337e+00,1.107502611270380077e+00
1.112048451147285233e+00,1.047368666442021645e+00
1.112048451147285233e+00,1.047368666442021645e+00
1.112048451147285233e+00,1.047368666442021645e+00
1.112048451147285233e+00,1.047368666442021645e+00
1.220289551838330544e+00,1.143582978167395181e+00
