-3.331364079693217590e-03,1.618873551336961869e+00
6.081151040388910189e-02,1.759186089269798137e+00
8.085615868000857465e-02,1.827337893408604419e+00
1.049097366113519447e-01,1.891480767892186554e+00
1.049097366113519447e-01,1.891480767892186554e+00
9.689187730090415007e-02,1.811302174787708719e+00
9.288294764568026662e-02,1.707070003751887555e+00
5.680258074866520457e-02,1.506623520990692633e+00
2.874007316209794063e-02,1.286132389953378530e+00
-3.139387166626048109e-02,9.894715954668102942e-01
-8.350995718417111857e-02,6.687572230488987302e-01
-1.717064095990968042e-01,2.879089058026286785e-01
-2.639117916692463872e-01,-8.893048178841744811e-02
-3.521082440841720729e-01,-4.577520100690157800e-01
-4.643582744304411425e-01,-8.185556790391663728e-01
-5.485457971901429586e-01,-1.115216473525734608e+00
-6.046708123632774656e-01,-1.383814760425735590e+00
-6.327333199498447192e-01,-1.576243383876482440e+00
-6.327333199498447192e-01,-1.576243383876482440e+00
