3.951448678549731031e-01,8.123388488136771279e-01
3.951448678549731031e-01,8.123388488136771279e-01
3.951448678549731031e-01,8.123388488136771279e-01
3.951448678549731031e-01,8.123388488136771279e-01
3.951448678549731031e-01,8.123388488136771279e-01
3.951448678549731031e-01,8.123388488136771279e-01
4.392430940624359459e-01,8.043209895032293888e-01
4.392430940624359459e-01,8.043209895032293888e-01
4.953681092355704529e-01,8.283745674345727172e-01
4.953681092355704529e-01,8.283745674345727172e-01
5.514931244087050155e-01,8.283745674345727172e-01
5.514931244087050155e-01,8.283745674345727172e-01
5.875734913057200082e-01,8.283745674345727172e-01
5.875734913057200082e-01,8.283745674345727172e-01
5.875734913057200082e-01,8.283745674345727172e-01
5.875734913057200082e-01,8.283745674345727172e-01
5.875734913057200082e-01,8.283745674345727172e-01
5.514931244087050155e-01,8.163477784689010530e-01
5.514931244087050155e-01,8.163477784689010530e-01
5.033859685460182476e-01,8.243656377793487922e-01
5.033859685460182476e-01,8.243656377793487922e-01
4.352341644072120208e-01,8.163477784689010530e-01
4.352341644072120208e-01,8.163477784689010530e-01
3.630734306131819245e-01,8.123388488136771279e-01
3.229841340609430067e-01,8.123388488136771279e-01
2.628501892325845746e-01,8.123388488136771279e-01
2.227608926803456013e-01,8.243656377793487922e-01
1.706448071624349638e-01,8.283745674345727172e-01
1.105108623340765595e-01,8.323834970897966423e-01
3.835012854004644228e-02,8.243656377793487922e-01
-3.381060525398366101e-02,8.163477784689010530e-01
-1.220070576689093467e-01,8.043209895032293888e-01
-2.182213693942828270e-01,7.642316929509903600e-01
-3.144356811196563073e-01,7.161245370883037031e-01
-4.146589225002536572e-01,6.840530998465125245e-01
-5.188910935360749876e-01,6.279280846733780175e-01
-6.110964756062244874e-01,5.677941398450195853e-01
-6.992929280211501730e-01,4.996423357062133586e-01
-7.754625914704041945e-01,4.314905315674071318e-01
-8.355965362987626266e-01,3.713565867390486996e-01
-8.716769031957777303e-01,3.232494308763619872e-01
-8.917215514718971336e-01,2.671244157032274247e-01
-8.957304811271210587e-01,2.069904708748690203e-01
-8.796947625062254694e-01,1.548743853569583828e-01
-8.436143956092104768e-01,1.187940184599433346e-01
-7.914983100912997838e-01,9.073151087337606724e-02
-7.233465059524936125e-01,6.266900328680879984e-02
-6.511857721584635161e-01,4.663328466591322441e-02
-5.669982493987616445e-01,1.055291776889816756e-02
-4.707839376733882197e-01,-1.750958981766909811e-02
-3.665517666375669448e-01,-5.358995671468415323e-02
-2.583106659465218002e-01,-9.367925326692309873e-02
-1.460606356002527306e-01,-1.457953387848337223e-01
-2.980167559875977062e-02,-2.019203539579682571e-01
9.046621405795707282e-02,-2.620542987863266893e-01
2.067251740594500398e-01,-3.302061029251329161e-01
3.149662747504952121e-01,-4.023668367191630124e-01
4.232073754415403566e-01,-4.625007815475214445e-01
5.154127575116899118e-01,-5.266436560311037463e-01
5.875734913057200082e-01,-5.947954601699099175e-01
6.557252954445262905e-01,-6.589383346534922747e-01
6.998235216519891333e-01,-7.270901387922984460e-01
7.198681699281085367e-01,-7.872240836206568781e-01
7.118503106176607975e-01,-8.473580284490153103e-01
6.797788733758696189e-01,-8.954651843117020782e-01
6.236538582027351119e-01,-9.355544808639409959e-01
5.595109837191527546e-01,-9.796527070714038388e-01
4.793323906146748636e-01,-1.007715214657971092e+00
3.871270085445253084e-01,-1.019742003623642868e+00
2.869037671639279030e-01,-1.043795581554986196e+00
1.706448071624349638e-01,-1.047804511210210121e+00
5.438584716094202465e-02,-1.043795581554986196e+00
-6.187311284055092842e-02,-1.039786651899762271e+00
-1.861499321524916761e-01,-1.031768792589314421e+00
-3.104267514644324377e-01,-1.023750933278866793e+00
-4.226767818107014518e-01,-9.956884256922994281e-01
-5.389357418121943910e-01,-9.716348477609560996e-01
-6.151054052614484124e-01,-9.355544808639409959e-01
-7.033018576763740981e-01,-9.074919732773737424e-01
-7.433911542286130159e-01,-8.834383953460304140e-01
-7.955072397465237088e-01,-8.714116063803587497e-01
-7.955072397465237088e-01,-8.714116063803587497e-01
-8.115429583674192981e-01,-8.313223098281197210e-01
-8.115429583674192981e-01,-8.313223098281197210e-01
-7.634358025047325302e-01,-8.112776615520003176e-01
