3.754842564399842875e-01,1.677087727034649367e+00
4.356182012683427196e-01,1.749248460828679574e+00
4.356182012683427196e-01,1.749248460828679574e+00
5.759307392011790983e-01,1.869516350485396439e+00
6.601182619608808588e-01,1.945686013934650349e+00
7.843950812728216482e-01,2.033882466349576035e+00
9.126808302399862516e-01,2.126087848419725645e+00
1.057002297828046444e+00,2.214284300834651553e+00
1.189296976450435084e+00,2.306489682904800720e+00
1.329609514383271351e+00,2.386668276009278777e+00
1.485957770937003097e+00,2.474864728424204685e+00
1.566136364041481155e+00,2.510945095321219789e+00
1.706448901974317423e+00,2.603150477391368955e+00
1.706448901974317423e+00,2.603150477391368955e+00
