1.800000000000000000e+02,-1.112000000000000000e+03
1.800000000000000000e+02,-1.112000000000000000e+03
1.800000000000000000e+02,-1.125000000000000000e+03
1.890000000000000000e+02,-1.131000000000000000e+03
2.030000000000000000e+02,-1.137000000000000000e+03
2.180000000000000000e+02,-1.141000000000000000e+03
2.420000000000000000e+02,-1.140000000000000000e+03
2.630000000000000000e+02,-1.138000000000000000e+03
2.920000000000000000e+02,-1.128000000000000000e+03
3.190000000000000000e+02,-1.113000000000000000e+03
3.480000000000000000e+02,-1.089000000000000000e+03
3.710000000000000000e+02,-1.059000000000000000e+03
3.930000000000000000e+02,-1.025000000000000000e+03
4.120000000000000000e+02,-9.900000000000000000e+02
4.260000000000000000e+02,-9.560000000000000000e+02
4.350000000000000000e+02,-9.260000000000000000e+02
4.420000000000000000e+02,-9.000000000000000000e+02
4.440000000000000000e+02,-8.800000000000000000e+02
4.430000000000000000e+02,-8.680000000000000000e+02
4.430000000000000000e+02,-8.680000000000000000e+02
4.330000000000000000e+02,-8.880000000000000000e+02
4.240000000000000000e+02,-9.210000000000000000e+02
4.130000000000000000e+02,-9.660000000000000000e+02
4.020000000000000000e+02,-1.020000000000000000e+03
3.890000000000000000e+02,-1.086000000000000000e+03
3.770000000000000000e+02,-1.160000000000000000e+03
3.640000000000000000e+02,-1.235000000000000000e+03
3.510000000000000000e+02,-1.308000000000000000e+03
3.370000000000000000e+02,-1.371000000000000000e+03
3.260000000000000000e+02,-1.424000000000000000e+03
3.180000000000000000e+02,-1.465000000000000000e+03
3.120000000000000000e+02,-1.492000000000000000e+03
3.120000000000000000e+02,-1.503000000000000000e+03
3.120000000000000000e+02,-1.503000000000000000e+03
3.300000000000000000e+02,-1.485000000000000000e+03
3.510000000000000000e+02,-1.461000000000000000e+03
3.810000000000000000e+02,-1.426000000000000000e+03
4.200000000000000000e+02,-1.390000000000000000e+03
4.630000000000000000e+02,-1.349000000000000000e+03
5.120000000000000000e+02,-1.308000000000000000e+03
5.560000000000000000e+02,-1.275000000000000000e+03
5.990000000000000000e+02,-1.243000000000000000e+03
6.400000000000000000e+02,-1.211000000000000000e+03
6.710000000000000000e+02,-1.185000000000000000e+03
6.990000000000000000e+02,-1.162000000000000000e+03
