-3.455407560659245481e-01,1.530058718291356312e+00
-3.455407560659245481e-01,1.530058718291356312e+00
-3.455407560659245481e-01,1.530058718291356312e+00
-3.455407560659245481e-01,1.530058718291356312e+00
-3.455407560659245481e-01,1.530058718291356312e+00
-3.455407560659245481e-01,1.530058718291356312e+00
-3.455407560659245481e-01,1.530058718291356312e+00
-3.455407560659245481e-01,1.530058718291356312e+00
-6.502194098629405783e-01,1.489969421739117283e+00
-6.502194098629405783e-01,1.489969421739117283e+00
-7.985498071062246961e-01,1.197317556907772973e+00
-7.985498071062246961e-01,1.197317556907772973e+00
-8.867462595211503817e-01,8.846210438003091481e-01
-8.867462595211503817e-01,8.846210438003091481e-01
-8.546748222793592031e-01,6.320584755212037553e-01
-8.546748222793592031e-01,6.320584755212037553e-01
-8.546748222793592031e-01,6.320584755212037553e-01
-8.546748222793592031e-01,6.320584755212037553e-01
-5.540050981375670425e-01,6.080048975898604269e-01
-5.540050981375670425e-01,6.080048975898604269e-01
-5.540050981375670425e-01,6.080048975898604269e-01
-3.816211229629395962e-01,9.367371293182198411e-01
-3.816211229629395962e-01,9.367371293182198411e-01
-3.896389822733873909e-01,1.193308627252549048e+00
-3.896389822733873909e-01,1.193308627252549048e+00
-3.896389822733873909e-01,1.193308627252549048e+00
-3.896389822733873909e-01,1.193308627252549048e+00
-3.896389822733873909e-01,1.193308627252549048e+00
-6.502194098629405783e-01,1.421817617600311001e+00
-6.502194098629405783e-01,1.421817617600311001e+00
-6.502194098629405783e-01,1.421817617600311001e+00
