1.263000000000000000e+03,-1.637000000000000000e+03
1.263000000000000000e+03,-1.637000000000000000e+03
1.337000000000000000e+03,-1.613000000000000000e+03
1.337000000000000000e+03,-1.613000000000000000e+03
1.337000000000000000e+03,-1.613000000000000000e+03
1.337000000000000000e+03,-1.613000000000000000e+03
1.337000000000000000e+03,-1.613000000000000000e+03
1.259000000000000000e+03,-1.555000000000000000e+03
1.259000000000000000e+03,-1.555000000000000000e+03
1.150000000000000000e+03,-1.560000000000000000e+03
1.085000000000000000e+03,-1.575000000000000000e+03
1.025000000000000000e+03,-1.596000000000000000e+03
1.025000000000000000e+03,-1.596000000000000000e+03
9.440000000000000000e+02,-1.656000000000000000e+03
9.440000000000000000e+02,-1.656000000000000000e+03
9.480000000000000000e+02,-1.720000000000000000e+03
9.480000000000000000e+02,-1.720000000000000000e+03
1.033000000000000000e+03,-1.757000000000000000e+03
1.102000000000000000e+03,-1.756000000000000000e+03
1.182000000000000000e+03,-1.744000000000000000e+03
1.259000000000000000e+03,-1.718000000000000000e+03
1.322000000000000000e+03,-1.683000000000000000e+03
1.322000000000000000e+03,-1.683000000000000000e+03
1.396000000000000000e+03,-1.581000000000000000e+03
1.396000000000000000e+03,-1.581000000000000000e+03
1.378000000000000000e+03,-1.485000000000000000e+03
1.378000000000000000e+03,-1.485000000000000000e+03
