6.372779061662550149e-01,1.392375771491789704e+00
6.372779061662550149e-01,1.392375771491789704e+00
6.372779061662550149e-01,1.392375771491789704e+00
6.372779061662550149e-01,1.392375771491789704e+00
6.853850620289417828e-01,1.500616872182834793e+00
7.815993737543153186e-01,1.640929410115671283e+00
8.858315447901364825e-01,1.809304455635074804e+00
1.046188730999092265e+00,2.037813445982836758e+00
1.210554846863272083e+00,2.290376014261942039e+00
1.402983470314018932e+00,2.575010019782838722e+00
1.579376375143870304e+00,2.847617236338063407e+00
1.759778209628945600e+00,3.108197663927616539e+00
1.928153255148349121e+00,3.336706654275378714e+00
2.052430074460290133e+00,3.509090629450006382e+00
2.160671175151334999e+00,3.653412097038066353e+00
2.248867627566260907e+00,3.761653197729111664e+00
2.248867627566260907e+00,3.761653197729111664e+00
2.333055150325962668e+00,3.753635338418663814e+00
