8.670000000000000000e+02,-1.597000000000000000e+03
8.670000000000000000e+02,-1.597000000000000000e+03
8.670000000000000000e+02,-1.597000000000000000e+03
8.670000000000000000e+02,-1.597000000000000000e+03
8.670000000000000000e+02,-1.597000000000000000e+03
8.670000000000000000e+02,-1.597000000000000000e+03
8.670000000000000000e+02,-1.597000000000000000e+03
9.290000000000000000e+02,-1.612000000000000000e+03
9.290000000000000000e+02,-1.612000000000000000e+03
9.920000000000000000e+02,-1.613000000000000000e+03
9.920000000000000000e+02,-1.613000000000000000e+03
1.057000000000000000e+03,-1.615000000000000000e+03
1.057000000000000000e+03,-1.615000000000000000e+03
1.057000000000000000e+03,-1.615000000000000000e+03
1.138000000000000000e+03,-1.625000000000000000e+03
1.138000000000000000e+03,-1.625000000000000000e+03
