-5.993067515569917569e-01,1.488668033239126887e+00
-5.993067515569917569e-01,1.488668033239126887e+00
-5.993067515569917569e-01,1.488668033239126887e+00
-5.271460177629616606e-01,1.496685892549574515e+00
-4.469674246584837696e-01,1.540784118757037469e+00
-3.427352536226624946e-01,1.536775189101813544e+00
-2.144495046554978357e-01,1.536775189101813544e+00
-8.616375568833320453e-02,1.528757329791365693e+00
3.811306362360754318e-02,1.508712681515246290e+00
1.543720236251004962e-01,1.488668033239126887e+00
2.786488429370412301e-01,1.492676962894350812e+00
3.588274360415191211e-01,1.480650173928679036e+00
4.510328181116687318e-01,1.496685892549574515e+00
