1.333000000000000000e+03,-1.001000000000000000e+03
1.333000000000000000e+03,-1.001000000000000000e+03
1.333000000000000000e+03,-1.001000000000000000e+03
1.310000000000000000e+03,-1.020000000000000000e+03
1.298000000000000000e+03,-1.050000000000000000e+03
1.286000000000000000e+03,-1.090000000000000000e+03
1.263000000000000000e+03,-1.147000000000000000e+03
1.250000000000000000e+03,-1.204000000000000000e+03
1.224000000000000000e+03,-1.278000000000000000e+03
1.207000000000000000e+03,-1.346000000000000000e+03
1.188000000000000000e+03,-1.426000000000000000e+03
1.177000000000000000e+03,-1.500000000000000000e+03
1.162000000000000000e+03,-1.575000000000000000e+03
1.155000000000000000e+03,-1.646000000000000000e+03
1.149000000000000000e+03,-1.712000000000000000e+03
1.143000000000000000e+03,-1.777000000000000000e+03
1.141000000000000000e+03,-1.836000000000000000e+03
1.138000000000000000e+03,-1.893000000000000000e+03
1.141000000000000000e+03,-1.940000000000000000e+03
1.138000000000000000e+03,-1.986000000000000000e+03
1.140000000000000000e+03,-2.023000000000000000e+03
1.152000000000000000e+03,-2.044000000000000000e+03
1.155000000000000000e+03,-2.068000000000000000e+03
1.170000000000000000e+03,-2.072000000000000000e+03
