9.930000000000000000e+02,-7.720000000000000000e+02
9.860000000000000000e+02,-7.430000000000000000e+02
9.860000000000000000e+02,-7.430000000000000000e+02
9.590000000000000000e+02,-7.230000000000000000e+02
9.470000000000000000e+02,-7.080000000000000000e+02
9.210000000000000000e+02,-7.050000000000000000e+02
9.010000000000000000e+02,-6.980000000000000000e+02
8.710000000000000000e+02,-7.040000000000000000e+02
8.460000000000000000e+02,-7.070000000000000000e+02
8.190000000000000000e+02,-7.230000000000000000e+02
7.940000000000000000e+02,-7.430000000000000000e+02
7.760000000000000000e+02,-7.660000000000000000e+02
7.610000000000000000e+02,-7.960000000000000000e+02
7.540000000000000000e+02,-8.270000000000000000e+02
7.520000000000000000e+02,-8.580000000000000000e+02
7.600000000000000000e+02,-8.850000000000000000e+02
7.750000000000000000e+02,-9.070000000000000000e+02
7.910000000000000000e+02,-9.270000000000000000e+02
8.170000000000000000e+02,-9.370000000000000000e+02
8.440000000000000000e+02,-9.400000000000000000e+02
8.710000000000000000e+02,-9.340000000000000000e+02
8.980000000000000000e+02,-9.210000000000000000e+02
9.260000000000000000e+02,-9.010000000000000000e+02
9.450000000000000000e+02,-8.800000000000000000e+02
9.600000000000000000e+02,-8.520000000000000000e+02
9.690000000000000000e+02,-8.260000000000000000e+02
9.770000000000000000e+02,-7.960000000000000000e+02
9.750000000000000000e+02,-7.700000000000000000e+02
9.740000000000000000e+02,-7.490000000000000000e+02
9.660000000000000000e+02,-7.350000000000000000e+02
9.660000000000000000e+02,-7.350000000000000000e+02
9.510000000000000000e+02,-7.350000000000000000e+02
9.470000000000000000e+02,-7.510000000000000000e+02
9.440000000000000000e+02,-7.690000000000000000e+02
9.440000000000000000e+02,-7.970000000000000000e+02
9.510000000000000000e+02,-8.320000000000000000e+02
9.600000000000000000e+02,-8.680000000000000000e+02
9.800000000000000000e+02,-9.010000000000000000e+02
9.950000000000000000e+02,-9.400000000000000000e+02
1.018000000000000000e+03,-9.750000000000000000e+02
1.045000000000000000e+03,-9.990000000000000000e+02
1.067000000000000000e+03,-1.017000000000000000e+03
1.090000000000000000e+03,-1.026000000000000000e+03
