-1.998569342824854378e-01,1.479766681560584329e+00
-1.998569342824854378e-01,1.479766681560584329e+00
-1.998569342824854378e-01,1.479766681560584329e+00
-1.998569342824854378e-01,1.479766681560584329e+00
-1.998569342824854378e-01,1.479766681560584329e+00
-1.998569342824854378e-01,1.479766681560584329e+00
-1.998569342824854378e-01,1.479766681560584329e+00
-1.717944266959181565e-01,1.391570229145658644e+00
-1.517497784197986976e-01,1.287338058109837258e+00
-1.477408487645748003e-01,1.147025520177000990e+00
-1.397229894541270057e-01,9.906772636232691331e-01
-1.517497784197986976e-01,7.862218512068505083e-01
-1.597676377302464923e-01,5.817664387904318835e-01
-1.878301453168137458e-01,3.452395891322220245e-01
-1.998569342824854378e-01,1.167305987844600434e-01
-2.439551604899482806e-01,-1.318230398394214520e-01
-2.720176680765155619e-01,-3.322695226006162073e-01
-3.080980349735306101e-01,-5.246981460513631124e-01
-3.281426832496500690e-01,-6.810464026050950803e-01
-3.521962611809934529e-01,-8.213589405379313479e-01
-3.682319798018890422e-01,-9.255911115737526229e-01
-3.762498391123367814e-01,-1.009778634333454495e+00
-3.521962611809934529e-01,-1.061894719851365076e+00
-3.521962611809934529e-01,-1.061894719851365076e+00
-2.239105122138287940e-01,-1.105992946058827808e+00
-1.116604818675597383e-01,-1.105992946058827808e+00
4.869670434139605764e-02,-1.085948297782708405e+00
2.210806795160235316e-01,-1.069912579161812927e+00
4.295450215876660538e-01,-1.049867930885693301e+00
6.500361526249802679e-01,-1.021805423299126048e+00
8.825540726279661463e-01,-1.009778634333454495e+00
1.074982696078713218e+00,-1.013787563988678420e+00
1.279438108495131843e+00,-9.897339860573349801e-01
1.411732787117520260e+00,-1.001760775023006644e+00
