2.410000000000000000e+02,-8.960000000000000000e+02
2.410000000000000000e+02,-8.960000000000000000e+02
2.410000000000000000e+02,-8.960000000000000000e+02
2.410000000000000000e+02,-8.960000000000000000e+02
2.410000000000000000e+02,-8.960000000000000000e+02
2.410000000000000000e+02,-8.960000000000000000e+02
2.410000000000000000e+02,-8.960000000000000000e+02
2.410000000000000000e+02,-8.960000000000000000e+02
3.050000000000000000e+02,-8.700000000000000000e+02
3.050000000000000000e+02,-8.700000000000000000e+02
3.690000000000000000e+02,-8.670000000000000000e+02
3.690000000000000000e+02,-8.670000000000000000e+02
4.410000000000000000e+02,-8.610000000000000000e+02
4.410000000000000000e+02,-8.610000000000000000e+02
5.090000000000000000e+02,-8.410000000000000000e+02
5.090000000000000000e+02,-8.410000000000000000e+02
5.650000000000000000e+02,-8.350000000000000000e+02
5.650000000000000000e+02,-8.350000000000000000e+02
