3.470000000000000000e+02,-1.587000000000000000e+03
3.770000000000000000e+02,-1.589000000000000000e+03
4.210000000000000000e+02,-1.581000000000000000e+03
4.730000000000000000e+02,-1.569000000000000000e+03
5.290000000000000000e+02,-1.558000000000000000e+03
5.920000000000000000e+02,-1.539000000000000000e+03
6.540000000000000000e+02,-1.525000000000000000e+03
7.180000000000000000e+02,-1.504000000000000000e+03
7.700000000000000000e+02,-1.480000000000000000e+03
8.170000000000000000e+02,-1.456000000000000000e+03
8.500000000000000000e+02,-1.429000000000000000e+03
8.730000000000000000e+02,-1.396000000000000000e+03
8.860000000000000000e+02,-1.368000000000000000e+03
8.910000000000000000e+02,-1.335000000000000000e+03
8.830000000000000000e+02,-1.307000000000000000e+03
8.700000000000000000e+02,-1.275000000000000000e+03
8.500000000000000000e+02,-1.252000000000000000e+03
8.230000000000000000e+02,-1.230000000000000000e+03
7.930000000000000000e+02,-1.216000000000000000e+03
7.600000000000000000e+02,-1.209000000000000000e+03
7.210000000000000000e+02,-1.204000000000000000e+03
6.750000000000000000e+02,-1.210000000000000000e+03
6.290000000000000000e+02,-1.222000000000000000e+03
5.790000000000000000e+02,-1.248000000000000000e+03
5.340000000000000000e+02,-1.275000000000000000e+03
4.910000000000000000e+02,-1.307000000000000000e+03
4.540000000000000000e+02,-1.344000000000000000e+03
4.220000000000000000e+02,-1.388000000000000000e+03
3.980000000000000000e+02,-1.435000000000000000e+03
3.860000000000000000e+02,-1.486000000000000000e+03
3.860000000000000000e+02,-1.536000000000000000e+03
4.020000000000000000e+02,-1.582000000000000000e+03
4.300000000000000000e+02,-1.629000000000000000e+03
4.700000000000000000e+02,-1.671000000000000000e+03
5.250000000000000000e+02,-1.705000000000000000e+03
5.880000000000000000e+02,-1.730000000000000000e+03
6.620000000000000000e+02,-1.745000000000000000e+03
7.450000000000000000e+02,-1.750000000000000000e+03
8.310000000000000000e+02,-1.739000000000000000e+03
9.180000000000000000e+02,-1.714000000000000000e+03
9.860000000000000000e+02,-1.699000000000000000e+03
1.057000000000000000e+03,-1.667000000000000000e+03
