6.720000000000000000e+02,-1.331000000000000000e+03
6.720000000000000000e+02,-1.331000000000000000e+03
6.720000000000000000e+02,-1.331000000000000000e+03
6.660000000000000000e+02,-1.344000000000000000e+03
6.620000000000000000e+02,-1.359000000000000000e+03
6.660000000000000000e+02,-1.376000000000000000e+03
6.590000000000000000e+02,-1.408000000000000000e+03
6.650000000000000000e+02,-1.439000000000000000e+03
6.570000000000000000e+02,-1.489000000000000000e+03
6.630000000000000000e+02,-1.536000000000000000e+03
6.600000000000000000e+02,-1.596000000000000000e+03
6.650000000000000000e+02,-1.653000000000000000e+03
6.680000000000000000e+02,-1.715000000000000000e+03
6.780000000000000000e+02,-1.766000000000000000e+03
6.870000000000000000e+02,-1.815000000000000000e+03
7.040000000000000000e+02,-1.851000000000000000e+03
7.220000000000000000e+02,-1.876000000000000000e+03
7.450000000000000000e+02,-1.890000000000000000e+03
7.720000000000000000e+02,-1.890000000000000000e+03
8.020000000000000000e+02,-1.876000000000000000e+03
8.320000000000000000e+02,-1.855000000000000000e+03
8.640000000000000000e+02,-1.825000000000000000e+03
8.970000000000000000e+02,-1.793000000000000000e+03
9.320000000000000000e+02,-1.754000000000000000e+03
9.650000000000000000e+02,-1.715000000000000000e+03
9.990000000000000000e+02,-1.674000000000000000e+03
1.025000000000000000e+03,-1.640000000000000000e+03
1.055000000000000000e+03,-1.610000000000000000e+03
1.079000000000000000e+03,-1.584000000000000000e+03
1.099000000000000000e+03,-1.563000000000000000e+03
1.117000000000000000e+03,-1.545000000000000000e+03
1.131000000000000000e+03,-1.531000000000000000e+03
1.131000000000000000e+03,-1.531000000000000000e+03
1.141000000000000000e+03,-1.516000000000000000e+03
1.141000000000000000e+03,-1.516000000000000000e+03
1.141000000000000000e+03,-1.516000000000000000e+03
1.141000000000000000e+03,-1.516000000000000000e+03
1.141000000000000000e+03,-1.516000000000000000e+03
1.116000000000000000e+03,-1.519000000000000000e+03
1.102000000000000000e+03,-1.527000000000000000e+03
