1.305000000000000000e+03,-1.162000000000000000e+03
1.305000000000000000e+03,-1.162000000000000000e+03
1.305000000000000000e+03,-1.162000000000000000e+03
1.310000000000000000e+03,-1.176000000000000000e+03
1.310000000000000000e+03,-1.176000000000000000e+03
1.324000000000000000e+03,-1.170000000000000000e+03
1.324000000000000000e+03,-1.170000000000000000e+03
1.324000000000000000e+03,-1.170000000000000000e+03
1.324000000000000000e+03,-1.170000000000000000e+03
1.337000000000000000e+03,-1.154000000000000000e+03
1.337000000000000000e+03,-1.154000000000000000e+03
1.354000000000000000e+03,-1.139000000000000000e+03
1.354000000000000000e+03,-1.139000000000000000e+03
1.366000000000000000e+03,-1.123000000000000000e+03
1.366000000000000000e+03,-1.123000000000000000e+03
