1.042000000000000000e+03,-1.141000000000000000e+03
1.055000000000000000e+03,-1.133000000000000000e+03
1.055000000000000000e+03,-1.133000000000000000e+03
1.078000000000000000e+03,-1.127000000000000000e+03
1.097000000000000000e+03,-1.114000000000000000e+03
1.111000000000000000e+03,-1.106000000000000000e+03
1.137000000000000000e+03,-1.084000000000000000e+03
1.152000000000000000e+03,-1.069000000000000000e+03
1.173000000000000000e+03,-1.044000000000000000e+03
1.186000000000000000e+03,-1.022000000000000000e+03
1.201000000000000000e+03,-9.920000000000000000e+02
1.206000000000000000e+03,-9.650000000000000000e+02
1.209000000000000000e+03,-9.360000000000000000e+02
1.203000000000000000e+03,-9.090000000000000000e+02
1.192000000000000000e+03,-8.830000000000000000e+02
1.174000000000000000e+03,-8.590000000000000000e+02
1.152000000000000000e+03,-8.360000000000000000e+02
1.123000000000000000e+03,-8.210000000000000000e+02
1.090000000000000000e+03,-8.120000000000000000e+02
1.051000000000000000e+03,-8.090000000000000000e+02
1.009000000000000000e+03,-8.110000000000000000e+02
9.630000000000000000e+02,-8.200000000000000000e+02
9.140000000000000000e+02,-8.380000000000000000e+02
8.620000000000000000e+02,-8.710000000000000000e+02
8.110000000000000000e+02,-9.160000000000000000e+02
7.600000000000000000e+02,-9.830000000000000000e+02
7.160000000000000000e+02,-1.067000000000000000e+03
6.830000000000000000e+02,-1.171000000000000000e+03
6.660000000000000000e+02,-1.286000000000000000e+03
6.740000000000000000e+02,-1.399000000000000000e+03
7.020000000000000000e+02,-1.509000000000000000e+03
7.540000000000000000e+02,-1.604000000000000000e+03
8.230000000000000000e+02,-1.676000000000000000e+03
9.040000000000000000e+02,-1.720000000000000000e+03
9.930000000000000000e+02,-1.732000000000000000e+03
1.084000000000000000e+03,-1.717000000000000000e+03
1.159000000000000000e+03,-1.686000000000000000e+03
1.212000000000000000e+03,-1.637000000000000000e+03
1.251000000000000000e+03,-1.585000000000000000e+03
1.266000000000000000e+03,-1.545000000000000000e+03
1.268000000000000000e+03,-1.512000000000000000e+03
