1.257000000000000000e+03,-1.246000000000000000e+03
1.257000000000000000e+03,-1.246000000000000000e+03
1.257000000000000000e+03,-1.246000000000000000e+03
1.226000000000000000e+03,-1.271000000000000000e+03
1.195000000000000000e+03,-1.295000000000000000e+03
1.139000000000000000e+03,-1.328000000000000000e+03
1.086000000000000000e+03,-1.352000000000000000e+03
1.017000000000000000e+03,-1.391000000000000000e+03
9.580000000000000000e+02,-1.420000000000000000e+03
8.930000000000000000e+02,-1.457000000000000000e+03
8.420000000000000000e+02,-1.480000000000000000e+03
8.000000000000000000e+02,-1.512000000000000000e+03
7.770000000000000000e+02,-1.531000000000000000e+03
7.650000000000000000e+02,-1.551000000000000000e+03
7.740000000000000000e+02,-1.564000000000000000e+03
7.950000000000000000e+02,-1.578000000000000000e+03
8.310000000000000000e+02,-1.584000000000000000e+03
8.760000000000000000e+02,-1.595000000000000000e+03
9.310000000000000000e+02,-1.610000000000000000e+03
9.870000000000000000e+02,-1.617000000000000000e+03
1.041000000000000000e+03,-1.628000000000000000e+03
1.100000000000000000e+03,-1.640000000000000000e+03
1.145000000000000000e+03,-1.658000000000000000e+03
1.192000000000000000e+03,-1.670000000000000000e+03
1.233000000000000000e+03,-1.686000000000000000e+03
1.266000000000000000e+03,-1.696000000000000000e+03
1.290000000000000000e+03,-1.699000000000000000e+03
