-4.863690728141274455e-01,-6.976969360680730370e-01
-4.863690728141274455e-01,-6.976969360680730370e-01
-4.703333541932319117e-01,-5.974736946874756871e-01
-4.502887059171123973e-01,-5.413486795143411801e-01
-4.101994093648734796e-01,-4.731968753755349533e-01
-3.460565348812911224e-01,-3.769825636501614730e-01
-2.899315197081566153e-01,-2.767593222695640676e-01
-1.937172079827831350e-01,-1.404557139919516695e-01
-1.055207555678574494e-01,-8.161035369563123670e-03
-1.288584532036186761e-03,1.521961508393926688e-01
9.893465684856118936e-02,2.925086887722290196e-01
2.031668278843824504e-01,4.328212267050653428e-01
2.953722099545320612e-01,5.530891163617821515e-01
3.835686623694577468e-01,6.573212873976034265e-01
4.637472554739356378e-01,7.334909508468574479e-01
5.278901299575179396e-01,7.856070363647680299e-01
5.840151451306524466e-01,8.056516846408875443e-01
6.241044416828914754e-01,8.096606142961114694e-01
6.682026678903543182e-01,8.096606142961114694e-01
6.682026678903543182e-01,8.096606142961114694e-01
7.082919644425932360e-01,7.575445287782007764e-01
7.483812609948321537e-01,7.495266694677530372e-01
7.483812609948321537e-01,7.495266694677530372e-01
7.924794872022949965e-01,7.254730915364095978e-01
