1.108000000000000000e+03,-1.144000000000000000e+03
1.102000000000000000e+03,-1.126000000000000000e+03
1.081000000000000000e+03,-1.120000000000000000e+03
1.066000000000000000e+03,-1.105000000000000000e+03
1.066000000000000000e+03,-1.105000000000000000e+03
1.037000000000000000e+03,-1.093000000000000000e+03
1.022000000000000000e+03,-1.091000000000000000e+03
9.930000000000000000e+02,-1.099000000000000000e+03
9.710000000000000000e+02,-1.105000000000000000e+03
9.390000000000000000e+02,-1.127000000000000000e+03
9.080000000000000000e+02,-1.150000000000000000e+03
8.730000000000000000e+02,-1.188000000000000000e+03
8.430000000000000000e+02,-1.228000000000000000e+03
8.110000000000000000e+02,-1.278000000000000000e+03
7.880000000000000000e+02,-1.331000000000000000e+03
7.690000000000000000e+02,-1.394000000000000000e+03
7.550000000000000000e+02,-1.460000000000000000e+03
7.490000000000000000e+02,-1.528000000000000000e+03
7.540000000000000000e+02,-1.595000000000000000e+03
7.640000000000000000e+02,-1.656000000000000000e+03
7.820000000000000000e+02,-1.712000000000000000e+03
8.080000000000000000e+02,-1.762000000000000000e+03
8.460000000000000000e+02,-1.798000000000000000e+03
8.890000000000000000e+02,-1.822000000000000000e+03
9.420000000000000000e+02,-1.834000000000000000e+03
9.990000000000000000e+02,-1.831000000000000000e+03
1.063000000000000000e+03,-1.818000000000000000e+03
1.129000000000000000e+03,-1.793000000000000000e+03
1.195000000000000000e+03,-1.763000000000000000e+03
1.256000000000000000e+03,-1.726000000000000000e+03
1.316000000000000000e+03,-1.680000000000000000e+03
1.369000000000000000e+03,-1.634000000000000000e+03
1.417000000000000000e+03,-1.582000000000000000e+03
1.453000000000000000e+03,-1.536000000000000000e+03
1.479000000000000000e+03,-1.488000000000000000e+03
1.494000000000000000e+03,-1.441000000000000000e+03
1.500000000000000000e+03,-1.387000000000000000e+03
1.494000000000000000e+03,-1.338000000000000000e+03
1.476000000000000000e+03,-1.293000000000000000e+03
1.444000000000000000e+03,-1.245000000000000000e+03
1.403000000000000000e+03,-1.198000000000000000e+03
1.354000000000000000e+03,-1.157000000000000000e+03
1.301000000000000000e+03,-1.123000000000000000e+03
1.245000000000000000e+03,-1.094000000000000000e+03
1.189000000000000000e+03,-1.075000000000000000e+03
1.137000000000000000e+03,-1.063000000000000000e+03
1.087000000000000000e+03,-1.056000000000000000e+03
1.045000000000000000e+03,-1.061000000000000000e+03
1.009000000000000000e+03,-1.075000000000000000e+03
9.830000000000000000e+02,-1.090000000000000000e+03
9.590000000000000000e+02,-1.112000000000000000e+03
9.530000000000000000e+02,-1.132000000000000000e+03
9.420000000000000000e+02,-1.162000000000000000e+03
9.390000000000000000e+02,-1.189000000000000000e+03
9.470000000000000000e+02,-1.210000000000000000e+03
9.570000000000000000e+02,-1.228000000000000000e+03
