3.860000000000000000e+02,-7.730000000000000000e+02
3.940000000000000000e+02,-7.540000000000000000e+02
3.990000000000000000e+02,-7.410000000000000000e+02
4.130000000000000000e+02,-7.240000000000000000e+02
4.270000000000000000e+02,-7.090000000000000000e+02
4.460000000000000000e+02,-7.000000000000000000e+02
4.710000000000000000e+02,-6.880000000000000000e+02
4.940000000000000000e+02,-6.820000000000000000e+02
5.220000000000000000e+02,-6.750000000000000000e+02
5.490000000000000000e+02,-6.740000000000000000e+02
5.790000000000000000e+02,-6.750000000000000000e+02
6.020000000000000000e+02,-6.830000000000000000e+02
6.280000000000000000e+02,-6.900000000000000000e+02
6.450000000000000000e+02,-7.040000000000000000e+02
6.600000000000000000e+02,-7.180000000000000000e+02
6.660000000000000000e+02,-7.380000000000000000e+02
6.690000000000000000e+02,-7.580000000000000000e+02
6.610000000000000000e+02,-7.810000000000000000e+02
6.490000000000000000e+02,-8.040000000000000000e+02
6.290000000000000000e+02,-8.300000000000000000e+02
6.030000000000000000e+02,-8.560000000000000000e+02
5.710000000000000000e+02,-8.820000000000000000e+02
5.360000000000000000e+02,-9.050000000000000000e+02
5.010000000000000000e+02,-9.280000000000000000e+02
4.660000000000000000e+02,-9.480000000000000000e+02
4.330000000000000000e+02,-9.660000000000000000e+02
4.020000000000000000e+02,-9.800000000000000000e+02
3.790000000000000000e+02,-9.910000000000000000e+02
3.620000000000000000e+02,-9.980000000000000000e+02
3.500000000000000000e+02,-1.003000000000000000e+03
3.500000000000000000e+02,-1.003000000000000000e+03
3.500000000000000000e+02,-1.003000000000000000e+03
3.500000000000000000e+02,-1.003000000000000000e+03
3.660000000000000000e+02,-9.960000000000000000e+02
3.830000000000000000e+02,-9.920000000000000000e+02
4.060000000000000000e+02,-9.890000000000000000e+02
4.310000000000000000e+02,-9.860000000000000000e+02
4.630000000000000000e+02,-9.850000000000000000e+02
4.950000000000000000e+02,-9.840000000000000000e+02
5.300000000000000000e+02,-9.850000000000000000e+02
5.680000000000000000e+02,-9.880000000000000000e+02
6.040000000000000000e+02,-9.930000000000000000e+02
6.400000000000000000e+02,-1.002000000000000000e+03
6.710000000000000000e+02,-1.014000000000000000e+03
6.990000000000000000e+02,-1.027000000000000000e+03
7.210000000000000000e+02,-1.044000000000000000e+03
7.400000000000000000e+02,-1.061000000000000000e+03
7.510000000000000000e+02,-1.081000000000000000e+03
7.580000000000000000e+02,-1.102000000000000000e+03
7.590000000000000000e+02,-1.126000000000000000e+03
7.540000000000000000e+02,-1.149000000000000000e+03
7.440000000000000000e+02,-1.171000000000000000e+03
7.300000000000000000e+02,-1.192000000000000000e+03
7.080000000000000000e+02,-1.213000000000000000e+03
6.830000000000000000e+02,-1.231000000000000000e+03
6.510000000000000000e+02,-1.246000000000000000e+03
6.140000000000000000e+02,-1.261000000000000000e+03
5.740000000000000000e+02,-1.271000000000000000e+03
5.340000000000000000e+02,-1.277000000000000000e+03
4.940000000000000000e+02,-1.280000000000000000e+03
4.580000000000000000e+02,-1.283000000000000000e+03
4.260000000000000000e+02,-1.283000000000000000e+03
3.970000000000000000e+02,-1.284000000000000000e+03
3.790000000000000000e+02,-1.280000000000000000e+03
3.640000000000000000e+02,-1.280000000000000000e+03
3.640000000000000000e+02,-1.280000000000000000e+03
3.640000000000000000e+02,-1.280000000000000000e+03
3.640000000000000000e+02,-1.280000000000000000e+03
