5.860000000000000000e+02,-1.231000000000000000e+03
5.860000000000000000e+02,-1.231000000000000000e+03
6.150000000000000000e+02,-1.221000000000000000e+03
6.330000000000000000e+02,-1.222000000000000000e+03
6.660000000000000000e+02,-1.221000000000000000e+03
7.040000000000000000e+02,-1.221000000000000000e+03
7.550000000000000000e+02,-1.218000000000000000e+03
8.160000000000000000e+02,-1.216000000000000000e+03
8.790000000000000000e+02,-1.213000000000000000e+03
9.470000000000000000e+02,-1.210000000000000000e+03
1.012000000000000000e+03,-1.209000000000000000e+03
1.075000000000000000e+03,-1.204000000000000000e+03
1.129000000000000000e+03,-1.200000000000000000e+03
1.177000000000000000e+03,-1.197000000000000000e+03
1.211000000000000000e+03,-1.195000000000000000e+03
1.235000000000000000e+03,-1.194000000000000000e+03
1.235000000000000000e+03,-1.194000000000000000e+03
1.251000000000000000e+03,-1.198000000000000000e+03
1.251000000000000000e+03,-1.198000000000000000e+03
1.230000000000000000e+03,-1.212000000000000000e+03
1.209000000000000000e+03,-1.222000000000000000e+03
1.183000000000000000e+03,-1.236000000000000000e+03
1.152000000000000000e+03,-1.254000000000000000e+03
1.113000000000000000e+03,-1.277000000000000000e+03
1.070000000000000000e+03,-1.304000000000000000e+03
1.022000000000000000e+03,-1.337000000000000000e+03
9.720000000000000000e+02,-1.376000000000000000e+03
9.200000000000000000e+02,-1.418000000000000000e+03
8.670000000000000000e+02,-1.468000000000000000e+03
8.130000000000000000e+02,-1.521000000000000000e+03
7.580000000000000000e+02,-1.576000000000000000e+03
7.100000000000000000e+02,-1.634000000000000000e+03
6.630000000000000000e+02,-1.689000000000000000e+03
6.260000000000000000e+02,-1.742000000000000000e+03
5.910000000000000000e+02,-1.790000000000000000e+03
5.650000000000000000e+02,-1.831000000000000000e+03
5.430000000000000000e+02,-1.867000000000000000e+03
5.320000000000000000e+02,-1.896000000000000000e+03
5.280000000000000000e+02,-1.919000000000000000e+03
5.350000000000000000e+02,-1.932000000000000000e+03
5.520000000000000000e+02,-1.943000000000000000e+03
5.800000000000000000e+02,-1.943000000000000000e+03
6.180000000000000000e+02,-1.943000000000000000e+03
6.680000000000000000e+02,-1.937000000000000000e+03
7.240000000000000000e+02,-1.929000000000000000e+03
7.880000000000000000e+02,-1.919000000000000000e+03
8.560000000000000000e+02,-1.907000000000000000e+03
9.240000000000000000e+02,-1.894000000000000000e+03
9.890000000000000000e+02,-1.885000000000000000e+03
1.046000000000000000e+03,-1.879000000000000000e+03
1.099000000000000000e+03,-1.870000000000000000e+03
1.137000000000000000e+03,-1.870000000000000000e+03
1.165000000000000000e+03,-1.867000000000000000e+03
1.191000000000000000e+03,-1.863000000000000000e+03
1.191000000000000000e+03,-1.863000000000000000e+03
1.206000000000000000e+03,-1.863000000000000000e+03
