7.490000000000000000e+02,-4.870000000000000000e+02
7.490000000000000000e+02,-4.870000000000000000e+02
7.490000000000000000e+02,-4.870000000000000000e+02
7.490000000000000000e+02,-4.870000000000000000e+02
7.490000000000000000e+02,-4.870000000000000000e+02
7.340000000000000000e+02,-5.030000000000000000e+02
7.340000000000000000e+02,-5.030000000000000000e+02
7.340000000000000000e+02,-5.030000000000000000e+02
7.240000000000000000e+02,-5.170000000000000000e+02
7.240000000000000000e+02,-5.170000000000000000e+02
7.240000000000000000e+02,-5.170000000000000000e+02
7.450000000000000000e+02,-5.230000000000000000e+02
