-5.039224576616437856e-01,9.116974190921677268e-01
-5.720742618004499569e-01,9.116974190921677268e-01
-5.720742618004499569e-01,9.116974190921677268e-01
-6.241903473183606499e-01,7.954384590906747876e-01
-6.682885735258234927e-01,6.591348508130623340e-01
-6.803153624914951569e-01,5.027865942593304771e-01
-7.163957293885101496e-01,2.782865335667923379e-01
-7.244135886989579998e-01,4.175968390858254137e-02
-7.404493073198535891e-01,-2.428743216123140092e-01
-7.404493073198535891e-01,-5.154815381675388331e-01
-7.524760962855252533e-01,-7.961066140332114793e-01
-7.524760962855252533e-01,-1.056687041622764722e+00
-7.604939555959729924e-01,-1.289204961625750601e+00
-7.645028852511969175e-01,-1.469606796110825897e+00
-7.725207445616447677e-01,-1.605910404388438240e+00
-7.645028852511969175e-01,-1.682080067837692372e+00
-7.645028852511969175e-01,-1.682080067837692372e+00
-7.404493073198535891e-01,-1.593883615422766686e+00
-7.163957293885101496e-01,-1.425508569903362943e+00
-6.923421514571668212e-01,-1.184972790589929215e+00
-6.442349955944800532e-01,-8.642584181720177616e-01
-5.881099804213455462e-01,-5.194904678227627581e-01
-5.239671059377633000e-01,-1.266153616108210422e-01
-4.317617238676136893e-01,2.662597446011206737e-01
-3.355474121422402090e-01,6.350812728817190056e-01
-2.313152411064189062e-01,9.678224342653022338e-01
-1.070384217944781724e-01,1.232411791510079402e+00
3.728304579358204113e-02,1.444885063236945655e+00
1.775955837264183712e-01,1.557135093583214891e+00
3.339438402801502837e-01,1.629295827377244876e+00
4.862831671786582710e-01,1.617269038411573323e+00
6.185778458010467995e-01,1.545108304617543116e+00
7.348368058025397387e-01,1.420831485305602326e+00
8.430779064935849387e-01,1.260474299096646655e+00
9.032118513219433709e-01,1.076063534956347434e+00
9.513190071846300278e-01,8.756170521951527341e-01
9.513190071846300278e-01,6.751705694339579233e-01
9.072207809771671849e-01,4.907598052936587574e-01
8.350600471831370886e-01,3.304026190847029754e-01
7.228100168368680745e-01,2.101347294279861388e-01
5.905153382144795460e-01,1.459918549444038094e-01
4.502028002816432228e-01,1.018936287369409666e-01
3.098902623488068997e-01,8.986683977126928846e-02
1.655687947607466792e-01,1.018936287369409666e-01
5.732769406970151388e-02,1.339650659787321174e-01
-3.888661765567196643e-02,1.620275735652993987e-01
-9.902056248403039163e-02,1.820722218414188576e-01
-9.902056248403039163e-02,1.820722218414188576e-01
-9.902056248403039163e-02,1.820722218414188576e-01
-2.685982869000027792e-02,7.784005080559759648e-02
4.930983475925372617e-02,-3.841890919589535658e-02
1.775955837264183712e-01,-1.747225174735077824e-01
3.058813326935829746e-01,-3.551243519585830510e-01
4.662385189025388121e-01,-5.395351160988822725e-01
6.426314237323901279e-01,-7.359726692048530472e-01
8.069975395965698350e-01,-9.203834333451522687e-01
9.633457961503018030e-01,-1.044660252657092947e+00
1.127711912014481399e+00,-1.164928142313809811e+00
1.251988731326422188e+00,-1.265151383694407272e+00
1.380274480293586903e+00,-1.313258539557093929e+00
