-2.266636100302779622e-01,-4.334098393925387427e-01
-2.266636100302779622e-01,-4.334098393925387427e-01
-1.104046500287850091e-01,-4.654812766343299213e-01
-3.423498657953100155e-02,-4.775080656000015855e-01
8.202397342196195151e-02,-4.694902062895537909e-01
2.022918630786788019e-01,-4.694902062895537909e-01
3.225597527353956662e-01,-4.534544876686582571e-01
4.508455017025602696e-01,-4.534544876686582571e-01
5.590866023936054141e-01,-4.654812766343299213e-01
7.034080699816656068e-01,-4.454366283582104624e-01
7.755688037756958142e-01,-4.935437842208971748e-01
9.158813417085320818e-01,-4.694902062895537909e-01
