-1.160134130601105040e+00,5.206597389722033009e-01
-1.160134130601105040e+00,5.206597389722033009e-01
-1.192205567842896219e+00,6.248919100080245759e-01
-1.208241286463791919e+00,6.850258548363830080e-01
-1.208241286463791919e+00,6.850258548363830080e-01
-1.244321653360806801e+00,8.173205334587715365e-01
-1.244321653360806801e+00,8.173205334587715365e-01
-1.268375231292150129e+00,9.175437748393689974e-01
-1.268375231292150129e+00,9.175437748393689974e-01
-1.268375231292150129e+00,9.175437748393689974e-01
-1.268375231292150129e+00,9.175437748393689974e-01
-1.268375231292150129e+00,9.175437748393689974e-01
-1.208241286463791919e+00,8.293473224244433117e-01
-1.184187708532448369e+00,7.130883624229502615e-01
-1.168151989911552890e+00,5.767847541453379190e-01
-1.148107341635433487e+00,4.044007789707104172e-01
-1.136080552669761712e+00,2.119721555199634566e-01
-1.124053763704089937e+00,-1.252790517257467220e-02
-1.112026974738418383e+00,-2.450458251755605887e-01
-1.087973396807075055e+00,-4.815726748337703644e-01
-1.059910889220507801e+00,-7.140905948367562983e-01
-1.003785874047373072e+00,-9.466085148397421767e-01
-9.436519292190147512e-01,-1.179126434842728166e+00
-8.755001250802085799e-01,-1.383581847259146791e+00
-8.033393912861783726e-01,-1.584028330020341491e+00
-7.151429388712526869e-01,-1.752403375539745012e+00
-6.229375568011031872e-01,-1.900733772783029130e+00
-5.227143154205057263e-01,-2.029019521750193622e+00
-4.224910740399084319e-01,-2.133251692786015230e+00
-3.222678326593110265e-01,-2.209421356235269140e+00
-2.180356616234897793e-01,-2.277573160374075201e+00
-1.178124202428923878e-01,-2.325680316236761858e+00
-5.562389896623336390e-03,-2.353742823823329111e+00
9.466085148397403171e-02,-2.365769612789001108e+00
1.988930225197952928e-01,-2.353742823823329111e+00
2.991162639003926982e-01,-2.325680316236761858e+00
3.993395052809900481e-01,-2.293608878994970901e+00
4.875359576959157337e-01,-2.257528512097955797e+00
5.677145508003936802e-01,-2.197394567269597587e+00
6.398752845944237766e-01,-2.133251692786015230e+00
7.040181590780060228e-01,-2.049064170026313469e+00
7.681610335615883800e-01,-1.944831998990492083e+00
8.162681894242751479e-01,-1.828573038988999144e+00
8.563574859765140657e-01,-1.704296219677058355e+00
9.004557121839769085e-01,-1.543939033468102462e+00
9.405450087362158262e-01,-1.351510410017355612e+00
9.886521645989025942e-01,-1.143046067945713062e+00
1.036759320461589251e+00,-9.065192182875032589e-01
1.084866476324276130e+00,-6.579655796636217913e-01
1.140991491497410637e+00,-4.094119410397402681e-01
1.197116506670545144e+00,-1.728850913815304646e-01
1.245223662533231801e+00,4.359711000055985913e-02
1.281304029430246905e+00,2.320168037960829155e-01
1.293330818395918680e+00,3.643114824184714440e-01
1.309366537016814158e+00,4.605257941438449243e-01
1.309366537016814158e+00,4.605257941438449243e-01
1.233196873567560248e+00,4.645347237990688494e-01
1.233196873567560248e+00,4.645347237990688494e-01
1.136982561842186712e+00,3.562936231080236493e-01
1.080857546669052205e+00,2.801239596587696834e-01
