6.186580243941516288e-01,9.230159638187496185e-01
6.186580243941516288e-01,9.230159638187496185e-01
6.787919692225100610e-01,9.671141900262124613e-01
6.787919692225100610e-01,9.671141900262124613e-01
6.787919692225100610e-01,9.671141900262124613e-01
7.750062809478835968e-01,1.031257064509794708e+00
7.750062809478835968e-01,1.031257064509794708e+00
7.750062809478835968e-01,1.031257064509794708e+00
7.750062809478835968e-01,1.031257064509794708e+00
7.228901954299729038e-01,9.711231196814363864e-01
6.146490947389278148e-01,8.508552300247195221e-01
4.863633457717631559e-01,6.945069734709875542e-01
2.979436519762400648e-01,4.579801238127778062e-01
9.348823955982142608e-02,1.853729072575529269e-01
-1.350207507879405688e-01,-1.233146761946869729e-01
-3.635297411357025776e-01,-4.360111893021507701e-01
-5.840208721730167918e-01,-7.326719837887190057e-01
-7.644227066580920882e-01,-1.005279200343943913e+00
-8.967173852804806167e-01,-1.221761401726034091e+00
-1.004958485971525706e+00,-1.386127517590213909e+00
-1.029012063902869256e+00,-1.450270392073796266e+00
-1.029012063902869256e+00,-1.450270392073796266e+00
-1.029012063902869256e+00,-1.450270392073796266e+00
-9.167620335566001311e-01,-1.414190025176781162e+00
-8.365834404521221845e-01,-1.362073939658870581e+00
