1.027000000000000000e+03,-9.870000000000000000e+02
1.034000000000000000e+03,-9.740000000000000000e+02
1.046000000000000000e+03,-9.540000000000000000e+02
1.046000000000000000e+03,-9.540000000000000000e+02
1.048000000000000000e+03,-9.390000000000000000e+02
1.048000000000000000e+03,-9.390000000000000000e+02
1.048000000000000000e+03,-9.390000000000000000e+02
1.048000000000000000e+03,-9.390000000000000000e+02
1.013000000000000000e+03,-9.650000000000000000e+02
9.890000000000000000e+02,-9.990000000000000000e+02
9.530000000000000000e+02,-1.063000000000000000e+03
9.180000000000000000e+02,-1.141000000000000000e+03
8.770000000000000000e+02,-1.237000000000000000e+03
8.430000000000000000e+02,-1.343000000000000000e+03
8.130000000000000000e+02,-1.459000000000000000e+03
7.970000000000000000e+02,-1.572000000000000000e+03
7.990000000000000000e+02,-1.674000000000000000e+03
8.220000000000000000e+02,-1.765000000000000000e+03
8.620000000000000000e+02,-1.831000000000000000e+03
9.170000000000000000e+02,-1.875000000000000000e+03
9.840000000000000000e+02,-1.896000000000000000e+03
1.058000000000000000e+03,-1.894000000000000000e+03
1.137000000000000000e+03,-1.875000000000000000e+03
1.211000000000000000e+03,-1.843000000000000000e+03
1.275000000000000000e+03,-1.803000000000000000e+03
1.325000000000000000e+03,-1.753000000000000000e+03
1.363000000000000000e+03,-1.699000000000000000e+03
1.385000000000000000e+03,-1.644000000000000000e+03
1.390000000000000000e+03,-1.592000000000000000e+03
1.381000000000000000e+03,-1.545000000000000000e+03
1.358000000000000000e+03,-1.501000000000000000e+03
1.324000000000000000e+03,-1.460000000000000000e+03
1.281000000000000000e+03,-1.432000000000000000e+03
1.232000000000000000e+03,-1.411000000000000000e+03
1.177000000000000000e+03,-1.402000000000000000e+03
1.125000000000000000e+03,-1.402000000000000000e+03
1.075000000000000000e+03,-1.411000000000000000e+03
1.033000000000000000e+03,-1.426000000000000000e+03
9.930000000000000000e+02,-1.444000000000000000e+03
9.680000000000000000e+02,-1.469000000000000000e+03
9.540000000000000000e+02,-1.489000000000000000e+03
9.500000000000000000e+02,-1.506000000000000000e+03
9.500000000000000000e+02,-1.506000000000000000e+03
9.750000000000000000e+02,-1.519000000000000000e+03
9.990000000000000000e+02,-1.515000000000000000e+03
1.028000000000000000e+03,-1.506000000000000000e+03
1.058000000000000000e+03,-1.494000000000000000e+03
1.082000000000000000e+03,-1.480000000000000000e+03
1.108000000000000000e+03,-1.460000000000000000e+03
1.122000000000000000e+03,-1.450000000000000000e+03
1.137000000000000000e+03,-1.424000000000000000e+03
1.137000000000000000e+03,-1.424000000000000000e+03
1.137000000000000000e+03,-1.424000000000000000e+03
1.137000000000000000e+03,-1.424000000000000000e+03
