7.180000000000000000e+02,-1.179000000000000000e+03
7.180000000000000000e+02,-1.179000000000000000e+03
7.180000000000000000e+02,-1.179000000000000000e+03
7.020000000000000000e+02,-1.176000000000000000e+03
7.020000000000000000e+02,-1.176000000000000000e+03
6.990000000000000000e+02,-1.194000000000000000e+03
6.930000000000000000e+02,-1.215000000000000000e+03
6.930000000000000000e+02,-1.240000000000000000e+03
6.870000000000000000e+02,-1.280000000000000000e+03
6.870000000000000000e+02,-1.320000000000000000e+03
6.810000000000000000e+02,-1.373000000000000000e+03
6.870000000000000000e+02,-1.424000000000000000e+03
6.860000000000000000e+02,-1.486000000000000000e+03
6.930000000000000000e+02,-1.540000000000000000e+03
7.010000000000000000e+02,-1.599000000000000000e+03
7.130000000000000000e+02,-1.647000000000000000e+03
7.220000000000000000e+02,-1.696000000000000000e+03
7.370000000000000000e+02,-1.738000000000000000e+03
7.480000000000000000e+02,-1.775000000000000000e+03
7.600000000000000000e+02,-1.803000000000000000e+03
7.670000000000000000e+02,-1.827000000000000000e+03
7.750000000000000000e+02,-1.843000000000000000e+03
7.750000000000000000e+02,-1.843000000000000000e+03
7.730000000000000000e+02,-1.857000000000000000e+03
7.730000000000000000e+02,-1.857000000000000000e+03
7.610000000000000000e+02,-1.840000000000000000e+03
7.520000000000000000e+02,-1.822000000000000000e+03
7.430000000000000000e+02,-1.800000000000000000e+03
7.360000000000000000e+02,-1.768000000000000000e+03
7.270000000000000000e+02,-1.732000000000000000e+03
7.210000000000000000e+02,-1.686000000000000000e+03
7.160000000000000000e+02,-1.640000000000000000e+03
7.160000000000000000e+02,-1.584000000000000000e+03
7.160000000000000000e+02,-1.525000000000000000e+03
7.180000000000000000e+02,-1.465000000000000000e+03
7.160000000000000000e+02,-1.406000000000000000e+03
7.150000000000000000e+02,-1.350000000000000000e+03
7.130000000000000000e+02,-1.299000000000000000e+03
7.100000000000000000e+02,-1.254000000000000000e+03
7.060000000000000000e+02,-1.216000000000000000e+03
7.010000000000000000e+02,-1.189000000000000000e+03
6.980000000000000000e+02,-1.170000000000000000e+03
6.980000000000000000e+02,-1.153000000000000000e+03
6.980000000000000000e+02,-1.153000000000000000e+03
7.120000000000000000e+02,-1.135000000000000000e+03
7.270000000000000000e+02,-1.130000000000000000e+03
7.490000000000000000e+02,-1.126000000000000000e+03
7.790000000000000000e+02,-1.126000000000000000e+03
8.130000000000000000e+02,-1.129000000000000000e+03
8.520000000000000000e+02,-1.135000000000000000e+03
8.950000000000000000e+02,-1.148000000000000000e+03
9.470000000000000000e+02,-1.167000000000000000e+03
1.001000000000000000e+03,-1.194000000000000000e+03
1.055000000000000000e+03,-1.227000000000000000e+03
1.106000000000000000e+03,-1.267000000000000000e+03
1.158000000000000000e+03,-1.311000000000000000e+03
1.204000000000000000e+03,-1.361000000000000000e+03
1.245000000000000000e+03,-1.412000000000000000e+03
1.278000000000000000e+03,-1.465000000000000000e+03
1.302000000000000000e+03,-1.515000000000000000e+03
1.316000000000000000e+03,-1.564000000000000000e+03
1.322000000000000000e+03,-1.613000000000000000e+03
1.315000000000000000e+03,-1.661000000000000000e+03
1.299000000000000000e+03,-1.708000000000000000e+03
1.274000000000000000e+03,-1.754000000000000000e+03
1.238000000000000000e+03,-1.796000000000000000e+03
1.189000000000000000e+03,-1.836000000000000000e+03
1.138000000000000000e+03,-1.869000000000000000e+03
1.081000000000000000e+03,-1.897000000000000000e+03
1.028000000000000000e+03,-1.917000000000000000e+03
9.780000000000000000e+02,-1.934000000000000000e+03
9.380000000000000000e+02,-1.943000000000000000e+03
9.060000000000000000e+02,-1.946000000000000000e+03
8.860000000000000000e+02,-1.943000000000000000e+03
8.860000000000000000e+02,-1.943000000000000000e+03
8.860000000000000000e+02,-1.943000000000000000e+03
9.110000000000000000e+02,-1.920000000000000000e+03
9.390000000000000000e+02,-1.917000000000000000e+03
9.650000000000000000e+02,-1.913000000000000000e+03
9.990000000000000000e+02,-1.905000000000000000e+03
1.030000000000000000e+03,-1.903000000000000000e+03
