5.550000000000000000e+02,-1.576000000000000000e+03
5.550000000000000000e+02,-1.576000000000000000e+03
5.400000000000000000e+02,-1.570000000000000000e+03
5.400000000000000000e+02,-1.570000000000000000e+03
5.400000000000000000e+02,-1.570000000000000000e+03
5.400000000000000000e+02,-1.570000000000000000e+03
5.260000000000000000e+02,-1.569000000000000000e+03
5.260000000000000000e+02,-1.569000000000000000e+03
5.260000000000000000e+02,-1.569000000000000000e+03
5.260000000000000000e+02,-1.569000000000000000e+03
5.260000000000000000e+02,-1.569000000000000000e+03
5.260000000000000000e+02,-1.569000000000000000e+03
5.260000000000000000e+02,-1.569000000000000000e+03
5.430000000000000000e+02,-1.567000000000000000e+03
5.590000000000000000e+02,-1.573000000000000000e+03
5.860000000000000000e+02,-1.576000000000000000e+03
6.210000000000000000e+02,-1.582000000000000000e+03
6.650000000000000000e+02,-1.585000000000000000e+03
7.190000000000000000e+02,-1.589000000000000000e+03
7.820000000000000000e+02,-1.587000000000000000e+03
8.500000000000000000e+02,-1.587000000000000000e+03
9.240000000000000000e+02,-1.582000000000000000e+03
9.930000000000000000e+02,-1.579000000000000000e+03
1.060000000000000000e+03,-1.578000000000000000e+03
1.122000000000000000e+03,-1.575000000000000000e+03
1.177000000000000000e+03,-1.573000000000000000e+03
1.227000000000000000e+03,-1.575000000000000000e+03
1.268000000000000000e+03,-1.578000000000000000e+03
1.302000000000000000e+03,-1.585000000000000000e+03
1.330000000000000000e+03,-1.592000000000000000e+03
1.349000000000000000e+03,-1.596000000000000000e+03
1.366000000000000000e+03,-1.602000000000000000e+03
1.366000000000000000e+03,-1.602000000000000000e+03
1.382000000000000000e+03,-1.608000000000000000e+03
1.382000000000000000e+03,-1.608000000000000000e+03
1.382000000000000000e+03,-1.608000000000000000e+03
1.382000000000000000e+03,-1.608000000000000000e+03
1.382000000000000000e+03,-1.608000000000000000e+03
1.376000000000000000e+03,-1.595000000000000000e+03
1.376000000000000000e+03,-1.595000000000000000e+03
1.376000000000000000e+03,-1.595000000000000000e+03
1.363000000000000000e+03,-1.578000000000000000e+03
1.363000000000000000e+03,-1.578000000000000000e+03
1.363000000000000000e+03,-1.578000000000000000e+03
