1.081000000000000000e+03,-1.406000000000000000e+03
1.081000000000000000e+03,-1.406000000000000000e+03
1.081000000000000000e+03,-1.406000000000000000e+03
1.081000000000000000e+03,-1.406000000000000000e+03
1.081000000000000000e+03,-1.406000000000000000e+03
1.081000000000000000e+03,-1.406000000000000000e+03
1.021000000000000000e+03,-1.359000000000000000e+03
1.021000000000000000e+03,-1.359000000000000000e+03
9.590000000000000000e+02,-1.394000000000000000e+03
9.590000000000000000e+02,-1.394000000000000000e+03
8.860000000000000000e+02,-1.468000000000000000e+03
8.860000000000000000e+02,-1.468000000000000000e+03
8.200000000000000000e+02,-1.576000000000000000e+03
8.020000000000000000e+02,-1.637000000000000000e+03
7.960000000000000000e+02,-1.697000000000000000e+03
7.960000000000000000e+02,-1.697000000000000000e+03
8.260000000000000000e+02,-1.800000000000000000e+03
8.260000000000000000e+02,-1.800000000000000000e+03
9.110000000000000000e+02,-1.849000000000000000e+03
9.710000000000000000e+02,-1.848000000000000000e+03
1.037000000000000000e+03,-1.831000000000000000e+03
1.099000000000000000e+03,-1.798000000000000000e+03
1.159000000000000000e+03,-1.753000000000000000e+03
1.159000000000000000e+03,-1.753000000000000000e+03
1.254000000000000000e+03,-1.643000000000000000e+03
1.254000000000000000e+03,-1.643000000000000000e+03
1.292000000000000000e+03,-1.530000000000000000e+03
1.292000000000000000e+03,-1.530000000000000000e+03
1.260000000000000000e+03,-1.438000000000000000e+03
1.260000000000000000e+03,-1.438000000000000000e+03
1.164000000000000000e+03,-1.391000000000000000e+03
1.103000000000000000e+03,-1.384000000000000000e+03
1.040000000000000000e+03,-1.385000000000000000e+03
1.040000000000000000e+03,-1.385000000000000000e+03
9.380000000000000000e+02,-1.412000000000000000e+03
9.380000000000000000e+02,-1.412000000000000000e+03
9.380000000000000000e+02,-1.412000000000000000e+03
9.000000000000000000e+02,-1.486000000000000000e+03
9.000000000000000000e+02,-1.486000000000000000e+03
