-1.526007788325443482e+00,7.369458514037664498e-01
-1.526007788325443482e+00,7.369458514037664498e-01
-1.526007788325443482e+00,7.369458514037664498e-01
-1.405739898668726617e+00,7.810440776112292927e-01
-1.309525586943353304e+00,8.411780224395877248e-01
-1.181239837976188589e+00,9.053208969231700820e-01
-9.888112145254416285e-01,1.017570927269439096e+00
-7.763379427985751535e-01,1.117794168650036557e+00
-5.157575152090220216e-01,1.262115636238096750e+00
-2.551770876194688897e-01,1.390401385205261242e+00
2.143905859097988004e-02,1.518687134172425957e+00
2.619748379044135600e-01,1.614901445897799492e+00
4.864748985969516992e-01,1.675035390726157924e+00
6.428231551506835562e-01,1.679044320381381850e+00
7.711089041178482706e-01,1.642963953484366746e+00
8.071892710148632633e-01,1.510669274861978106e+00
7.991714117044155241e-01,1.330267440376902810e+00
7.270106779103854278e-01,1.069687012787349678e+00
6.307963661850118919e-01,7.850530072664532177e-01
4.864748985969516992e-01,4.523118458828699340e-01
3.421534310088914510e-01,1.075438955336149582e-01
1.737783854894878743e-01,-2.652865624022072710e-01
2.544798824620377389e-02,-6.100545127514622745e-01
-1.068466903761847581e-01,-9.227510258589259884e-01
-2.070699317567821218e-01,-1.203376101724598746e+00
-2.631949469299166844e-01,-1.431885092072360699e+00
-3.113021027926033968e-01,-1.636340504488779324e+00
-2.912574545164839379e-01,-1.764626253455944038e+00
-2.672038765851405540e-01,-1.876876283802213052e+00
-2.511681579642449647e-01,-1.945028087941019335e+00
-2.511681579642449647e-01,-1.945028087941019335e+00
-2.511681579642449647e-01,-1.945028087941019335e+00
