7.210000000000000000e+02,-9.740000000000000000e+02
7.210000000000000000e+02,-9.740000000000000000e+02
7.160000000000000000e+02,-9.590000000000000000e+02
7.160000000000000000e+02,-9.590000000000000000e+02
7.070000000000000000e+02,-9.420000000000000000e+02
7.070000000000000000e+02,-9.420000000000000000e+02
6.980000000000000000e+02,-9.240000000000000000e+02
6.980000000000000000e+02,-9.240000000000000000e+02
6.810000000000000000e+02,-9.090000000000000000e+02
6.810000000000000000e+02,-9.090000000000000000e+02
6.540000000000000000e+02,-9.030000000000000000e+02
6.380000000000000000e+02,-9.040000000000000000e+02
6.140000000000000000e+02,-9.210000000000000000e+02
5.950000000000000000e+02,-9.400000000000000000e+02
5.770000000000000000e+02,-9.750000000000000000e+02
5.680000000000000000e+02,-1.011000000000000000e+03
5.670000000000000000e+02,-1.058000000000000000e+03
5.800000000000000000e+02,-1.103000000000000000e+03
6.080000000000000000e+02,-1.151000000000000000e+03
6.510000000000000000e+02,-1.192000000000000000e+03
7.060000000000000000e+02,-1.225000000000000000e+03
7.690000000000000000e+02,-1.248000000000000000e+03
8.320000000000000000e+02,-1.257000000000000000e+03
8.950000000000000000e+02,-1.254000000000000000e+03
9.480000000000000000e+02,-1.242000000000000000e+03
9.920000000000000000e+02,-1.218000000000000000e+03
1.018000000000000000e+03,-1.188000000000000000e+03
1.028000000000000000e+03,-1.153000000000000000e+03
1.021000000000000000e+03,-1.112000000000000000e+03
1.001000000000000000e+03,-1.067000000000000000e+03
9.680000000000000000e+02,-1.022000000000000000e+03
9.300000000000000000e+02,-9.810000000000000000e+02
8.830000000000000000e+02,-9.460000000000000000e+02
8.380000000000000000e+02,-9.160000000000000000e+02
7.900000000000000000e+02,-8.970000000000000000e+02
7.480000000000000000e+02,-8.880000000000000000e+02
7.120000000000000000e+02,-8.890000000000000000e+02
6.830000000000000000e+02,-9.040000000000000000e+02
6.740000000000000000e+02,-9.210000000000000000e+02
6.710000000000000000e+02,-9.490000000000000000e+02
6.750000000000000000e+02,-9.840000000000000000e+02
6.920000000000000000e+02,-1.019000000000000000e+03
7.120000000000000000e+02,-1.056000000000000000e+03
