4.810000000000000000e+02,-1.451000000000000000e+03
4.810000000000000000e+02,-1.451000000000000000e+03
4.810000000000000000e+02,-1.451000000000000000e+03
5.000000000000000000e+02,-1.444000000000000000e+03
5.000000000000000000e+02,-1.444000000000000000e+03
5.280000000000000000e+02,-1.432000000000000000e+03
5.460000000000000000e+02,-1.429000000000000000e+03
5.730000000000000000e+02,-1.414000000000000000e+03
5.950000000000000000e+02,-1.400000000000000000e+03
6.240000000000000000e+02,-1.379000000000000000e+03
6.510000000000000000e+02,-1.358000000000000000e+03
6.770000000000000000e+02,-1.331000000000000000e+03
7.020000000000000000e+02,-1.304000000000000000e+03
7.270000000000000000e+02,-1.277000000000000000e+03
7.430000000000000000e+02,-1.251000000000000000e+03
7.570000000000000000e+02,-1.227000000000000000e+03
7.700000000000000000e+02,-1.209000000000000000e+03
7.810000000000000000e+02,-1.194000000000000000e+03
7.810000000000000000e+02,-1.194000000000000000e+03
7.960000000000000000e+02,-1.183000000000000000e+03
7.960000000000000000e+02,-1.183000000000000000e+03
8.050000000000000000e+02,-1.206000000000000000e+03
8.100000000000000000e+02,-1.230000000000000000e+03
8.140000000000000000e+02,-1.261000000000000000e+03
8.190000000000000000e+02,-1.302000000000000000e+03
8.230000000000000000e+02,-1.349000000000000000e+03
8.260000000000000000e+02,-1.402000000000000000e+03
8.310000000000000000e+02,-1.457000000000000000e+03
8.340000000000000000e+02,-1.515000000000000000e+03
8.400000000000000000e+02,-1.569000000000000000e+03
8.430000000000000000e+02,-1.623000000000000000e+03
8.470000000000000000e+02,-1.668000000000000000e+03
8.500000000000000000e+02,-1.711000000000000000e+03
8.520000000000000000e+02,-1.745000000000000000e+03
8.550000000000000000e+02,-1.774000000000000000e+03
8.560000000000000000e+02,-1.796000000000000000e+03
8.590000000000000000e+02,-1.810000000000000000e+03
8.550000000000000000e+02,-1.824000000000000000e+03
8.550000000000000000e+02,-1.824000000000000000e+03
8.550000000000000000e+02,-1.824000000000000000e+03
8.550000000000000000e+02,-1.824000000000000000e+03
8.550000000000000000e+02,-1.824000000000000000e+03
