-1.041021516956518234e+00,8.483220198804185541e-01
-9.728697128177119513e-01,9.204827536744486505e-01
-8.686375417818907874e-01,9.886345578132549328e-01
-7.203071445386066696e-01,1.084848869538628469e+00
-5.559410286744269625e-01,1.181063181264001782e+00
-3.755391941893516661e-01,1.281286422644599243e+00
-2.071641486699480894e-01,1.365473945404301004e+00
-6.717665908753331534e-03,1.445652538508778839e+00
1.576484499554263730e-01,1.481732905405793943e+00
3.460681437509494085e-01,1.505786483337137271e+00
4.783628223733379370e-01,1.477723975750570018e+00
5.906128527196070621e-01,1.429616819887883361e+00
6.667825161688609725e-01,1.325384648852062197e+00
7.028628830658760762e-01,1.205116759195345333e+00
6.908360941002044120e-01,1.040750643331165515e+00
6.387200085822937190e-01,8.844023867774336578e-01
5.545324858225919584e-01,7.040005522923583614e-01
4.302556665106512246e-01,5.276076474625069901e-01
2.859341989225909764e-01,3.592326019431034134e-01
1.215680830584113109e-01,2.068932750445953983e-01
-3.077124384009670074e-02,7.860752607743076714e-02
-1.871195003938286028e-01,-3.364250426883828859e-02
-3.033784603953215697e-01,-1.017943084076445015e-01
-4.116195610863667143e-01,-1.659371828912268310e-01
-4.757624355699490160e-01,-2.020175497882418791e-01
-4.757624355699490160e-01,-2.020175497882418791e-01
-4.757624355699490160e-01,-2.020175497882418791e-01
-4.757624355699490160e-01,-2.020175497882418791e-01
-4.156284907415906393e-01,-1.539103939255551390e-01
-2.953606010848737751e-01,-9.377644909719670685e-02
-1.510391334968135546e-01,-2.161571530316660356e-02
3.738056029870950869e-02,6.257180745653519172e-02
2.298091837494564693e-01,1.347325412505653019e-01
4.543092444419946085e-01,1.948664860789237341e-01
6.707914458240848976e-01,2.269379233207148849e-01
8.872736472061751867e-01,2.309468529759387823e-01
1.083711200312146072e+00,1.908575564236998368e-01
1.232041597555430190e+00,1.106789633192219319e-01
1.352309487212147054e+00,2.437862628176766955e-03
1.424470221006177262e+00,-1.418836049598834470e-01
1.456541658247968218e+00,-2.942229318583914344e-01
1.424470221006177262e+00,-4.625979773777950665e-01
1.352309487212147054e+00,-6.069194449658552593e-01
1.228032667900206265e+00,-7.793034201404827055e-01
1.063666552036026669e+00,-9.156070284180951591e-01
8.511932803091601940e-01,-1.047901707040483688e+00
6.266932196166220548e-01,-1.164160667041976627e+00
3.821485106479644567e-01,-1.268392838077798013e+00
1.376038016793068863e-01,-1.352580360837499773e+00
-1.069409072893506979e-01,-1.424741094631529759e+00
-3.194141790162171590e-01,-1.472848250494216638e+00
-5.198606617774118588e-01,-1.508928617391231519e+00
-6.762089183311438267e-01,-1.532982195322575070e+00
-8.085035969535323552e-01,-1.545008984288246623e+00
-8.085035969535323552e-01,-1.545008984288246623e+00
-8.766554010923385265e-01,-1.512937547046455444e+00
-8.165214562639800944e-01,-1.428750024286753684e+00
