4.665256449454133203e-01,8.777930703188208117e-01
4.665256449454133203e-01,8.777930703188208117e-01
4.665256449454133203e-01,8.777930703188208117e-01
4.665256449454133203e-01,8.777930703188208117e-01
4.665256449454133203e-01,8.777930703188208117e-01
4.665256449454133203e-01,8.777930703188208117e-01
4.665256449454133203e-01,8.777930703188208117e-01
4.665256449454133203e-01,8.777930703188208117e-01
4.665256449454133203e-01,8.777930703188208117e-01
4.665256449454133203e-01,8.777930703188208117e-01
3.983738408066070935e-01,9.138734372158359154e-01
3.983738408066070935e-01,9.138734372158359154e-01
3.382398959782486614e-01,9.218912965262836545e-01
3.382398959782486614e-01,9.218912965262836545e-01
2.660791621842185650e-01,9.138734372158359154e-01
2.660791621842185650e-01,9.138734372158359154e-01
1.899094987349645713e-01,8.777930703188208117e-01
1.899094987349645713e-01,8.777930703188208117e-01
7.765946838869551561e-02,8.176591254904623796e-01
2.554338287078487812e-02,7.936055475591190511e-01
-4.661735092324523211e-02,7.454983916964322832e-01
-1.187780847172753423e-01,7.174358841098650297e-01
-2.109834667874249114e-01,6.693287282471782618e-01
-3.152156378232461864e-01,6.372572910053871942e-01
-4.274656681695152560e-01,5.811322758322525761e-01
-5.357067688605604561e-01,5.450519089352375834e-01
-6.599835881725011344e-01,4.969447530725508155e-01
-7.722336185187702595e-01,4.488375972098641031e-01
-8.804747192098153485e-01,3.887036523815056710e-01
-9.887158199008605486e-01,3.365875668635950335e-01
-1.100965850247129563e+00,2.644268330695649372e-01
-1.185153373006831323e+00,1.882571696203109157e-01
-1.269340895766533084e+00,1.040696468606091135e-01
-1.341501629560563291e+00,1.587319444568343133e-02
-1.413662363354593499e+00,-9.236790624536173056e-02
-1.473796308182951931e+00,-1.966000772811830055e-01
-1.541948112321757991e+00,-3.128590372826759447e-01
-1.590055268184444870e+00,-4.331269269393928090e-01
-1.638162424047131527e+00,-5.493858869408857482e-01
-1.678251720599370556e+00,-6.576269876319309482e-01
-1.714332087496385437e+00,-7.698770179781999623e-01
-1.746403524738176616e+00,-8.660913297035734981e-01
-1.770457102669519944e+00,-9.582967117737229978e-01
-1.786492821290415645e+00,-1.038475304878200944e+00
-1.806537469566535048e+00,-1.102618179361783302e+00
-1.818564258532206823e+00,-1.162752124190141734e+00
-1.818564258532206823e+00,-1.162752124190141734e+00
-1.810546399221758973e+00,-1.258966435915515047e+00
-1.798519610256087198e+00,-1.315091451088649777e+00
-1.798519610256087198e+00,-1.315091451088649777e+00
-1.738385665427728988e+00,-1.411305762814023090e+00
-1.702305298530713884e+00,-1.491484355918501148e+00
-1.650189213012803302e+00,-1.575671878678202908e+00
-1.594064197839668573e+00,-1.663868331093128594e+00
-1.533930253011310141e+00,-1.764091572473725833e+00
-1.469787378527728006e+00,-1.852288024888651519e+00
-1.401635574388921723e+00,-1.936475547648353501e+00
-1.329474840594891516e+00,-2.008636281442383709e+00
-1.257314106800861531e+00,-2.076788085581189769e+00
-1.177135513696383695e+00,-2.108859522822980725e+00
-1.092947990936681713e+00,-2.112868452478204873e+00
-1.008760468176979952e+00,-2.108859522822980725e+00
-9.045282971411587880e-01,-2.072779155925965622e+00
-7.962871964501135880e-01,-2.004627351787159562e+00
-6.880460957590683879e-01,-1.908413040061786026e+00
-5.717871357575754487e-01,-1.780127291094621533e+00
-4.515192461008586400e-01,-1.627787964196113490e+00
-3.312513564441417757e-01,-1.455403989021486044e+00
-2.109834667874249114e-01,-1.242930717294619569e+00
-9.071557713070807494e-02,-1.002394937981185841e+00
5.498734594665404506e-03,-7.538412993573043730e-01
1.097309056304866665e-01,-5.173144496990945695e-01
2.019362877006362633e-01,-3.008322483170042805e-01
2.740970214946663597e-01,-8.835897659013783323e-02
3.382398959782486614e-01,1.160964358262808055e-01
3.943649111513832239e-01,2.924893406561321907e-01
4.344542077036221417e-01,4.448286675546401781e-01
4.705345746006371899e-01,5.691054868665809119e-01
4.945881525319805738e-01,6.733376579024021868e-01
5.066149414976522936e-01,7.695519696277757227e-01
5.186417304633239578e-01,8.537394923874774832e-01
5.306685194289956220e-01,9.098645075606119903e-01
5.306685194289956220e-01,9.098645075606119903e-01
5.386863787394434722e-01,9.619805930785226833e-01
5.386863787394434722e-01,9.619805930785226833e-01
5.386863787394434722e-01,9.619805930785226833e-01
5.146328008081000327e-01,9.098645075606119903e-01
5.066149414976522936e-01,8.256769848009102297e-01
5.026060118424283685e-01,7.174358841098650297e-01
4.825613635663089096e-01,5.811322758322525761e-01
4.665256449454133203e-01,4.247840192785207192e-01
4.544988559797416561e-01,2.323553958277737586e-01
4.344542077036221417e-01,1.988212410090732518e-02
4.224274187379504775e-01,-2.166447255573024644e-01
3.983738408066070935e-01,-4.491626455602883983e-01
3.863470518409354293e-01,-6.736627062528265375e-01
3.823381221857115042e-01,-8.781181186692451623e-01
3.823381221857115042e-01,-1.066537812464768198e+00
3.943649111513832239e-01,-1.258966435915515047e+00
4.184184890827266079e-01,-1.431350411090142716e+00
4.464809966692938614e-01,-1.579680808333426834e+00
4.825613635663089096e-01,-1.715984416611039176e+00
5.306685194289956220e-01,-1.824225517302084265e+00
5.867935346021301291e-01,-1.920439829027457801e+00
6.469274794304885612e-01,-2.004627351787159562e+00
7.070614242588469933e-01,-2.076788085581189769e+00
7.671953690872054255e-01,-2.124895241443876426e+00
8.393561028812355218e-01,-2.156966678685667826e+00
9.115168366752656182e-01,-2.173002397306563083e+00
9.916954297797435647e-01,-2.173002397306563083e+00
1.075882952539445325e+00,-2.156966678685667826e+00
1.168088334609594936e+00,-2.120886311788652723e+00
1.268311575990192397e+00,-2.064761296615518216e+00
1.352499098749894157e+00,-1.984582703511040158e+00
1.480784847717058650e+00,-1.848279095233427816e+00
1.576999159442432186e+00,-1.703957627645367401e+00
1.657177752546910021e+00,-1.555627230402083283e+00
1.709293838064820825e+00,-1.419323622124470941e+00
1.721320627030492378e+00,-1.303064662122978001e+00
