8.770000000000000000e+02,-1.219000000000000000e+03
8.770000000000000000e+02,-1.219000000000000000e+03
8.770000000000000000e+02,-1.219000000000000000e+03
8.740000000000000000e+02,-1.249000000000000000e+03
8.680000000000000000e+02,-1.275000000000000000e+03
8.560000000000000000e+02,-1.314000000000000000e+03
8.380000000000000000e+02,-1.365000000000000000e+03
8.190000000000000000e+02,-1.423000000000000000e+03
7.900000000000000000e+02,-1.491000000000000000e+03
7.630000000000000000e+02,-1.554000000000000000e+03
7.310000000000000000e+02,-1.619000000000000000e+03
7.060000000000000000e+02,-1.673000000000000000e+03
6.830000000000000000e+02,-1.721000000000000000e+03
6.660000000000000000e+02,-1.756000000000000000e+03
6.560000000000000000e+02,-1.777000000000000000e+03
6.560000000000000000e+02,-1.777000000000000000e+03
6.630000000000000000e+02,-1.762000000000000000e+03
6.800000000000000000e+02,-1.732000000000000000e+03
7.020000000000000000e+02,-1.691000000000000000e+03
7.280000000000000000e+02,-1.641000000000000000e+03
7.570000000000000000e+02,-1.585000000000000000e+03
7.900000000000000000e+02,-1.524000000000000000e+03
8.220000000000000000e+02,-1.459000000000000000e+03
8.560000000000000000e+02,-1.397000000000000000e+03
8.850000000000000000e+02,-1.347000000000000000e+03
9.120000000000000000e+02,-1.302000000000000000e+03
9.350000000000000000e+02,-1.271000000000000000e+03
9.570000000000000000e+02,-1.251000000000000000e+03
9.750000000000000000e+02,-1.248000000000000000e+03
9.950000000000000000e+02,-1.254000000000000000e+03
1.009000000000000000e+03,-1.281000000000000000e+03
1.025000000000000000e+03,-1.319000000000000000e+03
1.039000000000000000e+03,-1.370000000000000000e+03
1.057000000000000000e+03,-1.427000000000000000e+03
1.072000000000000000e+03,-1.492000000000000000e+03
1.088000000000000000e+03,-1.555000000000000000e+03
1.102000000000000000e+03,-1.614000000000000000e+03
1.114000000000000000e+03,-1.667000000000000000e+03
1.126000000000000000e+03,-1.711000000000000000e+03
1.135000000000000000e+03,-1.744000000000000000e+03
1.144000000000000000e+03,-1.763000000000000000e+03
1.144000000000000000e+03,-1.763000000000000000e+03
1.144000000000000000e+03,-1.763000000000000000e+03
1.144000000000000000e+03,-1.763000000000000000e+03
1.143000000000000000e+03,-1.738000000000000000e+03
1.134000000000000000e+03,-1.712000000000000000e+03
1.114000000000000000e+03,-1.692000000000000000e+03
