-3.903431506402381575e-03,1.061627871592580208e+00
-1.993915012729795960e-02,1.193922550214968625e+00
-6.403737633476080937e-02,1.278110072974670608e+00
-8.007309495565638480e-02,1.362297595734372369e+00
-8.007309495565638480e-02,1.362297595734372369e+00
-8.007309495565638480e-02,1.362297595734372369e+00
-1.241713211631192276e-01,1.430449399873178429e+00
-1.241713211631192276e-01,1.430449399873178429e+00
-1.602516880601342897e-01,1.358288666079148443e+00
-1.602516880601342897e-01,1.358288666079148443e+00
-1.722784770258059817e-01,1.266083284008998833e+00
-1.883141956467015432e-01,1.205949339180640401e+00
-1.883141956467015432e-01,1.205949339180640401e+00
-1.843052659914776459e-01,1.145815394352281968e+00
-1.843052659914776459e-01,1.145815394352281968e+00
