1.177000000000000000e+03,-9.620000000000000000e+02
1.152000000000000000e+03,-9.570000000000000000e+02
1.129000000000000000e+03,-9.400000000000000000e+02
1.087000000000000000e+03,-9.370000000000000000e+02
1.042000000000000000e+03,-9.340000000000000000e+02
9.920000000000000000e+02,-9.360000000000000000e+02
9.330000000000000000e+02,-9.480000000000000000e+02
8.850000000000000000e+02,-9.570000000000000000e+02
8.370000000000000000e+02,-9.810000000000000000e+02
8.020000000000000000e+02,-1.005000000000000000e+03
7.730000000000000000e+02,-1.034000000000000000e+03
7.660000000000000000e+02,-1.064000000000000000e+03
7.750000000000000000e+02,-1.102000000000000000e+03
8.070000000000000000e+02,-1.136000000000000000e+03
8.550000000000000000e+02,-1.179000000000000000e+03
9.170000000000000000e+02,-1.216000000000000000e+03
9.900000000000000000e+02,-1.263000000000000000e+03
1.067000000000000000e+03,-1.307000000000000000e+03
1.144000000000000000e+03,-1.359000000000000000e+03
1.212000000000000000e+03,-1.415000000000000000e+03
1.262000000000000000e+03,-1.469000000000000000e+03
1.299000000000000000e+03,-1.524000000000000000e+03
1.315000000000000000e+03,-1.573000000000000000e+03
1.312000000000000000e+03,-1.622000000000000000e+03
1.284000000000000000e+03,-1.662000000000000000e+03
1.245000000000000000e+03,-1.696000000000000000e+03
1.189000000000000000e+03,-1.723000000000000000e+03
1.128000000000000000e+03,-1.736000000000000000e+03
1.061000000000000000e+03,-1.741000000000000000e+03
9.870000000000000000e+02,-1.735000000000000000e+03
9.230000000000000000e+02,-1.721000000000000000e+03
8.560000000000000000e+02,-1.706000000000000000e+03
8.100000000000000000e+02,-1.671000000000000000e+03
7.730000000000000000e+02,-1.641000000000000000e+03
7.450000000000000000e+02,-1.610000000000000000e+03
7.310000000000000000e+02,-1.579000000000000000e+03
7.300000000000000000e+02,-1.551000000000000000e+03
