4.420000000000000000e+02,-6.890000000000000000e+02
4.420000000000000000e+02,-6.890000000000000000e+02
4.420000000000000000e+02,-6.890000000000000000e+02
4.280000000000000000e+02,-6.740000000000000000e+02
4.390000000000000000e+02,-6.600000000000000000e+02
4.390000000000000000e+02,-6.600000000000000000e+02
4.750000000000000000e+02,-6.280000000000000000e+02
5.020000000000000000e+02,-6.150000000000000000e+02
5.460000000000000000e+02,-5.910000000000000000e+02
5.880000000000000000e+02,-5.710000000000000000e+02
6.420000000000000000e+02,-5.470000000000000000e+02
6.950000000000000000e+02,-5.260000000000000000e+02
7.490000000000000000e+02,-5.060000000000000000e+02
8.050000000000000000e+02,-4.880000000000000000e+02
8.500000000000000000e+02,-4.820000000000000000e+02
8.970000000000000000e+02,-4.780000000000000000e+02
9.390000000000000000e+02,-4.730000000000000000e+02
9.740000000000000000e+02,-4.730000000000000000e+02
1.005000000000000000e+03,-4.750000000000000000e+02
