-8.004830289068309845e-01,-2.449456019341796076e-01
-8.004830289068309845e-01,-2.449456019341796076e-01
-6.962508578710098206e-01,-1.888205867610450728e-01
-6.280990537322035383e-01,-1.888205867610450728e-01
-5.399026013172778526e-01,-1.888205867610450728e-01
-3.995900633844415295e-01,-1.607580791744778193e-01
-2.472507364859335421e-01,-1.487312902088061273e-01
-6.283997234563437617e-02,-1.126509233117910791e-01
1.456243697260081738e-01,-6.855269710432823627e-02
3.380529931767551344e-01,-4.049018951776097580e-02
5.425084055931738147e-01,2.766161462104524058e-02
7.830441849066074322e-01,8.779555944940366230e-02
9.915085269782499822e-01,1.238759263464187244e-01
1.211999658015564307e+00,2.040545194508966154e-01
