6.390000000000000000e+02,-1.231000000000000000e+03
6.390000000000000000e+02,-1.231000000000000000e+03
6.390000000000000000e+02,-1.231000000000000000e+03
6.390000000000000000e+02,-1.231000000000000000e+03
6.390000000000000000e+02,-1.231000000000000000e+03
6.140000000000000000e+02,-1.170000000000000000e+03
6.140000000000000000e+02,-1.170000000000000000e+03
6.140000000000000000e+02,-1.170000000000000000e+03
6.140000000000000000e+02,-1.170000000000000000e+03
6.140000000000000000e+02,-1.170000000000000000e+03
6.140000000000000000e+02,-1.170000000000000000e+03
5.380000000000000000e+02,-1.136000000000000000e+03
5.380000000000000000e+02,-1.136000000000000000e+03
5.380000000000000000e+02,-1.136000000000000000e+03
5.380000000000000000e+02,-1.136000000000000000e+03
4.700000000000000000e+02,-1.206000000000000000e+03
4.700000000000000000e+02,-1.206000000000000000e+03
4.700000000000000000e+02,-1.206000000000000000e+03
4.540000000000000000e+02,-1.286000000000000000e+03
4.540000000000000000e+02,-1.286000000000000000e+03
4.540000000000000000e+02,-1.286000000000000000e+03
4.540000000000000000e+02,-1.286000000000000000e+03
5.170000000000000000e+02,-1.349000000000000000e+03
5.170000000000000000e+02,-1.349000000000000000e+03
5.170000000000000000e+02,-1.349000000000000000e+03
5.880000000000000000e+02,-1.337000000000000000e+03
5.880000000000000000e+02,-1.337000000000000000e+03
5.880000000000000000e+02,-1.337000000000000000e+03
6.270000000000000000e+02,-1.271000000000000000e+03
6.270000000000000000e+02,-1.271000000000000000e+03
6.260000000000000000e+02,-1.210000000000000000e+03
6.260000000000000000e+02,-1.210000000000000000e+03
6.260000000000000000e+02,-1.210000000000000000e+03
5.790000000000000000e+02,-1.144000000000000000e+03
5.790000000000000000e+02,-1.144000000000000000e+03
5.790000000000000000e+02,-1.144000000000000000e+03
5.050000000000000000e+02,-1.153000000000000000e+03
5.050000000000000000e+02,-1.153000000000000000e+03
5.050000000000000000e+02,-1.153000000000000000e+03
4.580000000000000000e+02,-1.234000000000000000e+03
