9.290000000000000000e+02,-1.278000000000000000e+03
9.290000000000000000e+02,-1.278000000000000000e+03
9.290000000000000000e+02,-1.278000000000000000e+03
9.290000000000000000e+02,-1.278000000000000000e+03
8.950000000000000000e+02,-1.209000000000000000e+03
8.950000000000000000e+02,-1.209000000000000000e+03
8.950000000000000000e+02,-1.209000000000000000e+03
8.950000000000000000e+02,-1.209000000000000000e+03
8.100000000000000000e+02,-1.251000000000000000e+03
8.100000000000000000e+02,-1.251000000000000000e+03
7.600000000000000000e+02,-1.349000000000000000e+03
7.420000000000000000e+02,-1.414000000000000000e+03
7.330000000000000000e+02,-1.494000000000000000e+03
7.330000000000000000e+02,-1.572000000000000000e+03
7.450000000000000000e+02,-1.652000000000000000e+03
7.690000000000000000e+02,-1.724000000000000000e+03
7.690000000000000000e+02,-1.724000000000000000e+03
8.530000000000000000e+02,-1.825000000000000000e+03
8.530000000000000000e+02,-1.825000000000000000e+03
9.560000000000000000e+02,-1.848000000000000000e+03
9.560000000000000000e+02,-1.848000000000000000e+03
1.063000000000000000e+03,-1.790000000000000000e+03
1.063000000000000000e+03,-1.790000000000000000e+03
1.138000000000000000e+03,-1.674000000000000000e+03
1.161000000000000000e+03,-1.602000000000000000e+03
1.168000000000000000e+03,-1.528000000000000000e+03
1.168000000000000000e+03,-1.463000000000000000e+03
1.155000000000000000e+03,-1.402000000000000000e+03
1.155000000000000000e+03,-1.402000000000000000e+03
1.091000000000000000e+03,-1.304000000000000000e+03
1.091000000000000000e+03,-1.304000000000000000e+03
1.018000000000000000e+03,-1.248000000000000000e+03
1.018000000000000000e+03,-1.248000000000000000e+03
9.560000000000000000e+02,-1.236000000000000000e+03
9.560000000000000000e+02,-1.236000000000000000e+03
9.560000000000000000e+02,-1.236000000000000000e+03
9.560000000000000000e+02,-1.236000000000000000e+03
9.560000000000000000e+02,-1.236000000000000000e+03
