4.040000000000000000e+02,-1.563000000000000000e+03
4.150000000000000000e+02,-1.579000000000000000e+03
4.300000000000000000e+02,-1.575000000000000000e+03
4.490000000000000000e+02,-1.570000000000000000e+03
4.700000000000000000e+02,-1.563000000000000000e+03
5.040000000000000000e+02,-1.543000000000000000e+03
5.310000000000000000e+02,-1.525000000000000000e+03
5.700000000000000000e+02,-1.491000000000000000e+03
6.060000000000000000e+02,-1.457000000000000000e+03
6.470000000000000000e+02,-1.412000000000000000e+03
6.810000000000000000e+02,-1.367000000000000000e+03
7.180000000000000000e+02,-1.319000000000000000e+03
7.450000000000000000e+02,-1.274000000000000000e+03
7.690000000000000000e+02,-1.231000000000000000e+03
7.870000000000000000e+02,-1.197000000000000000e+03
8.000000000000000000e+02,-1.171000000000000000e+03
8.030000000000000000e+02,-1.156000000000000000e+03
8.030000000000000000e+02,-1.156000000000000000e+03
8.030000000000000000e+02,-1.156000000000000000e+03
7.780000000000000000e+02,-1.179000000000000000e+03
7.600000000000000000e+02,-1.213000000000000000e+03
7.390000000000000000e+02,-1.258000000000000000e+03
7.180000000000000000e+02,-1.311000000000000000e+03
6.960000000000000000e+02,-1.373000000000000000e+03
6.810000000000000000e+02,-1.441000000000000000e+03
6.710000000000000000e+02,-1.510000000000000000e+03
6.690000000000000000e+02,-1.578000000000000000e+03
6.770000000000000000e+02,-1.643000000000000000e+03
6.900000000000000000e+02,-1.697000000000000000e+03
7.100000000000000000e+02,-1.741000000000000000e+03
7.360000000000000000e+02,-1.775000000000000000e+03
7.640000000000000000e+02,-1.792000000000000000e+03
7.940000000000000000e+02,-1.796000000000000000e+03
8.260000000000000000e+02,-1.790000000000000000e+03
8.580000000000000000e+02,-1.771000000000000000e+03
8.890000000000000000e+02,-1.744000000000000000e+03
9.200000000000000000e+02,-1.709000000000000000e+03
9.510000000000000000e+02,-1.667000000000000000e+03
9.830000000000000000e+02,-1.617000000000000000e+03
1.019000000000000000e+03,-1.563000000000000000e+03
1.057000000000000000e+03,-1.504000000000000000e+03
1.094000000000000000e+03,-1.439000000000000000e+03
1.129000000000000000e+03,-1.378000000000000000e+03
1.161000000000000000e+03,-1.317000000000000000e+03
1.186000000000000000e+03,-1.263000000000000000e+03
1.209000000000000000e+03,-1.216000000000000000e+03
1.224000000000000000e+03,-1.183000000000000000e+03
1.232000000000000000e+03,-1.156000000000000000e+03
1.232000000000000000e+03,-1.156000000000000000e+03
1.232000000000000000e+03,-1.156000000000000000e+03
1.212000000000000000e+03,-1.165000000000000000e+03
1.195000000000000000e+03,-1.191000000000000000e+03
1.177000000000000000e+03,-1.227000000000000000e+03
1.161000000000000000e+03,-1.274000000000000000e+03
1.150000000000000000e+03,-1.329000000000000000e+03
1.143000000000000000e+03,-1.394000000000000000e+03
1.141000000000000000e+03,-1.460000000000000000e+03
1.146000000000000000e+03,-1.525000000000000000e+03
1.156000000000000000e+03,-1.589000000000000000e+03
1.179000000000000000e+03,-1.647000000000000000e+03
1.206000000000000000e+03,-1.696000000000000000e+03
1.236000000000000000e+03,-1.729000000000000000e+03
1.269000000000000000e+03,-1.748000000000000000e+03
1.301000000000000000e+03,-1.757000000000000000e+03
1.340000000000000000e+03,-1.751000000000000000e+03
1.369000000000000000e+03,-1.744000000000000000e+03
1.397000000000000000e+03,-1.727000000000000000e+03
1.426000000000000000e+03,-1.692000000000000000e+03
1.444000000000000000e+03,-1.656000000000000000e+03
1.461000000000000000e+03,-1.611000000000000000e+03
