-9.304905234087580412e-01,1.645456201771046401e-02
-8.743655082356235342e-01,1.244563236248657015e-02
-8.062137040968173629e-01,-1.160794556885679819e-02
-7.180172516818915662e-01,4.188433968148857611e-04
-5.857225730595030377e-01,1.645456201771046401e-02
-4.574368240923384343e-01,3.649921029382993676e-02
-3.010885675386065219e-01,8.460636615651667691e-02
-1.567670999505463292e-01,1.206867330535317390e-01
1.962580487930504561e-02,1.728028185714423626e-01
1.839919207434847492e-01,2.169010447789052054e-01
3.643937552285599901e-01,2.730260599520397125e-01
5.167330821270680330e-01,3.091064268490548161e-01
6.650634793703521508e-01,3.491957234012937339e-01
7.933492283375167542e-01,3.812671606430849125e-01
9.015903290285619542e-01,4.053207385744282965e-01
9.937957110987114540e-01,4.293743165057716249e-01
1.057938585582293811e+00,4.293743165057716249e-01
1.057938585582293811e+00,4.293743165057716249e-01
1.138117178686771647e+00,4.774814723684583928e-01
1.138117178686771647e+00,4.774814723684583928e-01
