1.070481996716858397e+00,1.770578004799860938e+00
1.070481996716858397e+00,1.770578004799860938e+00
1.014356981543723890e+00,1.798640512386428414e+00
9.502141070601416439e-01,1.738506567558069982e+00
8.660265843004398834e-01,1.686390482040159178e+00
7.738212022302902726e-01,1.618238677901353118e+00
6.776068905049167368e-01,1.530042225486427432e+00
6.335086642974538940e-01,1.461890421347621150e+00
5.372943525720804692e-01,1.341622531690904285e+00
5.372943525720804692e-01,1.341622531690904285e+00
4.611246891228264477e-01,1.201309993758068018e+00
