5.700000000000000000e+02,-1.126000000000000000e+03
5.700000000000000000e+02,-1.126000000000000000e+03
5.700000000000000000e+02,-1.126000000000000000e+03
5.700000000000000000e+02,-1.126000000000000000e+03
5.700000000000000000e+02,-1.126000000000000000e+03
5.700000000000000000e+02,-1.126000000000000000e+03
6.300000000000000000e+02,-1.219000000000000000e+03
6.650000000000000000e+02,-1.284000000000000000e+03
7.070000000000000000e+02,-1.352000000000000000e+03
7.540000000000000000e+02,-1.427000000000000000e+03
8.030000000000000000e+02,-1.500000000000000000e+03
8.530000000000000000e+02,-1.573000000000000000e+03
8.950000000000000000e+02,-1.638000000000000000e+03
8.950000000000000000e+02,-1.638000000000000000e+03
9.690000000000000000e+02,-1.748000000000000000e+03
9.690000000000000000e+02,-1.748000000000000000e+03
1.016000000000000000e+03,-1.827000000000000000e+03
1.016000000000000000e+03,-1.827000000000000000e+03
1.016000000000000000e+03,-1.827000000000000000e+03
1.016000000000000000e+03,-1.827000000000000000e+03
1.016000000000000000e+03,-1.827000000000000000e+03
1.016000000000000000e+03,-1.827000000000000000e+03
1.079000000000000000e+03,-1.854000000000000000e+03
1.079000000000000000e+03,-1.854000000000000000e+03
