-8.369642887693685696e-01,6.519521851807859036e-01
-8.449821480798163087e-01,8.283450900106372750e-01
-8.449821480798163087e-01,8.283450900106372750e-01
-8.449821480798163087e-01,8.283450900106372750e-01
-8.449821480798163087e-01,8.283450900106372750e-01
-8.449821480798163087e-01,8.283450900106372750e-01
-8.449821480798163087e-01,8.283450900106372750e-01
-8.449821480798163087e-01,8.283450900106372750e-01
-6.525535246290694591e-01,7.281218486300399251e-01
-6.525535246290694591e-01,7.281218486300399251e-01
-5.443124239380242591e-01,3.432646017285460038e-01
-4.841784791096658269e-01,1.067377520703362004e-01
-4.320623935917551894e-01,-1.618605348296647539e-01
-3.759373784186206269e-01,-4.384766810401135029e-01
-3.278302225559339145e-01,-7.150928272505622241e-01
-2.717052073827994074e-01,-9.636464658744436917e-01
-2.155801922096648449e-01,-1.184137596911758017e+00
-1.634641066917542351e-01,-1.352512642431161538e+00
-1.634641066917542351e-01,-1.352512642431161538e+00
-6.724979496638074095e-02,-1.532914476916236834e+00
-6.724979496638074095e-02,-1.532914476916236834e+00
-6.724979496638074095e-02,-1.532914476916236834e+00
-6.724979496638074095e-02,-1.532914476916236834e+00
1.372056174500378978e-01,-1.244271541740116449e+00
2.053574215888440968e-01,-1.039816129323697824e+00
2.895449443485458851e-01,-8.113071389759357599e-01
3.737324671082477012e-01,-5.587445706968303671e-01
4.659378491783972565e-01,-2.861373541416055155e-01
5.661610905589946618e-01,-3.357478586250012276e-02
6.583664726291442726e-01,2.149788527613813727e-01
7.385450657336221081e-01,4.394789134539194841e-01
8.026879402172044653e-01,6.198807479389947250e-01
8.026879402172044653e-01,6.198807479389947250e-01
8.948933222873540760e-01,8.604165272524284536e-01
8.948933222873540760e-01,8.604165272524284536e-01
8.948933222873540760e-01,8.604165272524284536e-01
8.948933222873540760e-01,8.604165272524284536e-01
8.948933222873540760e-01,8.604165272524284536e-01
8.948933222873540760e-01,8.604165272524284536e-01
8.948933222873540760e-01,8.604165272524284536e-01
