8.650000000000000000e+02,-1.481000000000000000e+03
8.880000000000000000e+02,-1.469000000000000000e+03
8.880000000000000000e+02,-1.469000000000000000e+03
8.880000000000000000e+02,-1.469000000000000000e+03
8.880000000000000000e+02,-1.469000000000000000e+03
8.880000000000000000e+02,-1.469000000000000000e+03
8.880000000000000000e+02,-1.469000000000000000e+03
8.880000000000000000e+02,-1.469000000000000000e+03
8.980000000000000000e+02,-1.456000000000000000e+03
8.980000000000000000e+02,-1.456000000000000000e+03
8.980000000000000000e+02,-1.456000000000000000e+03
8.800000000000000000e+02,-1.442000000000000000e+03
8.800000000000000000e+02,-1.442000000000000000e+03
8.560000000000000000e+02,-1.432000000000000000e+03
8.400000000000000000e+02,-1.427000000000000000e+03
8.190000000000000000e+02,-1.429000000000000000e+03
7.940000000000000000e+02,-1.430000000000000000e+03
7.670000000000000000e+02,-1.435000000000000000e+03
7.400000000000000000e+02,-1.444000000000000000e+03
7.150000000000000000e+02,-1.459000000000000000e+03
6.890000000000000000e+02,-1.474000000000000000e+03
6.650000000000000000e+02,-1.500000000000000000e+03
6.470000000000000000e+02,-1.522000000000000000e+03
6.320000000000000000e+02,-1.549000000000000000e+03
6.230000000000000000e+02,-1.576000000000000000e+03
6.200000000000000000e+02,-1.605000000000000000e+03
6.270000000000000000e+02,-1.632000000000000000e+03
6.380000000000000000e+02,-1.656000000000000000e+03
6.590000000000000000e+02,-1.674000000000000000e+03
6.860000000000000000e+02,-1.685000000000000000e+03
7.190000000000000000e+02,-1.686000000000000000e+03
7.570000000000000000e+02,-1.682000000000000000e+03
7.970000000000000000e+02,-1.670000000000000000e+03
8.370000000000000000e+02,-1.652000000000000000e+03
8.730000000000000000e+02,-1.628000000000000000e+03
9.030000000000000000e+02,-1.601000000000000000e+03
9.290000000000000000e+02,-1.578000000000000000e+03
9.450000000000000000e+02,-1.555000000000000000e+03
9.570000000000000000e+02,-1.537000000000000000e+03
9.630000000000000000e+02,-1.524000000000000000e+03
9.630000000000000000e+02,-1.524000000000000000e+03
9.630000000000000000e+02,-1.524000000000000000e+03
9.630000000000000000e+02,-1.524000000000000000e+03
9.570000000000000000e+02,-1.542000000000000000e+03
9.540000000000000000e+02,-1.563000000000000000e+03
9.510000000000000000e+02,-1.589000000000000000e+03
9.510000000000000000e+02,-1.616000000000000000e+03
9.540000000000000000e+02,-1.647000000000000000e+03
9.620000000000000000e+02,-1.674000000000000000e+03
9.690000000000000000e+02,-1.702000000000000000e+03
9.830000000000000000e+02,-1.721000000000000000e+03
9.980000000000000000e+02,-1.736000000000000000e+03
1.018000000000000000e+03,-1.744000000000000000e+03
1.042000000000000000e+03,-1.748000000000000000e+03
1.060000000000000000e+03,-1.754000000000000000e+03
1.085000000000000000e+03,-1.747000000000000000e+03
1.108000000000000000e+03,-1.738000000000000000e+03
1.126000000000000000e+03,-1.730000000000000000e+03
1.144000000000000000e+03,-1.714000000000000000e+03
1.156000000000000000e+03,-1.699000000000000000e+03
