1.420000000000000000e+03,-1.076000000000000000e+03
1.425000000000000000e+03,-1.055000000000000000e+03
1.422000000000000000e+03,-1.041000000000000000e+03
1.414000000000000000e+03,-1.022000000000000000e+03
1.408000000000000000e+03,-9.980000000000000000e+02
1.381000000000000000e+03,-9.890000000000000000e+02
1.355000000000000000e+03,-9.680000000000000000e+02
1.315000000000000000e+03,-9.560000000000000000e+02
1.269000000000000000e+03,-9.450000000000000000e+02
1.214000000000000000e+03,-9.450000000000000000e+02
1.152000000000000000e+03,-9.520000000000000000e+02
1.082000000000000000e+03,-9.740000000000000000e+02
1.012000000000000000e+03,-1.007000000000000000e+03
9.360000000000000000e+02,-1.052000000000000000e+03
8.650000000000000000e+02,-1.114000000000000000e+03
7.940000000000000000e+02,-1.194000000000000000e+03
7.330000000000000000e+02,-1.281000000000000000e+03
6.840000000000000000e+02,-1.373000000000000000e+03
6.510000000000000000e+02,-1.466000000000000000e+03
6.360000000000000000e+02,-1.561000000000000000e+03
6.420000000000000000e+02,-1.641000000000000000e+03
6.740000000000000000e+02,-1.712000000000000000e+03
7.240000000000000000e+02,-1.768000000000000000e+03
7.990000000000000000e+02,-1.801000000000000000e+03
8.820000000000000000e+02,-1.822000000000000000e+03
9.770000000000000000e+02,-1.824000000000000000e+03
1.057000000000000000e+03,-1.821000000000000000e+03
1.144000000000000000e+03,-1.796000000000000000e+03
1.218000000000000000e+03,-1.771000000000000000e+03
1.278000000000000000e+03,-1.739000000000000000e+03
1.328000000000000000e+03,-1.702000000000000000e+03
