3.735728523164194015e-01,9.576145115320932044e-01
3.735728523164194015e-01,9.576145115320932044e-01
3.775817819716432711e-01,1.101935979120153508e+00
3.735728523164194015e-01,1.186123501879855269e+00
3.775817819716432711e-01,1.294364602570900358e+00
3.655549930059716068e-01,1.414632492227617222e+00
3.415014150746282229e-01,1.494811085332095058e+00
3.014121185223892496e-01,1.578998608091797040e+00
2.533049626597025372e-01,1.639132552920155472e+00
1.811442288656724131e-01,1.703275427403737607e+00
8.893884679552284400e-02,1.699266497748513904e+00
-2.732011320597011253e-02,1.631114693609707622e+00
-1.395701435522391787e-01,1.534900381884334086e+00
-2.598380332089560429e-01,1.374543195675378415e+00
-3.520434152791055982e-01,1.238239587397765851e+00
-4.201952194179118250e-01,1.069864541878362330e+00
-4.362309380388074143e-01,9.375698632559738011e-01
-4.121773601074640303e-01,7.972573253231374224e-01
-3.440255559686578035e-01,7.250965915291073260e-01
-2.317755256223887617e-01,7.010430135977639976e-01
-1.034897766552241166e-01,6.890162246320923334e-01
5.285847989850778889e-02,7.010430135977639976e-01
1.971799474865680024e-01,6.769894356664205581e-01
3.254656964537326336e-01,6.128465611828383119e-01
4.176710785238822443e-01,4.885697418708975226e-01
4.818139530074645460e-01,3.161857666962700764e-01
5.058675309388078745e-01,9.970356531417973178e-02
5.138853902492557246e-01,-1.809215105514929145e-01
4.898318123179123407e-01,-4.695644457276133554e-01
4.577603750761211621e-01,-7.782520291798532552e-01
4.216800081791061139e-01,-1.066894964355973752e+00
3.775817819716432711e-01,-1.291395025048511780e+00
3.415014150746282229e-01,-1.495850437464930405e+00
3.054210481776131747e-01,-1.680261201605229626e+00
2.693406812805981265e-01,-1.828591598848513744e+00
2.092067364522396944e-01,-1.948859488505230608e+00
1.450638619686573649e-01,-2.021020222299260816e+00
4.083169093283610385e-02,-2.065118448506723325e+00
-7.542726906865684922e-02,-2.101198815403738429e+00
-2.117308773462692750e-01,-2.109216674714186279e+00
-3.640702042447772624e-01,-2.065118448506723325e+00
-5.204184607985091748e-01,-1.956877347815678458e+00
-6.727577876970172177e-01,-1.792511231951498640e+00
-7.850078180432862318e-01,-1.564002241603736687e+00
-8.651864111477641783e-01,-1.327475391945526884e+00
-8.852310594238835817e-01,-1.030814597458958648e+00
-8.531596221820925141e-01,-7.181180843514948231e-01
-7.609542401119429034e-01,-4.535287271067177661e-01
-6.166327725238827107e-01,-1.929482995171646065e-01
-4.201952194179118250e-01,2.353390186492572769e-02
-1.997040883805975831e-01,1.879000177291054174e-01
8.492991714029894668e-02,3.282125556619417406e-01
3.134389074880609694e-01,4.124000784216435567e-01
5.980729130089574852e-01,5.647394053201515440e-01
