-9.933236812388115955e-02,1.252567798943287736e+00
-9.131450881343336490e-02,1.348782110668661050e+00
-9.131450881343336490e-02,1.348782110668661050e+00
-1.233859460552245296e-01,1.457023211359706361e+00
-1.233859460552245296e-01,1.457023211359706361e+00
-1.474395239865678997e-01,1.509139296877616943e+00
-1.474395239865678997e-01,1.509139296877616943e+00
-1.474395239865678997e-01,1.509139296877616943e+00
-1.474395239865678997e-01,1.509139296877616943e+00
-1.273948757104484131e-01,1.457023211359706361e+00
