1.210000000000000000e+02,-1.159000000000000000e+03
1.210000000000000000e+02,-1.159000000000000000e+03
1.110000000000000000e+02,-1.163000000000000000e+03
1.120000000000000000e+02,-1.147000000000000000e+03
1.220000000000000000e+02,-1.129000000000000000e+03
1.370000000000000000e+02,-1.099000000000000000e+03
1.630000000000000000e+02,-1.056000000000000000e+03
1.930000000000000000e+02,-1.006000000000000000e+03
2.320000000000000000e+02,-9.380000000000000000e+02
2.720000000000000000e+02,-8.630000000000000000e+02
3.210000000000000000e+02,-7.790000000000000000e+02
3.620000000000000000e+02,-6.910000000000000000e+02
4.040000000000000000e+02,-5.950000000000000000e+02
4.390000000000000000e+02,-4.950000000000000000e+02
4.700000000000000000e+02,-3.920000000000000000e+02
4.930000000000000000e+02,-2.940000000000000000e+02
5.100000000000000000e+02,-2.030000000000000000e+02
5.170000000000000000e+02,-1.320000000000000000e+02
5.210000000000000000e+02,-6.800000000000000000e+01
5.170000000000000000e+02,-2.400000000000000000e+01
5.170000000000000000e+02,-2.400000000000000000e+01
5.010000000000000000e+02,2.200000000000000000e+01
5.010000000000000000e+02,2.200000000000000000e+01
5.010000000000000000e+02,2.200000000000000000e+01
4.580000000000000000e+02,-1.900000000000000000e+01
4.440000000000000000e+02,-4.600000000000000000e+01
4.270000000000000000e+02,-8.600000000000000000e+01
4.100000000000000000e+02,-1.380000000000000000e+02
3.930000000000000000e+02,-1.940000000000000000e+02
3.730000000000000000e+02,-2.620000000000000000e+02
3.540000000000000000e+02,-3.360000000000000000e+02
3.330000000000000000e+02,-4.200000000000000000e+02
3.060000000000000000e+02,-5.120000000000000000e+02
2.800000000000000000e+02,-6.050000000000000000e+02
2.510000000000000000e+02,-6.960000000000000000e+02
2.220000000000000000e+02,-7.820000000000000000e+02
1.930000000000000000e+02,-8.680000000000000000e+02
1.670000000000000000e+02,-9.480000000000000000e+02
1.430000000000000000e+02,-1.015000000000000000e+03
1.250000000000000000e+02,-1.069000000000000000e+03
1.120000000000000000e+02,-1.112000000000000000e+03
1.050000000000000000e+02,-1.141000000000000000e+03
1.030000000000000000e+02,-1.163000000000000000e+03
1.030000000000000000e+02,-1.163000000000000000e+03
1.150000000000000000e+02,-1.159000000000000000e+03
1.290000000000000000e+02,-1.142000000000000000e+03
1.470000000000000000e+02,-1.120000000000000000e+03
1.680000000000000000e+02,-1.091000000000000000e+03
1.900000000000000000e+02,-1.056000000000000000e+03
2.170000000000000000e+02,-1.020000000000000000e+03
2.430000000000000000e+02,-9.790000000000000000e+02
2.710000000000000000e+02,-9.400000000000000000e+02
2.980000000000000000e+02,-9.060000000000000000e+02
3.280000000000000000e+02,-8.740000000000000000e+02
3.580000000000000000e+02,-8.420000000000000000e+02
3.870000000000000000e+02,-8.160000000000000000e+02
4.150000000000000000e+02,-7.940000000000000000e+02
4.410000000000000000e+02,-7.820000000000000000e+02
4.660000000000000000e+02,-7.820000000000000000e+02
4.870000000000000000e+02,-7.880000000000000000e+02
5.050000000000000000e+02,-8.040000000000000000e+02
5.140000000000000000e+02,-8.300000000000000000e+02
5.180000000000000000e+02,-8.670000000000000000e+02
5.190000000000000000e+02,-9.150000000000000000e+02
5.150000000000000000e+02,-9.690000000000000000e+02
5.080000000000000000e+02,-1.020000000000000000e+03
5.020000000000000000e+02,-1.066000000000000000e+03
4.970000000000000000e+02,-1.114000000000000000e+03
4.950000000000000000e+02,-1.155000000000000000e+03
4.970000000000000000e+02,-1.190000000000000000e+03
5.050000000000000000e+02,-1.218000000000000000e+03
5.200000000000000000e+02,-1.235000000000000000e+03
5.400000000000000000e+02,-1.244000000000000000e+03
5.690000000000000000e+02,-1.246000000000000000e+03
5.980000000000000000e+02,-1.245000000000000000e+03
6.350000000000000000e+02,-1.238000000000000000e+03
6.780000000000000000e+02,-1.219000000000000000e+03
7.180000000000000000e+02,-1.201000000000000000e+03
7.630000000000000000e+02,-1.175000000000000000e+03
