7.880000000000000000e+02,-9.130000000000000000e+02
7.870000000000000000e+02,-8.950000000000000000e+02
7.940000000000000000e+02,-8.680000000000000000e+02
7.940000000000000000e+02,-8.500000000000000000e+02
7.990000000000000000e+02,-8.320000000000000000e+02
8.020000000000000000e+02,-8.170000000000000000e+02
8.020000000000000000e+02,-8.170000000000000000e+02
8.050000000000000000e+02,-7.970000000000000000e+02
8.000000000000000000e+02,-9.370000000000000000e+02
7.940000000000000000e+02,-9.710000000000000000e+02
7.870000000000000000e+02,-1.011000000000000000e+03
7.810000000000000000e+02,-1.063000000000000000e+03
7.750000000000000000e+02,-1.124000000000000000e+03
7.690000000000000000e+02,-1.195000000000000000e+03
7.640000000000000000e+02,-1.274000000000000000e+03
7.630000000000000000e+02,-1.355000000000000000e+03
7.640000000000000000e+02,-1.304000000000000000e+03
7.690000000000000000e+02,-1.364000000000000000e+03
7.750000000000000000e+02,-1.430000000000000000e+03
7.810000000000000000e+02,-1.488000000000000000e+03
7.910000000000000000e+02,-1.540000000000000000e+03
8.000000000000000000e+02,-1.587000000000000000e+03
8.140000000000000000e+02,-1.625000000000000000e+03
8.250000000000000000e+02,-1.658000000000000000e+03
8.410000000000000000e+02,-1.679000000000000000e+03
8.580000000000000000e+02,-1.691000000000000000e+03
8.730000000000000000e+02,-1.689000000000000000e+03
8.970000000000000000e+02,-1.673000000000000000e+03
8.970000000000000000e+02,-1.673000000000000000e+03
