7.790000000000000000e+02,-9.570000000000000000e+02
7.790000000000000000e+02,-9.570000000000000000e+02
7.790000000000000000e+02,-9.570000000000000000e+02
7.640000000000000000e+02,-9.700000000000000000e+02
7.570000000000000000e+02,-9.880000000000000000e+02
7.520000000000000000e+02,-1.006000000000000000e+03
7.420000000000000000e+02,-1.033000000000000000e+03
7.340000000000000000e+02,-1.062000000000000000e+03
7.220000000000000000e+02,-1.102000000000000000e+03
7.130000000000000000e+02,-1.146000000000000000e+03
7.040000000000000000e+02,-1.199000000000000000e+03
6.980000000000000000e+02,-1.255000000000000000e+03
6.930000000000000000e+02,-1.315000000000000000e+03
6.950000000000000000e+02,-1.378000000000000000e+03
7.010000000000000000e+02,-1.442000000000000000e+03
7.120000000000000000e+02,-1.502000000000000000e+03
7.270000000000000000e+02,-1.561000000000000000e+03
7.480000000000000000e+02,-1.609000000000000000e+03
7.750000000000000000e+02,-1.654000000000000000e+03
8.100000000000000000e+02,-1.689000000000000000e+03
8.460000000000000000e+02,-1.716000000000000000e+03
8.910000000000000000e+02,-1.728000000000000000e+03
9.360000000000000000e+02,-1.733000000000000000e+03
9.890000000000000000e+02,-1.725000000000000000e+03
1.043000000000000000e+03,-1.708000000000000000e+03
1.099000000000000000e+03,-1.683000000000000000e+03
1.150000000000000000e+03,-1.650000000000000000e+03
1.201000000000000000e+03,-1.609000000000000000e+03
1.248000000000000000e+03,-1.564000000000000000e+03
1.289000000000000000e+03,-1.517000000000000000e+03
1.325000000000000000e+03,-1.464000000000000000e+03
1.355000000000000000e+03,-1.407000000000000000e+03
1.378000000000000000e+03,-1.348000000000000000e+03
1.396000000000000000e+03,-1.288000000000000000e+03
1.411000000000000000e+03,-1.229000000000000000e+03
1.416000000000000000e+03,-1.172000000000000000e+03
1.417000000000000000e+03,-1.113000000000000000e+03
1.423000000000000000e+03,-1.057000000000000000e+03
1.414000000000000000e+03,-1.021000000000000000e+03
1.416000000000000000e+03,-9.820000000000000000e+02
