-5.384183428377844471e-01,1.095048680395014795e+00
-5.905344283556950291e-01,1.087030821084566945e+00
-5.905344283556950291e-01,1.087030821084566945e+00
-5.905344283556950291e-01,1.087030821084566945e+00
-5.905344283556950291e-01,1.087030821084566945e+00
-5.905344283556950291e-01,1.087030821084566945e+00
-6.466594435288296472e-01,1.062977243153223617e+00
-6.466594435288296472e-01,1.062977243153223617e+00
-6.466594435288296472e-01,1.062977243153223617e+00
-5.905344283556950291e-01,1.070995102463671467e+00
-5.905344283556950291e-01,1.070995102463671467e+00
-5.905344283556950291e-01,1.070995102463671467e+00
-5.304004835273365970e-01,1.034914735566656363e+00
