6.390000000000000000e+02,-8.090000000000000000e+02
6.360000000000000000e+02,-8.440000000000000000e+02
6.270000000000000000e+02,-9.030000000000000000e+02
6.230000000000000000e+02,-9.660000000000000000e+02
6.240000000000000000e+02,-1.043000000000000000e+03
6.230000000000000000e+02,-1.133000000000000000e+03
6.330000000000000000e+02,-1.219000000000000000e+03
6.360000000000000000e+02,-1.316000000000000000e+03
6.480000000000000000e+02,-1.402000000000000000e+03
6.570000000000000000e+02,-1.488000000000000000e+03
6.720000000000000000e+02,-1.560000000000000000e+03
6.810000000000000000e+02,-1.623000000000000000e+03
6.920000000000000000e+02,-1.673000000000000000e+03
7.010000000000000000e+02,-1.711000000000000000e+03
7.090000000000000000e+02,-1.736000000000000000e+03
7.120000000000000000e+02,-1.751000000000000000e+03
7.120000000000000000e+02,-1.751000000000000000e+03
7.160000000000000000e+02,-1.736000000000000000e+03
7.160000000000000000e+02,-1.706000000000000000e+03
7.180000000000000000e+02,-1.658000000000000000e+03
7.220000000000000000e+02,-1.593000000000000000e+03
7.280000000000000000e+02,-1.513000000000000000e+03
7.430000000000000000e+02,-1.418000000000000000e+03
7.610000000000000000e+02,-1.314000000000000000e+03
7.880000000000000000e+02,-1.207000000000000000e+03
8.220000000000000000e+02,-1.103000000000000000e+03
8.580000000000000000e+02,-1.004000000000000000e+03
9.000000000000000000e+02,-9.210000000000000000e+02
9.440000000000000000e+02,-8.530000000000000000e+02
9.870000000000000000e+02,-8.050000000000000000e+02
1.027000000000000000e+03,-7.760000000000000000e+02
1.064000000000000000e+03,-7.660000000000000000e+02
1.096000000000000000e+03,-7.720000000000000000e+02
1.119000000000000000e+03,-7.930000000000000000e+02
1.135000000000000000e+03,-8.240000000000000000e+02
1.140000000000000000e+03,-8.680000000000000000e+02
1.132000000000000000e+03,-9.210000000000000000e+02
1.113000000000000000e+03,-9.810000000000000000e+02
1.079000000000000000e+03,-1.044000000000000000e+03
1.036000000000000000e+03,-1.109000000000000000e+03
9.860000000000000000e+02,-1.174000000000000000e+03
9.350000000000000000e+02,-1.234000000000000000e+03
8.880000000000000000e+02,-1.287000000000000000e+03
8.440000000000000000e+02,-1.334000000000000000e+03
8.110000000000000000e+02,-1.370000000000000000e+03
7.910000000000000000e+02,-1.402000000000000000e+03
7.870000000000000000e+02,-1.427000000000000000e+03
7.940000000000000000e+02,-1.450000000000000000e+03
8.170000000000000000e+02,-1.468000000000000000e+03
8.470000000000000000e+02,-1.491000000000000000e+03
8.880000000000000000e+02,-1.513000000000000000e+03
9.300000000000000000e+02,-1.542000000000000000e+03
9.750000000000000000e+02,-1.567000000000000000e+03
1.021000000000000000e+03,-1.593000000000000000e+03
1.064000000000000000e+03,-1.616000000000000000e+03
1.102000000000000000e+03,-1.638000000000000000e+03
1.135000000000000000e+03,-1.659000000000000000e+03
1.162000000000000000e+03,-1.676000000000000000e+03
1.179000000000000000e+03,-1.692000000000000000e+03
1.198000000000000000e+03,-1.700000000000000000e+03
1.207000000000000000e+03,-1.717000000000000000e+03
1.207000000000000000e+03,-1.717000000000000000e+03
1.207000000000000000e+03,-1.717000000000000000e+03
1.194000000000000000e+03,-1.723000000000000000e+03
