6.980000000000000000e+02,-2.019000000000000000e+03
6.980000000000000000e+02,-2.019000000000000000e+03
6.900000000000000000e+02,-2.034000000000000000e+03
6.900000000000000000e+02,-2.034000000000000000e+03
6.900000000000000000e+02,-2.034000000000000000e+03
6.900000000000000000e+02,-2.034000000000000000e+03
7.180000000000000000e+02,-2.042000000000000000e+03
7.180000000000000000e+02,-2.042000000000000000e+03
7.520000000000000000e+02,-2.033000000000000000e+03
7.730000000000000000e+02,-2.027000000000000000e+03
8.030000000000000000e+02,-2.010000000000000000e+03
8.290000000000000000e+02,-1.996000000000000000e+03
8.620000000000000000e+02,-1.974000000000000000e+03
8.910000000000000000e+02,-1.954000000000000000e+03
9.230000000000000000e+02,-1.932000000000000000e+03
9.480000000000000000e+02,-1.915000000000000000e+03
9.710000000000000000e+02,-1.900000000000000000e+03
9.860000000000000000e+02,-1.895000000000000000e+03
9.860000000000000000e+02,-1.895000000000000000e+03
9.990000000000000000e+02,-1.906000000000000000e+03
9.980000000000000000e+02,-1.923000000000000000e+03
9.890000000000000000e+02,-1.945000000000000000e+03
9.750000000000000000e+02,-1.969000000000000000e+03
9.570000000000000000e+02,-1.996000000000000000e+03
9.360000000000000000e+02,-2.024000000000000000e+03
9.150000000000000000e+02,-2.048000000000000000e+03
8.910000000000000000e+02,-2.069000000000000000e+03
8.680000000000000000e+02,-2.084000000000000000e+03
8.460000000000000000e+02,-2.096000000000000000e+03
8.260000000000000000e+02,-2.103000000000000000e+03
8.080000000000000000e+02,-2.109000000000000000e+03
8.080000000000000000e+02,-2.109000000000000000e+03
7.850000000000000000e+02,-2.116000000000000000e+03
7.850000000000000000e+02,-2.116000000000000000e+03
7.850000000000000000e+02,-2.116000000000000000e+03
7.720000000000000000e+02,-2.113000000000000000e+03
7.720000000000000000e+02,-2.113000000000000000e+03
7.720000000000000000e+02,-2.113000000000000000e+03
7.810000000000000000e+02,-2.097000000000000000e+03
7.810000000000000000e+02,-2.097000000000000000e+03
7.970000000000000000e+02,-2.078000000000000000e+03
8.100000000000000000e+02,-2.064000000000000000e+03
8.250000000000000000e+02,-2.048000000000000000e+03
8.430000000000000000e+02,-2.030000000000000000e+03
8.620000000000000000e+02,-2.007000000000000000e+03
8.830000000000000000e+02,-1.984000000000000000e+03
9.060000000000000000e+02,-1.959000000000000000e+03
9.290000000000000000e+02,-1.936000000000000000e+03
9.530000000000000000e+02,-1.910000000000000000e+03
9.780000000000000000e+02,-1.886000000000000000e+03
1.005000000000000000e+03,-1.861000000000000000e+03
1.036000000000000000e+03,-1.837000000000000000e+03
1.069000000000000000e+03,-1.811000000000000000e+03
1.103000000000000000e+03,-1.782000000000000000e+03
1.143000000000000000e+03,-1.749000000000000000e+03
1.185000000000000000e+03,-1.714000000000000000e+03
1.230000000000000000e+03,-1.675000000000000000e+03
1.277000000000000000e+03,-1.633000000000000000e+03
1.322000000000000000e+03,-1.591000000000000000e+03
1.367000000000000000e+03,-1.549000000000000000e+03
1.410000000000000000e+03,-1.506000000000000000e+03
1.450000000000000000e+03,-1.469000000000000000e+03
1.489000000000000000e+03,-1.437000000000000000e+03
1.524000000000000000e+03,-1.407000000000000000e+03
1.554000000000000000e+03,-1.384000000000000000e+03
1.583000000000000000e+03,-1.363000000000000000e+03
1.605000000000000000e+03,-1.347000000000000000e+03
1.631000000000000000e+03,-1.328000000000000000e+03
1.646000000000000000e+03,-1.321000000000000000e+03
1.670000000000000000e+03,-1.301000000000000000e+03
1.688000000000000000e+03,-1.288000000000000000e+03
1.688000000000000000e+03,-1.288000000000000000e+03
1.709000000000000000e+03,-1.265000000000000000e+03
1.709000000000000000e+03,-1.265000000000000000e+03
