1.176000000000000000e+03,-7.250000000000000000e+02
1.176000000000000000e+03,-7.250000000000000000e+02
1.171000000000000000e+03,-7.490000000000000000e+02
1.173000000000000000e+03,-7.880000000000000000e+02
1.176000000000000000e+03,-8.360000000000000000e+02
1.180000000000000000e+03,-8.980000000000000000e+02
1.183000000000000000e+03,-9.710000000000000000e+02
1.191000000000000000e+03,-1.047000000000000000e+03
1.192000000000000000e+03,-1.135000000000000000e+03
1.195000000000000000e+03,-1.221000000000000000e+03
1.195000000000000000e+03,-1.301000000000000000e+03
1.200000000000000000e+03,-1.371000000000000000e+03
1.203000000000000000e+03,-1.435000000000000000e+03
1.204000000000000000e+03,-1.489000000000000000e+03
1.212000000000000000e+03,-1.530000000000000000e+03
1.217000000000000000e+03,-1.564000000000000000e+03
1.214000000000000000e+03,-1.596000000000000000e+03
1.226000000000000000e+03,-1.610000000000000000e+03
1.221000000000000000e+03,-1.625000000000000000e+03
1.221000000000000000e+03,-1.625000000000000000e+03
