-6.364016743157807632e-01,2.061098913217491280e+00
-6.364016743157807632e-01,2.121232858045849490e+00
-6.364016743157807632e-01,2.121232858045849490e+00
-6.404106039710046883e-01,2.181366802874208144e+00
-6.404106039710046883e-01,2.181366802874208144e+00
-6.404106039710046883e-01,2.181366802874208144e+00
-5.762677294874223310e-01,2.181366802874208144e+00
-4.960891363829444400e-01,2.165331084253312444e+00
-3.878480356918992955e-01,2.189384662184655994e+00
-2.796069350008540955e-01,2.201411451150327547e+00
-1.433033267232416696e-01,2.225465029081671098e+00
