-8.026670144854874955e-01,1.068313671859110331e-01
-8.026670144854874955e-01,1.068313671859110331e-01
-7.786134365541440561e-01,1.629563823590455540e-01
-7.786134365541440561e-01,1.629563823590455540e-01
-7.786134365541440561e-01,1.629563823590455540e-01
-7.786134365541440561e-01,1.629563823590455540e-01
-8.387473813825024882e-01,1.068313671859110331e-01
-8.387473813825024882e-01,1.068313671859110331e-01
-9.149170448317565096e-01,2.264384442620924129e-02
-9.149170448317565096e-01,2.264384442620924129e-02
-1.003113497246682195e+00,-1.056419045409554003e-01
-1.039193864143697299e+00,-1.898294273006571886e-01
-1.083292090351160031e+00,-2.980705279917023609e-01
-1.111354597937727284e+00,-4.063116286827475054e-01
-1.143426035179518463e+00,-5.386063073051360339e-01
-1.159461753800414163e+00,-6.829277748931962266e-01
-1.167479613110862013e+00,-8.352671017917042695e-01
-1.159461753800414163e+00,-9.996332176558839766e-01
-1.135408175869070835e+00,-1.159990403864839870e+00
-1.099327808972055731e+00,-1.320347590073795541e+00
-1.051220653109368852e+00,-1.468677987317079658e+00
-9.870777786257866060e-01,-1.612999454905139851e+00
-9.028902558660848454e-01,-1.749303063182752416e+00
-8.026670144854874955e-01,-1.861553093529021430e+00
-7.024437731048901457e-01,-1.965785264564842594e+00
-5.942026724138449456e-01,-2.049972787324544576e+00
-4.779437124123520064e-01,-2.122133521118574340e+00
-3.576758227556351422e-01,-2.182267465946932994e+00
-2.414168627541421752e-01,-2.238392481120067501e+00
-1.211489730974253387e-01,-2.266454988706634754e+00
-4.890013095932383043e-03,-2.298526425948425711e+00
1.073600172503366701e-01,-2.310553214914097708e+00
2.236189772518296370e-01,-2.310553214914097708e+00
3.438868669085464735e-01,-2.298526425948425711e+00
4.641547565652633378e-01,-2.262446059051411051e+00
5.844226462219801466e-01,-2.206321043878276544e+00
7.046905358786970108e-01,-2.130151380429022190e+00
8.209494958801899500e-01,-2.025919209393201026e+00
9.171638076055634858e-01,-1.905651319736484162e+00
1.013378119330937022e+00,-1.765338781803647894e+00
1.085538853124967007e+00,-1.600972665939468298e+00
1.141663868298101514e+00,-1.428588690764840630e+00
1.169726375884668768e+00,-1.248186856279765555e+00
1.189771024160788393e+00,-1.051749303173794559e+00
1.177744235195116618e+00,-8.593206797230475980e-01
1.153690657263773289e+00,-6.668920562723006373e-01
1.117610290366758186e+00,-4.744634328215537322e-01
1.069503134504071529e+00,-2.860437390260306412e-01
1.013378119330937022e+00,-1.176686935066270784e-01
9.612620338130263287e-01,3.467063339188092286e-02
9.131548779503395608e-01,1.669653120142694513e-01
8.570298627772050537e-01,2.832242720157623905e-01
8.089227069145182858e-01,3.674117947754642066e-01
7.808601993279510323e-01,4.315546692590465083e-01
7.808601993279510323e-01,4.315546692590465083e-01
7.287441138100403393e-01,5.117332623635244548e-01
7.287441138100403393e-01,5.117332623635244548e-01
7.287441138100403393e-01,5.117332623635244548e-01
7.287441138100403393e-01,5.117332623635244548e-01
7.287441138100403393e-01,5.117332623635244548e-01
7.287441138100403393e-01,5.117332623635244548e-01
7.287441138100403393e-01,5.117332623635244548e-01
7.527976917413837787e-01,4.515993175351660227e-01
7.527976917413837787e-01,4.515993175351660227e-01
