-2.030603048964007229e+00,7.566614188455784706e-01
-2.110781642068485287e+00,7.125631926381156278e-01
-2.110781642068485287e+00,7.125631926381156278e-01
-2.110781642068485287e+00,7.125631926381156278e-01
-2.170915586896843497e+00,6.604471071202050458e-01
-2.170915586896843497e+00,6.604471071202050458e-01
-2.170915586896843497e+00,6.604471071202050458e-01
-2.170915586896843497e+00,6.604471071202050458e-01
-2.170915586896843497e+00,6.604471071202050458e-01
-2.170915586896843497e+00,6.604471071202050458e-01
-2.170915586896843497e+00,6.604471071202050458e-01
-2.114790571723708990e+00,6.885096147067722994e-01
-2.114790571723708990e+00,6.885096147067722994e-01
-2.026594119308783082e+00,7.847239264321457242e-01
-1.970469104135648797e+00,8.528757305709520065e-01
-1.882272651720723111e+00,9.490900422963254313e-01
-1.790067269650573500e+00,1.057331142987370631e+00
-1.673808309649080561e+00,1.201652610575430824e+00
-1.553540419992363697e+00,1.353991937473938867e+00
-1.417236811714751354e+00,1.530384842303790238e+00
-1.276924273781914865e+00,1.710786676788865535e+00
-1.136611735849078597e+00,1.903215300239612384e+00
-1.004317057226690180e+00,2.115688571966478637e+00
-8.840491675699732044e-01,2.320143984382897706e+00
-7.637812779132563401e-01,2.512572607833644334e+00
-6.555401772222112511e-01,2.688965512663495705e+00
-5.713526544625093795e-01,2.845313769217227673e+00
-4.911740613580315440e-01,2.985626307150063941e+00
-4.430669054953447761e-01,3.113912056117228655e+00
-3.989686792878819332e-01,3.202108508532154563e+00
-3.829329606669863439e-01,3.262242453360512773e+00
-3.829329606669863439e-01,3.262242453360512773e+00
-3.829329606669863439e-01,3.262242453360512773e+00
-3.829329606669863439e-01,3.262242453360512773e+00
-3.829329606669863439e-01,3.262242453360512773e+00
-3.989686792878819332e-01,3.154001352669467462e+00
-4.109954682535536530e-01,3.041751322323198448e+00
-4.230222572192253172e-01,2.901438784390362180e+00
-4.350490461848969814e-01,2.733063738870958659e+00
-4.430669054953447761e-01,2.520590467144092184e+00
-4.430669054953447761e-01,2.284063617485882602e+00
-4.430669054953447761e-01,2.023483189896329471e+00
-4.430669054953447761e-01,1.734840254720208863e+00
-4.350490461848969814e-01,1.414125882302297299e+00
-4.350490461848969814e-01,1.069357931953042185e+00
-4.310401165296731119e-01,7.085542629828917027e-01
-4.350490461848969814e-01,3.076612974605022477e-01
-4.430669054953447761e-01,-9.724059771711113243e-02
-4.550936944610164958e-01,-5.261960708260678965e-01
-4.711294130819120851e-01,-9.471336846245768104e-01
-4.951829910132554136e-01,-1.384107017043981314e+00
-5.312633579102704617e-01,-1.789008912221594860e+00
-5.513080061863899761e-01,-2.193910807399208185e+00
-5.833794434281811547e-01,-2.574759124645478181e+00
-6.114419510147484083e-01,-2.911509215684285223e+00
-6.314865992908678116e-01,-3.208170010170853459e+00
-6.675669661878829153e-01,-3.456723648794735038e+00
-6.795937551535545795e-01,-3.661179061211153662e+00
-7.076562627401218331e-01,-3.809509458454437780e+00
-7.156741220505696832e-01,-3.933786277766378792e+00
-7.397276999819130117e-01,-3.985902363284289152e+00
-7.397276999819130117e-01,-3.985902363284289152e+00
-7.397276999819130117e-01,-3.985902363284289152e+00
-7.397276999819130117e-01,-3.985902363284289152e+00
-7.758080668789281154e-01,-3.865634473627572287e+00
-7.798169965341519294e-01,-3.769420161902198974e+00
-7.677902075684802652e-01,-3.661179061211153662e+00
-7.758080668789281154e-01,-3.532893312243988948e+00
-7.557634186028086010e-01,-3.412625422587272084e+00
-7.557634186028086010e-01,-3.280330743964883666e+00
-7.397276999819130117e-01,-3.148036065342495249e+00
-7.277009110162413474e-01,-2.987678879133539578e+00
-6.916205441192262438e-01,-2.819303833614135613e+00
-6.595491068774350651e-01,-2.634893069473836835e+00
-6.314865992908678116e-01,-2.414401938436522510e+00
-5.954062323938528190e-01,-2.181884018433536632e+00
-5.593258654968377153e-01,-1.913285731533535428e+00
-5.152276392893748724e-01,-1.612616007391743489e+00
-4.671204834266881600e-01,-1.283883775663384075e+00
-4.190133275640014476e-01,-9.471336846245768104e-01
-3.749151013565386048e-01,-5.863300156544263286e-01
-3.268079454938518369e-01,-2.215174170290518940e-01
-2.666740006654934048e-01,1.392862519410986710e-01
-2.065400558371350004e-01,5.081077802216970030e-01
-1.383882516983287736e-01,8.729203788470714098e-01
-7.424537721474645802e-02,1.225706188506774152e+00
5.933215889731437327e-03,1.554438420235133567e+00
9.012073864943323520e-02,1.867134933342597281e+00
1.903439800300306128e-01,2.139742149897822188e+00
2.945761510658518878e-01,2.388295788521703766e+00
4.028172517568970323e-01,2.592751200938122391e+00
5.190762117583900270e-01,2.757117316802302209e+00
6.393441014151067803e-01,2.869367347148571223e+00
7.716387800374954198e-01,2.929501291976929434e+00
9.119513179703316874e-01,2.949545940253048837e+00
1.048254926247944141e+00,2.913465573356033733e+00
1.184558534525556484e+00,2.817251261630660419e+00
1.316853213147945123e+00,2.664911934732152599e+00
1.453156821425557466e+00,2.464465451970957677e+00
1.589460429703170030e+00,2.207893954036628248e+00
1.713737249015110597e+00,1.903215300239612384e+00
1.821978349706155909e+00,1.558447349890357492e+00
1.910174802121081594e+00,1.177599032644087496e+00
1.982335535915111580e+00,7.807149967769217991e-01
2.042469480743470012e+00,3.758131015993084745e-01
2.082558777295708818e+00,-4.111558254397661150e-02
2.114630214537500219e+00,-4.580442666872616697e-01
2.130665933158395919e+00,-8.629461618648750498e-01
2.142692722124067473e+00,-1.235776619800697196e+00
2.162737370400186876e+00,-1.568517781184280535e+00
2.190799877986754129e+00,-1.865178575670848771e+00
2.238907033849440786e+00,-2.125759003260402125e+00
2.315076697298694697e+00,-2.326205486021596602e+00
2.403273149713620604e+00,-2.462509094299209167e+00
2.535567828336009022e+00,-2.534669828093239374e+00
2.695925014544965137e+00,-2.554714476369358778e+00
2.868308989719592361e+00,-2.506607320506672121e+00
3.056728683515115286e+00,-2.422419797746970360e+00
3.261184095931533911e+00,-2.290125119124581499e+00
3.449603789727057279e+00,-2.129767932915625828e+00
3.678112780074819010e+00,-1.921303590843983278e+00
3.858514614559894529e+00,-1.720857108082788578e+00
3.998827152492730796e+00,-1.540455273597713282e+00
4.103059323528552405e+00,-1.376089157733533686e+00
4.151166479391238617e+00,-1.231767690145473493e+00
