-3.439011547481253261e-01,-1.963942133259143796e+00
-3.439011547481253261e-01,-1.963942133259143796e+00
-3.439011547481253261e-01,-1.963942133259143796e+00
-3.439011547481253261e-01,-1.963942133259143796e+00
-3.679547326794687101e-01,-1.879754610499441814e+00
-4.160618885421554225e-01,-1.783540298774068500e+00
-4.240797478526032172e-01,-1.611156323599440832e+00
-4.721869037152899851e-01,-1.442781278080037310e+00
-4.761958333705138546e-01,-1.202245498766603582e+00
-4.882226223361855189e-01,-9.256293525561548607e-01
-4.601601147496182653e-01,-5.808614022068999683e-01
-4.240797478526032172e-01,-2.160488035815255059e-01
-3.398922250929014566e-01,1.768263026304161822e-01
-2.396689837123040512e-01,5.576746198766862062e-01
-1.073743050899155227e-01,9.305050778125084632e-01
2.492037353247300926e-02,1.243201590919972288e+00
1.932954190518765825e-01,1.523826666785644823e+00
3.616704645712801591e-01,1.740308868167735223e+00
5.300455100906837913e-01,1.896657124721467191e+00
7.064384149205351626e-01,1.976835717825945027e+00
8.387330935429236911e-01,1.980844647481168952e+00
1.003099209407103398e+00,1.944764280584153848e+00
1.099313521132476934e+00,1.856567828169228163e+00
1.179492114236954770e+00,1.720264219891615820e+00
1.195527832857850248e+00,1.571933822648331702e+00
1.167465325271282994e+00,1.383514128852808556e+00
