3.980000000000000000e+02,-9.840000000000000000e+02
3.980000000000000000e+02,-9.840000000000000000e+02
3.980000000000000000e+02,-9.840000000000000000e+02
3.980000000000000000e+02,-9.840000000000000000e+02
3.980000000000000000e+02,-9.840000000000000000e+02
3.980000000000000000e+02,-9.840000000000000000e+02
4.160000000000000000e+02,-9.930000000000000000e+02
4.210000000000000000e+02,-1.011000000000000000e+03
4.280000000000000000e+02,-1.035000000000000000e+03
4.330000000000000000e+02,-1.072000000000000000e+03
4.370000000000000000e+02,-1.120000000000000000e+03
4.390000000000000000e+02,-1.174000000000000000e+03
4.400000000000000000e+02,-1.239000000000000000e+03
4.400000000000000000e+02,-1.308000000000000000e+03
4.390000000000000000e+02,-1.381000000000000000e+03
4.370000000000000000e+02,-1.450000000000000000e+03
4.360000000000000000e+02,-1.518000000000000000e+03
4.360000000000000000e+02,-1.578000000000000000e+03
4.370000000000000000e+02,-1.631000000000000000e+03
4.390000000000000000e+02,-1.676000000000000000e+03
4.420000000000000000e+02,-1.712000000000000000e+03
4.450000000000000000e+02,-1.742000000000000000e+03
4.460000000000000000e+02,-1.765000000000000000e+03
4.490000000000000000e+02,-1.783000000000000000e+03
4.490000000000000000e+02,-1.783000000000000000e+03
4.550000000000000000e+02,-1.806000000000000000e+03
4.550000000000000000e+02,-1.806000000000000000e+03
4.550000000000000000e+02,-1.806000000000000000e+03
4.750000000000000000e+02,-1.816000000000000000e+03
4.880000000000000000e+02,-1.818000000000000000e+03
5.050000000000000000e+02,-1.819000000000000000e+03
5.290000000000000000e+02,-1.816000000000000000e+03
5.560000000000000000e+02,-1.815000000000000000e+03
5.940000000000000000e+02,-1.806000000000000000e+03
6.300000000000000000e+02,-1.801000000000000000e+03
6.750000000000000000e+02,-1.787000000000000000e+03
7.160000000000000000e+02,-1.778000000000000000e+03
7.630000000000000000e+02,-1.762000000000000000e+03
8.030000000000000000e+02,-1.751000000000000000e+03
8.440000000000000000e+02,-1.739000000000000000e+03
8.760000000000000000e+02,-1.732000000000000000e+03
9.040000000000000000e+02,-1.726000000000000000e+03
9.270000000000000000e+02,-1.724000000000000000e+03
9.270000000000000000e+02,-1.724000000000000000e+03
9.480000000000000000e+02,-1.727000000000000000e+03
9.480000000000000000e+02,-1.727000000000000000e+03
9.480000000000000000e+02,-1.727000000000000000e+03
9.480000000000000000e+02,-1.727000000000000000e+03
