-8.383173025280065138e-01,1.445269252328904575e+00
-8.383173025280065138e-01,1.445269252328904575e+00
-8.543530211489021031e-01,1.517429986122934782e+00
-8.543530211489021031e-01,1.517429986122934782e+00
-8.423262321832304389e-01,1.609635368193084393e+00
-7.942190763205436710e-01,1.701840750263233781e+00
-7.661565687339764175e-01,1.765983624746816139e+00
-7.100315535608419104e-01,1.850171147506517899e+00
-6.619243976981551425e-01,1.906296162679652406e+00
-6.057993825250206354e-01,1.962421177852787135e+00
-5.456654376966622033e-01,1.998501544749802017e+00
-5.456654376966622033e-01,1.998501544749802017e+00
-4.855314928683037712e-01,1.966430107508010838e+00
-4.093618294190498053e-01,1.934358670266219882e+00
-3.652636032115869624e-01,1.858189006816965749e+00
-2.810760804518851463e-01,1.814090780609503017e+00
