1.207000000000000000e+03,-1.130000000000000000e+03
1.207000000000000000e+03,-1.130000000000000000e+03
1.207000000000000000e+03,-1.130000000000000000e+03
1.207000000000000000e+03,-1.130000000000000000e+03
1.192000000000000000e+03,-1.115000000000000000e+03
1.192000000000000000e+03,-1.115000000000000000e+03
1.177000000000000000e+03,-1.106000000000000000e+03
1.177000000000000000e+03,-1.106000000000000000e+03
1.156000000000000000e+03,-1.106000000000000000e+03
1.156000000000000000e+03,-1.106000000000000000e+03
1.128000000000000000e+03,-1.111000000000000000e+03
1.110000000000000000e+03,-1.118000000000000000e+03
1.091000000000000000e+03,-1.129000000000000000e+03
1.073000000000000000e+03,-1.142000000000000000e+03
1.057000000000000000e+03,-1.156000000000000000e+03
1.040000000000000000e+03,-1.171000000000000000e+03
1.027000000000000000e+03,-1.186000000000000000e+03
1.016000000000000000e+03,-1.204000000000000000e+03
1.010000000000000000e+03,-1.222000000000000000e+03
1.007000000000000000e+03,-1.240000000000000000e+03
1.009000000000000000e+03,-1.257000000000000000e+03
1.012000000000000000e+03,-1.274000000000000000e+03
1.018000000000000000e+03,-1.289000000000000000e+03
1.018000000000000000e+03,-1.289000000000000000e+03
1.042000000000000000e+03,-1.308000000000000000e+03
1.057000000000000000e+03,-1.313000000000000000e+03
1.072000000000000000e+03,-1.314000000000000000e+03
1.090000000000000000e+03,-1.311000000000000000e+03
1.106000000000000000e+03,-1.302000000000000000e+03
1.125000000000000000e+03,-1.292000000000000000e+03
1.143000000000000000e+03,-1.275000000000000000e+03
1.158000000000000000e+03,-1.258000000000000000e+03
1.171000000000000000e+03,-1.239000000000000000e+03
1.182000000000000000e+03,-1.221000000000000000e+03
1.189000000000000000e+03,-1.204000000000000000e+03
1.195000000000000000e+03,-1.189000000000000000e+03
1.195000000000000000e+03,-1.189000000000000000e+03
1.197000000000000000e+03,-1.165000000000000000e+03
1.197000000000000000e+03,-1.165000000000000000e+03
1.197000000000000000e+03,-1.165000000000000000e+03
1.197000000000000000e+03,-1.165000000000000000e+03
1.197000000000000000e+03,-1.165000000000000000e+03
1.197000000000000000e+03,-1.165000000000000000e+03
1.197000000000000000e+03,-1.165000000000000000e+03
1.203000000000000000e+03,-1.185000000000000000e+03
1.209000000000000000e+03,-1.198000000000000000e+03
1.220000000000000000e+03,-1.213000000000000000e+03
1.233000000000000000e+03,-1.228000000000000000e+03
1.242000000000000000e+03,-1.251000000000000000e+03
1.269000000000000000e+03,-1.260000000000000000e+03
1.286000000000000000e+03,-1.287000000000000000e+03
