6.600000000000000000e+02,-1.229000000000000000e+03
6.890000000000000000e+02,-1.196000000000000000e+03
6.890000000000000000e+02,-1.196000000000000000e+03
6.900000000000000000e+02,-1.181000000000000000e+03
6.900000000000000000e+02,-1.181000000000000000e+03
6.770000000000000000e+02,-1.184000000000000000e+03
6.770000000000000000e+02,-1.184000000000000000e+03
6.620000000000000000e+02,-1.191000000000000000e+03
6.620000000000000000e+02,-1.191000000000000000e+03
6.620000000000000000e+02,-1.191000000000000000e+03
6.590000000000000000e+02,-1.206000000000000000e+03
6.590000000000000000e+02,-1.206000000000000000e+03
6.720000000000000000e+02,-1.223000000000000000e+03
6.720000000000000000e+02,-1.223000000000000000e+03
6.870000000000000000e+02,-1.250000000000000000e+03
6.900000000000000000e+02,-1.274000000000000000e+03
7.010000000000000000e+02,-1.300000000000000000e+03
7.010000000000000000e+02,-1.334000000000000000e+03
7.040000000000000000e+02,-1.371000000000000000e+03
7.060000000000000000e+02,-1.414000000000000000e+03
7.120000000000000000e+02,-1.458000000000000000e+03
7.180000000000000000e+02,-1.506000000000000000e+03
7.300000000000000000e+02,-1.553000000000000000e+03
7.460000000000000000e+02,-1.597000000000000000e+03
7.690000000000000000e+02,-1.635000000000000000e+03
7.970000000000000000e+02,-1.668000000000000000e+03
8.310000000000000000e+02,-1.692000000000000000e+03
8.680000000000000000e+02,-1.710000000000000000e+03
9.090000000000000000e+02,-1.717000000000000000e+03
9.500000000000000000e+02,-1.713000000000000000e+03
9.920000000000000000e+02,-1.698000000000000000e+03
1.036000000000000000e+03,-1.675000000000000000e+03
1.078000000000000000e+03,-1.644000000000000000e+03
1.116000000000000000e+03,-1.603000000000000000e+03
1.149000000000000000e+03,-1.558000000000000000e+03
1.176000000000000000e+03,-1.506000000000000000e+03
1.194000000000000000e+03,-1.455000000000000000e+03
1.207000000000000000e+03,-1.407000000000000000e+03
1.215000000000000000e+03,-1.360000000000000000e+03
1.218000000000000000e+03,-1.316000000000000000e+03
1.212000000000000000e+03,-1.282000000000000000e+03
1.211000000000000000e+03,-1.247000000000000000e+03
1.218000000000000000e+03,-1.226000000000000000e+03
1.218000000000000000e+03,-1.226000000000000000e+03
1.242000000000000000e+03,-1.211000000000000000e+03
