1.031000000000000000e+03,-8.880000000000000000e+02
1.024000000000000000e+03,-8.680000000000000000e+02
1.024000000000000000e+03,-8.680000000000000000e+02
1.024000000000000000e+03,-8.680000000000000000e+02
1.024000000000000000e+03,-8.680000000000000000e+02
1.002000000000000000e+03,-8.820000000000000000e+02
9.900000000000000000e+02,-8.970000000000000000e+02
9.720000000000000000e+02,-9.240000000000000000e+02
9.530000000000000000e+02,-9.540000000000000000e+02
9.240000000000000000e+02,-9.920000000000000000e+02
9.040000000000000000e+02,-1.019000000000000000e+03
8.800000000000000000e+02,-1.049000000000000000e+03
