9.230000000000000000e+02,-7.620000000000000000e+02
9.230000000000000000e+02,-7.620000000000000000e+02
9.230000000000000000e+02,-7.620000000000000000e+02
9.060000000000000000e+02,-7.560000000000000000e+02
9.060000000000000000e+02,-7.560000000000000000e+02
8.850000000000000000e+02,-7.550000000000000000e+02
8.700000000000000000e+02,-7.550000000000000000e+02
8.520000000000000000e+02,-7.530000000000000000e+02
8.290000000000000000e+02,-7.550000000000000000e+02
8.030000000000000000e+02,-7.560000000000000000e+02
7.730000000000000000e+02,-7.600000000000000000e+02
7.390000000000000000e+02,-7.630000000000000000e+02
7.020000000000000000e+02,-7.660000000000000000e+02
6.670000000000000000e+02,-7.760000000000000000e+02
6.300000000000000000e+02,-7.830000000000000000e+02
5.940000000000000000e+02,-7.950000000000000000e+02
5.640000000000000000e+02,-8.060000000000000000e+02
5.420000000000000000e+02,-8.160000000000000000e+02
5.270000000000000000e+02,-8.300000000000000000e+02
5.220000000000000000e+02,-8.440000000000000000e+02
5.290000000000000000e+02,-8.600000000000000000e+02
5.450000000000000000e+02,-8.710000000000000000e+02
5.740000000000000000e+02,-8.840000000000000000e+02
6.130000000000000000e+02,-8.970000000000000000e+02
6.590000000000000000e+02,-9.120000000000000000e+02
7.070000000000000000e+02,-9.300000000000000000e+02
7.560000000000000000e+02,-9.540000000000000000e+02
8.010000000000000000e+02,-9.780000000000000000e+02
8.350000000000000000e+02,-1.005000000000000000e+03
8.350000000000000000e+02,-1.005000000000000000e+03
8.680000000000000000e+02,-1.066000000000000000e+03
8.680000000000000000e+02,-1.066000000000000000e+03
8.380000000000000000e+02,-1.124000000000000000e+03
8.380000000000000000e+02,-1.124000000000000000e+03
7.530000000000000000e+02,-1.167000000000000000e+03
6.980000000000000000e+02,-1.183000000000000000e+03
6.400000000000000000e+02,-1.194000000000000000e+03
5.810000000000000000e+02,-1.199000000000000000e+03
5.310000000000000000e+02,-1.201000000000000000e+03
5.310000000000000000e+02,-1.201000000000000000e+03
4.590000000000000000e+02,-1.197000000000000000e+03
4.460000000000000000e+02,-1.184000000000000000e+03
