5.525762857500428060e-01,1.468288708633275208e+00
6.046923712679534990e-01,1.468288708633275208e+00
6.768531050619835954e-01,1.504369075530290312e+00
6.768531050619835954e-01,1.504369075530290312e+00
7.369870498903420275e-01,1.548467301737753044e+00
7.369870498903420275e-01,1.548467301737753044e+00
6.848709643724313345e-01,1.584547668634768147e+00
5.886566526470579097e-01,1.584547668634768147e+00
4.483441147142215311e-01,1.572520879669096594e+00
2.679422802291462902e-01,1.552476231392976969e+00
2.740650091571258593e-02,1.492342286564618536e+00
-2.211471377081689060e-01,1.428199412081036401e+00
-5.178079321947370861e-01,1.303922592769095612e+00
-7.823972894395141431e-01,1.183654703112378748e+00
-1.079058083926082379e+00,1.003252868627303451e+00
-1.327611722549963957e+00,8.108242451765564907e-01
-1.564138572208173761e+00,5.702884658631227621e-01
-1.740531477038025132e+00,3.257437568944651640e-01
-1.860799366694741996e+00,5.714546999446423053e-02
-1.920933311523100429e+00,-1.994260279398650526e-01
-1.932960100488771982e+00,-4.519885962189704176e-01
-1.884852944626085325e+00,-7.045511644980757548e-01
-1.792647562555935714e+00,-9.490958734667334085e-01
-1.648326094967875521e+00,-1.145533426572704183e+00
-1.467924260482800225e+00,-1.321926331402555554e+00
-1.251442059100709825e+00,-1.462238869335392044e+00
-1.030950928063395722e+00,-1.558453181060765358e+00
-8.024419377156336575e-01,-1.622596055544347715e+00
-5.739329473678717042e-01,-1.662685352096586744e+00
-3.494328866753335094e-01,-1.650658563130914969e+00
-1.449774742589148846e-01,-1.594533547957780462e+00
5.146007884705595253e-02,-1.502328165887630851e+00
2.078083354007878580e-01,-1.390078135541361837e+00
3.401030140231763865e-01,-1.249765597608525569e+00
4.483441147142215311e-01,-1.085399481744345751e+00
5.164959188530278134e-01,-9.130155065697183048e-01
5.565852154052667311e-01,-7.366226017398669335e-01
5.766298636813861345e-01,-5.562207672547916371e-01
5.565852154052667311e-01,-4.038814403562837052e-01
5.164959188530278134e-01,-2.715867617338951767e-01
4.603709036798932508e-01,-1.633456610428499767e-01
3.922190995410870240e-01,-7.915813828314820222e-02
3.320851547127285919e-01,-3.105098242046145859e-02
3.320851547127285919e-01,-3.105098242046145859e-02
3.320851547127285919e-01,-3.105098242046145859e-02
3.320851547127285919e-01,-3.105098242046145859e-02
4.242905367828782026e-01,-5.911349000702872253e-02
5.565852154052667311e-01,-8.316706793837208567e-02
7.369870498903420275e-01,-1.032117162144915723e-01
9.695049698933279059e-01,-1.192474348353871477e-01
1.254138975414224477e+00,-1.032117162144915723e-01
1.558817629211240341e+00,-1.072206458697154557e-01
1.843451634732137023e+00,-9.519385690404377764e-02
2.160157077494824662e+00,-4.307777138613314016e-02
2.436773223705273494e+00,1.020454821329702232e-03
