4.142560643731359460e-01,1.449144550995621117e+00
5.064614464432855012e-01,1.529323144100098952e+00
5.064614464432855012e-01,1.529323144100098952e+00
5.786221802373155976e-01,1.589457088928457384e+00
5.786221802373155976e-01,1.589457088928457384e+00
5.786221802373155976e-01,1.589457088928457384e+00
5.786221802373155976e-01,1.589457088928457384e+00
5.786221802373155976e-01,1.589457088928457384e+00
4.864167981671660423e-01,1.577430299962785831e+00
4.222739236835837406e-01,1.529323144100098952e+00
3.541221195447775139e-01,1.485224917892636221e+00
2.338542298880606773e-01,1.401037395132934460e+00
1.256131291970155328e-01,1.328876661338904253e+00
-1.870833839104469112e-02,1.212617701337411313e+00
-1.590208763238810108e-01,1.100367670991142299e+00
-3.354137811537323821e-01,9.480283440926342564e-01
-4.837441783970164999e-01,7.916800875389023995e-01
-6.521192239164200766e-01,6.032603937433793639e-01
-8.044585508149281194e-01,4.108317702926323478e-01
-9.367532294373166479e-01,1.983584985657659283e-01
-1.032967541162690184e+00,-3.816835109244386126e-02
-1.121163993577615869e+00,-2.666773414402058839e-01
-1.149226501164183123e+00,-4.911774021327439677e-01
-1.149226501164183123e+00,-7.156774628252821069e-01
-1.109137204611944094e+00,-9.321596642073723959e-01
-1.032967541162690184e+00,-1.136615076623791021e+00
-9.207175108164210586e-01,-1.317016911108866317e+00
-7.563513949522413515e-01,-1.473365167662598285e+00
-5.639227715014943909e-01,-1.597641986974539074e+00
-3.354137811537323821e-01,-1.685838439389464760e+00
-9.888693149552259254e-02,-1.741963454562599267e+00
1.456577774731349917e-01,-1.753990243528270820e+00
3.861935567865686925e-01,-1.717909876631255939e+00
6.026757581686590370e-01,-1.649758072492449656e+00
8.031222409298537368e-01,-1.541516971801404345e+00
9.354169195522422653e-01,-1.409222293179015928e+00
1.019604442311944137e+00,-1.240847247659612407e+00
1.039649090588063540e+00,-1.052427553864089260e+00
9.955508643806006974e-01,-8.599989304133422996e-01
8.792919043791077582e-01,-6.755881662730431891e-01
7.189347181701519762e-01,-5.072131207536395570e-01
5.184882354089572765e-01,-3.628916531655793642e-01
2.699345967850757533e-01,-2.546505524745341642e-01
5.746132505820931297e-02,-1.504183814387129170e-01
-1.510030170134332161e-01,-9.830229592080227952e-02
-3.714941480507474303e-01,-1.023112255760261768e-01
-5.158156156388076230e-01,-1.103290848864739715e-01
-6.160388570194050839e-01,-1.584362407491607116e-01
