8.580000000000000000e+02,-8.090000000000000000e+02
8.590000000000000000e+02,-8.260000000000000000e+02
8.620000000000000000e+02,-8.550000000000000000e+02
8.610000000000000000e+02,-9.000000000000000000e+02
8.580000000000000000e+02,-9.600000000000000000e+02
8.590000000000000000e+02,-1.038000000000000000e+03
8.590000000000000000e+02,-1.127000000000000000e+03
8.670000000000000000e+02,-1.227000000000000000e+03
8.670000000000000000e+02,-1.331000000000000000e+03
8.710000000000000000e+02,-1.436000000000000000e+03
8.710000000000000000e+02,-1.531000000000000000e+03
8.710000000000000000e+02,-1.619000000000000000e+03
8.730000000000000000e+02,-1.686000000000000000e+03
8.710000000000000000e+02,-1.742000000000000000e+03
8.620000000000000000e+02,-1.786000000000000000e+03
8.620000000000000000e+02,-1.803000000000000000e+03
8.620000000000000000e+02,-1.803000000000000000e+03
8.620000000000000000e+02,-1.803000000000000000e+03
