-7.468871767073598233e-01,-3.457112279151854789e-02
-8.831907849849722769e-01,-2.254433382584686285e-02
-9.393158001581067840e-01,-2.499685549727390099e-03
-9.393158001581067840e-01,-2.499685549727390099e-03
-1.035530111883480320e+00,1.509244105496505058e-03
-1.035530111883480320e+00,1.509244105496505058e-03
-1.035530111883480320e+00,1.509244105496505058e-03
-1.003458674641689141e+00,8.168783720997439823e-02
-1.003458674641689141e+00,8.168783720997439823e-02
-8.711639960193005017e-01,1.177682041069894603e-01
-7.869764732595987411e-01,1.177682041069894603e-01
-6.466639353267624735e-01,1.338039227278850496e-01
-5.143692567043739450e-01,1.177682041069894603e-01
-3.540120704954181075e-01,1.177682041069894603e-01
-1.936548842864622977e-01,7.366997789952661746e-02
-2.127090911183481675e-02,3.758961100251156234e-02
1.430952067523448834e-01,-1.051754486017517955e-02
3.074613226165245905e-01,-4.659791175719023293e-02
4.638095791702564474e-01,-7.466041934375750033e-02
5.961042577926449759e-01,-9.871399727510087041e-02
7.404257253807051686e-01,-8.668720830942917843e-02
8.446578964165264436e-01,-1.067318565855486512e-01
9.208275598657804650e-01,-8.267827865420529498e-02
1.009024012280706151e+00,-3.457112279151854789e-02
1.009024012280706151e+00,-3.457112279151854789e-02
