8.740000000000000000e+02,-1.207000000000000000e+03
8.740000000000000000e+02,-1.207000000000000000e+03
8.880000000000000000e+02,-1.195000000000000000e+03
8.880000000000000000e+02,-1.195000000000000000e+03
8.880000000000000000e+02,-1.195000000000000000e+03
8.970000000000000000e+02,-1.180000000000000000e+03
8.970000000000000000e+02,-1.180000000000000000e+03
8.970000000000000000e+02,-1.180000000000000000e+03
8.970000000000000000e+02,-1.180000000000000000e+03
8.790000000000000000e+02,-1.167000000000000000e+03
8.590000000000000000e+02,-1.168000000000000000e+03
8.380000000000000000e+02,-1.173000000000000000e+03
8.100000000000000000e+02,-1.179000000000000000e+03
7.790000000000000000e+02,-1.186000000000000000e+03
7.460000000000000000e+02,-1.198000000000000000e+03
7.150000000000000000e+02,-1.213000000000000000e+03
6.830000000000000000e+02,-1.231000000000000000e+03
6.600000000000000000e+02,-1.252000000000000000e+03
6.440000000000000000e+02,-1.275000000000000000e+03
6.380000000000000000e+02,-1.299000000000000000e+03
6.410000000000000000e+02,-1.325000000000000000e+03
6.540000000000000000e+02,-1.352000000000000000e+03
6.830000000000000000e+02,-1.379000000000000000e+03
7.240000000000000000e+02,-1.405000000000000000e+03
7.720000000000000000e+02,-1.429000000000000000e+03
8.310000000000000000e+02,-1.453000000000000000e+03
8.940000000000000000e+02,-1.480000000000000000e+03
9.590000000000000000e+02,-1.506000000000000000e+03
1.021000000000000000e+03,-1.533000000000000000e+03
1.073000000000000000e+03,-1.563000000000000000e+03
1.110000000000000000e+03,-1.599000000000000000e+03
1.126000000000000000e+03,-1.643000000000000000e+03
1.125000000000000000e+03,-1.688000000000000000e+03
1.102000000000000000e+03,-1.738000000000000000e+03
1.058000000000000000e+03,-1.787000000000000000e+03
1.004000000000000000e+03,-1.836000000000000000e+03
9.360000000000000000e+02,-1.881000000000000000e+03
8.680000000000000000e+02,-1.917000000000000000e+03
8.000000000000000000e+02,-1.944000000000000000e+03
7.420000000000000000e+02,-1.953000000000000000e+03
6.890000000000000000e+02,-1.956000000000000000e+03
6.540000000000000000e+02,-1.938000000000000000e+03
6.320000000000000000e+02,-1.913000000000000000e+03
6.230000000000000000e+02,-1.872000000000000000e+03
6.260000000000000000e+02,-1.825000000000000000e+03
6.420000000000000000e+02,-1.772000000000000000e+03
6.680000000000000000e+02,-1.717000000000000000e+03
7.010000000000000000e+02,-1.661000000000000000e+03
7.450000000000000000e+02,-1.605000000000000000e+03
7.930000000000000000e+02,-1.552000000000000000e+03
8.410000000000000000e+02,-1.503000000000000000e+03
8.890000000000000000e+02,-1.459000000000000000e+03
9.300000000000000000e+02,-1.420000000000000000e+03
9.620000000000000000e+02,-1.385000000000000000e+03
9.840000000000000000e+02,-1.356000000000000000e+03
9.960000000000000000e+02,-1.329000000000000000e+03
9.930000000000000000e+02,-1.307000000000000000e+03
9.770000000000000000e+02,-1.286000000000000000e+03
9.500000000000000000e+02,-1.274000000000000000e+03
9.150000000000000000e+02,-1.263000000000000000e+03
8.820000000000000000e+02,-1.255000000000000000e+03
8.470000000000000000e+02,-1.254000000000000000e+03
8.130000000000000000e+02,-1.255000000000000000e+03
7.990000000000000000e+02,-1.251000000000000000e+03
7.850000000000000000e+02,-1.257000000000000000e+03
8.000000000000000000e+02,-1.248000000000000000e+03
