4.830000000000000000e+02,-7.830000000000000000e+02
4.830000000000000000e+02,-7.830000000000000000e+02
4.830000000000000000e+02,-7.830000000000000000e+02
4.720000000000000000e+02,-7.780000000000000000e+02
4.720000000000000000e+02,-7.780000000000000000e+02
4.720000000000000000e+02,-7.780000000000000000e+02
4.720000000000000000e+02,-7.780000000000000000e+02
4.720000000000000000e+02,-7.780000000000000000e+02
4.720000000000000000e+02,-7.780000000000000000e+02
4.880000000000000000e+02,-7.630000000000000000e+02
4.980000000000000000e+02,-7.580000000000000000e+02
5.160000000000000000e+02,-7.470000000000000000e+02
5.320000000000000000e+02,-7.400000000000000000e+02
5.530000000000000000e+02,-7.320000000000000000e+02
5.720000000000000000e+02,-7.300000000000000000e+02
5.940000000000000000e+02,-7.270000000000000000e+02
6.110000000000000000e+02,-7.310000000000000000e+02
6.270000000000000000e+02,-7.380000000000000000e+02
6.380000000000000000e+02,-7.510000000000000000e+02
6.480000000000000000e+02,-7.660000000000000000e+02
6.520000000000000000e+02,-7.850000000000000000e+02
6.540000000000000000e+02,-8.040000000000000000e+02
6.500000000000000000e+02,-8.260000000000000000e+02
6.420000000000000000e+02,-8.500000000000000000e+02
6.310000000000000000e+02,-8.780000000000000000e+02
6.170000000000000000e+02,-9.040000000000000000e+02
6.000000000000000000e+02,-9.320000000000000000e+02
5.800000000000000000e+02,-9.600000000000000000e+02
5.600000000000000000e+02,-9.870000000000000000e+02
5.370000000000000000e+02,-1.013000000000000000e+03
5.150000000000000000e+02,-1.037000000000000000e+03
4.930000000000000000e+02,-1.057000000000000000e+03
4.730000000000000000e+02,-1.074000000000000000e+03
4.560000000000000000e+02,-1.088000000000000000e+03
4.410000000000000000e+02,-1.097000000000000000e+03
4.280000000000000000e+02,-1.103000000000000000e+03
4.170000000000000000e+02,-1.109000000000000000e+03
4.170000000000000000e+02,-1.109000000000000000e+03
4.070000000000000000e+02,-1.115000000000000000e+03
4.070000000000000000e+02,-1.115000000000000000e+03
4.070000000000000000e+02,-1.115000000000000000e+03
4.220000000000000000e+02,-1.120000000000000000e+03
4.370000000000000000e+02,-1.122000000000000000e+03
4.580000000000000000e+02,-1.121000000000000000e+03
4.820000000000000000e+02,-1.119000000000000000e+03
5.130000000000000000e+02,-1.115000000000000000e+03
5.450000000000000000e+02,-1.113000000000000000e+03
5.820000000000000000e+02,-1.109000000000000000e+03
6.180000000000000000e+02,-1.105000000000000000e+03
6.520000000000000000e+02,-1.102000000000000000e+03
6.840000000000000000e+02,-1.099000000000000000e+03
7.120000000000000000e+02,-1.102000000000000000e+03
7.380000000000000000e+02,-1.104000000000000000e+03
7.600000000000000000e+02,-1.105000000000000000e+03
7.740000000000000000e+02,-1.110000000000000000e+03
7.830000000000000000e+02,-1.110000000000000000e+03
