-1.547317526604964799e+00,1.487183581776602703e-01
-1.523263948673621249e+00,2.048433733507948051e-01
-1.523263948673621249e+00,2.048433733507948051e-01
-1.479165722466158517e+00,2.770041071448249292e-01
-1.479165722466158517e+00,2.770041071448249292e-01
-1.463130003845262816e+00,3.331291223179594363e-01
-1.463130003845262816e+00,3.331291223179594363e-01
-1.463130003845262816e+00,3.331291223179594363e-01
-1.463130003845262816e+00,3.331291223179594363e-01
-1.463130003845262816e+00,3.331291223179594363e-01
-1.443085355569143413e+00,2.649773181791532095e-01
-1.394978199706456756e+00,1.928165843851231132e-01
-1.358897832809441653e+00,7.655762438363016009e-02
-1.298763887981083220e+00,-7.177277285965395770e-02
-1.214576365221381460e+00,-2.441567480342814456e-01
-1.110344194185560074e+00,-4.245585825193566865e-01
-1.002103093494514985e+00,-6.089693466596558524e-01
-8.738173445273503814e-01,-7.733354625238355595e-01
-7.495405252154095921e-01,-9.016212114910001629e-01
-6.292726355586928388e-01,-9.858087342507020345e-01
-4.809422383154086655e-01,-1.009862312182045363e+00
-3.486475596930201371e-01,-9.777908749402541844e-01
-2.283796700363033005e-01,-9.016212114910001629e-01
-1.241474990004820256e-01,-7.693265328686116344e-01
-2.793318727510854527e-02,-6.049604170044319273e-01
4.823647617414545535e-02,-4.285675121745806115e-01
1.284150692786233672e-01,-2.481656776895053429e-01
1.805311547965339769e-01,-6.776384320443006037e-02
2.246293810039968197e-01,1.086290616254213109e-01
2.286383106592207171e-01,2.529505292134815453e-01
2.807543961771313823e-01,4.173166450776611969e-01
2.526918885905640733e-01,4.894773788716913487e-01
2.526918885905640733e-01,5.736649016313931648e-01
2.286383106592207171e-01,6.337988464597515970e-01
2.286383106592207171e-01,6.337988464597515970e-01
1.765222251413101073e-01,6.698792133567665896e-01
