3.636671901524526906e-02,5.984759271012811688e-01
3.636671901524526906e-02,5.984759271012811688e-01
3.636671901524526906e-02,5.984759271012811688e-01
-1.174043684744147109e-02,5.343330526176989226e-01
-1.574936650266536495e-02,4.501455298579971065e-01
-3.980294443400873849e-02,3.098329919251607834e-01
-3.579401477878484117e-02,1.775383133027722271e-01
-5.182973339968042353e-02,1.145408472920852322e-03
-4.782080374445652621e-02,-1.632207073912588513e-01
-3.579401477878484117e-02,-3.356046825658863253e-01
8.304211428678003395e-03,-5.079886577405138270e-01
8.304211428678003395e-03,-6.683458439494696091e-01
5.641136729136474182e-02,-7.525333667091713696e-01
5.641136729136474182e-02,-8.407298191240970553e-01
