7.220000000000000000e+02,-1.325000000000000000e+03
7.220000000000000000e+02,-1.325000000000000000e+03
7.220000000000000000e+02,-1.325000000000000000e+03
6.990000000000000000e+02,-1.329000000000000000e+03
6.990000000000000000e+02,-1.329000000000000000e+03
6.780000000000000000e+02,-1.335000000000000000e+03
6.590000000000000000e+02,-1.346000000000000000e+03
6.390000000000000000e+02,-1.356000000000000000e+03
6.050000000000000000e+02,-1.378000000000000000e+03
5.760000000000000000e+02,-1.396000000000000000e+03
5.350000000000000000e+02,-1.432000000000000000e+03
5.040000000000000000e+02,-1.460000000000000000e+03
4.700000000000000000e+02,-1.501000000000000000e+03
4.510000000000000000e+02,-1.534000000000000000e+03
4.360000000000000000e+02,-1.572000000000000000e+03
4.390000000000000000e+02,-1.596000000000000000e+03
4.520000000000000000e+02,-1.617000000000000000e+03
4.790000000000000000e+02,-1.625000000000000000e+03
5.190000000000000000e+02,-1.622000000000000000e+03
5.640000000000000000e+02,-1.608000000000000000e+03
6.110000000000000000e+02,-1.584000000000000000e+03
6.540000000000000000e+02,-1.557000000000000000e+03
6.920000000000000000e+02,-1.524000000000000000e+03
7.210000000000000000e+02,-1.494000000000000000e+03
7.420000000000000000e+02,-1.466000000000000000e+03
7.540000000000000000e+02,-1.447000000000000000e+03
7.540000000000000000e+02,-1.447000000000000000e+03
7.540000000000000000e+02,-1.447000000000000000e+03
7.540000000000000000e+02,-1.447000000000000000e+03
7.510000000000000000e+02,-1.472000000000000000e+03
7.540000000000000000e+02,-1.503000000000000000e+03
7.630000000000000000e+02,-1.534000000000000000e+03
7.760000000000000000e+02,-1.572000000000000000e+03
7.970000000000000000e+02,-1.604000000000000000e+03
8.220000000000000000e+02,-1.634000000000000000e+03
8.530000000000000000e+02,-1.656000000000000000e+03
8.850000000000000000e+02,-1.671000000000000000e+03
9.170000000000000000e+02,-1.679000000000000000e+03
9.470000000000000000e+02,-1.677000000000000000e+03
9.740000000000000000e+02,-1.668000000000000000e+03
9.980000000000000000e+02,-1.652000000000000000e+03
1.013000000000000000e+03,-1.637000000000000000e+03
1.027000000000000000e+03,-1.608000000000000000e+03
1.039000000000000000e+03,-1.582000000000000000e+03
1.042000000000000000e+03,-1.561000000000000000e+03
1.045000000000000000e+03,-1.536000000000000000e+03
