-9.582556703153357613e-01,6.286730595692014978e-01
-9.582556703153357613e-01,6.286730595692014978e-01
-8.660502882451861506e-01,6.406998485348731620e-01
-7.457823985884692863e-01,6.527266375005448262e-01
-5.693894937586179150e-01,6.567355671557687513e-01
-3.729519406526470848e-01,6.527266375005448262e-01
-6.827328685563106847e-02,6.928159340527837440e-01
2.404142965966088452e-01,7.248873712945749226e-01
5.651375986697443343e-01,7.609677381915900263e-01
8.617983931563125699e-01,8.251106126751722725e-01
1.158459187642880694e+00,9.293427837109935474e-01
1.386968177990642870e+00,1.021548165781143158e+00
