7.960000000000000000e+02,-1.246000000000000000e+03
7.960000000000000000e+02,-1.246000000000000000e+03
7.960000000000000000e+02,-1.246000000000000000e+03
7.960000000000000000e+02,-1.246000000000000000e+03
7.960000000000000000e+02,-1.246000000000000000e+03
8.000000000000000000e+02,-1.260000000000000000e+03
7.970000000000000000e+02,-1.280000000000000000e+03
8.020000000000000000e+02,-1.301000000000000000e+03
8.000000000000000000e+02,-1.334000000000000000e+03
8.070000000000000000e+02,-1.367000000000000000e+03
8.070000000000000000e+02,-1.412000000000000000e+03
8.170000000000000000e+02,-1.454000000000000000e+03
8.250000000000000000e+02,-1.506000000000000000e+03
8.400000000000000000e+02,-1.551000000000000000e+03
8.550000000000000000e+02,-1.599000000000000000e+03
8.800000000000000000e+02,-1.638000000000000000e+03
9.060000000000000000e+02,-1.676000000000000000e+03
9.410000000000000000e+02,-1.705000000000000000e+03
9.750000000000000000e+02,-1.729000000000000000e+03
1.015000000000000000e+03,-1.742000000000000000e+03
1.055000000000000000e+03,-1.748000000000000000e+03
1.097000000000000000e+03,-1.745000000000000000e+03
1.137000000000000000e+03,-1.733000000000000000e+03
1.176000000000000000e+03,-1.711000000000000000e+03
1.211000000000000000e+03,-1.682000000000000000e+03
1.244000000000000000e+03,-1.644000000000000000e+03
1.274000000000000000e+03,-1.599000000000000000e+03
1.302000000000000000e+03,-1.548000000000000000e+03
1.325000000000000000e+03,-1.491000000000000000e+03
1.346000000000000000e+03,-1.433000000000000000e+03
1.363000000000000000e+03,-1.379000000000000000e+03
1.376000000000000000e+03,-1.328000000000000000e+03
1.387000000000000000e+03,-1.283000000000000000e+03
1.393000000000000000e+03,-1.245000000000000000e+03
1.397000000000000000e+03,-1.215000000000000000e+03
1.399000000000000000e+03,-1.195000000000000000e+03
1.400000000000000000e+03,-1.180000000000000000e+03
1.400000000000000000e+03,-1.180000000000000000e+03
1.400000000000000000e+03,-1.180000000000000000e+03
1.400000000000000000e+03,-1.180000000000000000e+03
1.400000000000000000e+03,-1.180000000000000000e+03
1.400000000000000000e+03,-1.180000000000000000e+03
1.400000000000000000e+03,-1.180000000000000000e+03
1.417000000000000000e+03,-1.191000000000000000e+03
