7.400000000000000000e+02,-9.490000000000000000e+02
7.360000000000000000e+02,-9.340000000000000000e+02
7.370000000000000000e+02,-9.090000000000000000e+02
7.360000000000000000e+02,-8.940000000000000000e+02
7.340000000000000000e+02,-8.790000000000000000e+02
7.340000000000000000e+02,-8.790000000000000000e+02
7.340000000000000000e+02,-8.610000000000000000e+02
7.340000000000000000e+02,-8.610000000000000000e+02
7.340000000000000000e+02,-8.610000000000000000e+02
7.340000000000000000e+02,-8.610000000000000000e+02
7.210000000000000000e+02,-8.850000000000000000e+02
7.150000000000000000e+02,-9.060000000000000000e+02
7.040000000000000000e+02,-9.340000000000000000e+02
6.960000000000000000e+02,-9.680000000000000000e+02
6.840000000000000000e+02,-1.011000000000000000e+03
6.740000000000000000e+02,-1.056000000000000000e+03
6.600000000000000000e+02,-1.108000000000000000e+03
6.500000000000000000e+02,-1.159000000000000000e+03
6.360000000000000000e+02,-1.215000000000000000e+03
6.240000000000000000e+02,-1.271000000000000000e+03
6.120000000000000000e+02,-1.329000000000000000e+03
6.010000000000000000e+02,-1.385000000000000000e+03
5.890000000000000000e+02,-1.439000000000000000e+03
5.790000000000000000e+02,-1.495000000000000000e+03
5.700000000000000000e+02,-1.548000000000000000e+03
5.620000000000000000e+02,-1.596000000000000000e+03
5.530000000000000000e+02,-1.641000000000000000e+03
5.460000000000000000e+02,-1.683000000000000000e+03
5.410000000000000000e+02,-1.718000000000000000e+03
5.340000000000000000e+02,-1.750000000000000000e+03
5.290000000000000000e+02,-1.777000000000000000e+03
5.250000000000000000e+02,-1.796000000000000000e+03
5.200000000000000000e+02,-1.812000000000000000e+03
5.190000000000000000e+02,-1.825000000000000000e+03
5.190000000000000000e+02,-1.825000000000000000e+03
5.160000000000000000e+02,-1.839000000000000000e+03
5.160000000000000000e+02,-1.839000000000000000e+03
5.160000000000000000e+02,-1.839000000000000000e+03
5.160000000000000000e+02,-1.839000000000000000e+03
5.160000000000000000e+02,-1.839000000000000000e+03
5.170000000000000000e+02,-1.816000000000000000e+03
5.200000000000000000e+02,-1.801000000000000000e+03
5.250000000000000000e+02,-1.783000000000000000e+03
5.310000000000000000e+02,-1.762000000000000000e+03
5.380000000000000000e+02,-1.735000000000000000e+03
5.470000000000000000e+02,-1.703000000000000000e+03
5.590000000000000000e+02,-1.670000000000000000e+03
5.710000000000000000e+02,-1.631000000000000000e+03
5.850000000000000000e+02,-1.585000000000000000e+03
6.000000000000000000e+02,-1.537000000000000000e+03
6.150000000000000000e+02,-1.488000000000000000e+03
6.300000000000000000e+02,-1.436000000000000000e+03
6.480000000000000000e+02,-1.385000000000000000e+03
6.630000000000000000e+02,-1.334000000000000000e+03
6.800000000000000000e+02,-1.284000000000000000e+03
6.960000000000000000e+02,-1.234000000000000000e+03
7.130000000000000000e+02,-1.191000000000000000e+03
7.280000000000000000e+02,-1.150000000000000000e+03
7.450000000000000000e+02,-1.112000000000000000e+03
7.610000000000000000e+02,-1.079000000000000000e+03
7.790000000000000000e+02,-1.050000000000000000e+03
7.960000000000000000e+02,-1.026000000000000000e+03
8.170000000000000000e+02,-1.004000000000000000e+03
8.400000000000000000e+02,-9.900000000000000000e+02
8.610000000000000000e+02,-9.780000000000000000e+02
8.820000000000000000e+02,-9.710000000000000000e+02
9.010000000000000000e+02,-9.660000000000000000e+02
9.210000000000000000e+02,-9.660000000000000000e+02
9.390000000000000000e+02,-9.690000000000000000e+02
9.590000000000000000e+02,-9.750000000000000000e+02
9.590000000000000000e+02,-9.750000000000000000e+02
9.810000000000000000e+02,-1.001000000000000000e+03
9.900000000000000000e+02,-1.019000000000000000e+03
9.960000000000000000e+02,-1.043000000000000000e+03
9.990000000000000000e+02,-1.073000000000000000e+03
9.960000000000000000e+02,-1.103000000000000000e+03
9.870000000000000000e+02,-1.139000000000000000e+03
9.710000000000000000e+02,-1.177000000000000000e+03
9.470000000000000000e+02,-1.216000000000000000e+03
9.200000000000000000e+02,-1.255000000000000000e+03
8.850000000000000000e+02,-1.296000000000000000e+03
8.490000000000000000e+02,-1.331000000000000000e+03
8.100000000000000000e+02,-1.361000000000000000e+03
7.700000000000000000e+02,-1.388000000000000000e+03
7.330000000000000000e+02,-1.408000000000000000e+03
6.990000000000000000e+02,-1.426000000000000000e+03
6.770000000000000000e+02,-1.430000000000000000e+03
6.600000000000000000e+02,-1.432000000000000000e+03
6.470000000000000000e+02,-1.433000000000000000e+03
6.470000000000000000e+02,-1.433000000000000000e+03
6.410000000000000000e+02,-1.417000000000000000e+03
