6.660000000000000000e+02,-1.579000000000000000e+03
6.630000000000000000e+02,-1.566000000000000000e+03
6.650000000000000000e+02,-1.546000000000000000e+03
6.660000000000000000e+02,-1.530000000000000000e+03
6.660000000000000000e+02,-1.530000000000000000e+03
6.660000000000000000e+02,-1.503000000000000000e+03
6.660000000000000000e+02,-1.503000000000000000e+03
6.660000000000000000e+02,-1.503000000000000000e+03
6.470000000000000000e+02,-1.501000000000000000e+03
6.470000000000000000e+02,-1.501000000000000000e+03
6.270000000000000000e+02,-1.530000000000000000e+03
6.180000000000000000e+02,-1.552000000000000000e+03
6.060000000000000000e+02,-1.584000000000000000e+03
5.970000000000000000e+02,-1.620000000000000000e+03
5.920000000000000000e+02,-1.664000000000000000e+03
5.920000000000000000e+02,-1.709000000000000000e+03
5.950000000000000000e+02,-1.754000000000000000e+03
6.090000000000000000e+02,-1.795000000000000000e+03
6.260000000000000000e+02,-1.830000000000000000e+03
6.480000000000000000e+02,-1.855000000000000000e+03
6.740000000000000000e+02,-1.873000000000000000e+03
7.020000000000000000e+02,-1.881000000000000000e+03
7.280000000000000000e+02,-1.878000000000000000e+03
7.570000000000000000e+02,-1.863000000000000000e+03
7.810000000000000000e+02,-1.840000000000000000e+03
8.020000000000000000e+02,-1.810000000000000000e+03
8.190000000000000000e+02,-1.778000000000000000e+03
8.320000000000000000e+02,-1.744000000000000000e+03
8.440000000000000000e+02,-1.712000000000000000e+03
8.520000000000000000e+02,-1.680000000000000000e+03
8.580000000000000000e+02,-1.655000000000000000e+03
8.590000000000000000e+02,-1.635000000000000000e+03
8.620000000000000000e+02,-1.622000000000000000e+03
8.620000000000000000e+02,-1.622000000000000000e+03
8.620000000000000000e+02,-1.622000000000000000e+03
8.620000000000000000e+02,-1.622000000000000000e+03
8.620000000000000000e+02,-1.622000000000000000e+03
8.620000000000000000e+02,-1.622000000000000000e+03
8.700000000000000000e+02,-1.655000000000000000e+03
8.710000000000000000e+02,-1.677000000000000000e+03
8.730000000000000000e+02,-1.708000000000000000e+03
8.760000000000000000e+02,-1.742000000000000000e+03
8.820000000000000000e+02,-1.778000000000000000e+03
8.920000000000000000e+02,-1.815000000000000000e+03
9.040000000000000000e+02,-1.846000000000000000e+03
9.230000000000000000e+02,-1.872000000000000000e+03
9.420000000000000000e+02,-1.888000000000000000e+03
9.660000000000000000e+02,-1.896000000000000000e+03
9.960000000000000000e+02,-1.893000000000000000e+03
1.028000000000000000e+03,-1.878000000000000000e+03
1.060000000000000000e+03,-1.852000000000000000e+03
1.088000000000000000e+03,-1.818000000000000000e+03
1.114000000000000000e+03,-1.778000000000000000e+03
1.137000000000000000e+03,-1.736000000000000000e+03
1.155000000000000000e+03,-1.692000000000000000e+03
1.170000000000000000e+03,-1.655000000000000000e+03
1.176000000000000000e+03,-1.620000000000000000e+03
1.180000000000000000e+03,-1.592000000000000000e+03
1.179000000000000000e+03,-1.573000000000000000e+03
1.179000000000000000e+03,-1.573000000000000000e+03
1.179000000000000000e+03,-1.573000000000000000e+03
1.179000000000000000e+03,-1.573000000000000000e+03
1.165000000000000000e+03,-1.581000000000000000e+03
1.158000000000000000e+03,-1.599000000000000000e+03
1.156000000000000000e+03,-1.614000000000000000e+03
1.156000000000000000e+03,-1.614000000000000000e+03
1.153000000000000000e+03,-1.631000000000000000e+03
1.153000000000000000e+03,-1.631000000000000000e+03
