-9.063697625766728994e-01,-1.268650405630326494e+00
-9.063697625766728994e-01,-1.268650405630326494e+00
-7.620482949886127066e-01,-1.268650405630326494e+00
-6.457893349871196564e-01,-1.260632546319878644e+00
-4.894410784333877995e-01,-1.208516460801968062e+00
-3.170571032587602978e-01,-1.184462882870624734e+00
-1.366552687736850569e-01,-1.128337867697490005e+00
6.379121398750969840e-02,-1.072212852524355498e+00
1.960858926098982269e-01,-1.068203922869131794e+00
3.724787974397495982e-01,-1.000052118730325512e+00
4.446395312337796946e-01,-1.008069978040773362e+00
