8.530000000000000000e+02,-7.700000000000000000e+02
8.370000000000000000e+02,-7.720000000000000000e+02
8.160000000000000000e+02,-7.790000000000000000e+02
7.840000000000000000e+02,-8.020000000000000000e+02
7.370000000000000000e+02,-8.410000000000000000e+02
6.960000000000000000e+02,-8.860000000000000000e+02
6.420000000000000000e+02,-9.570000000000000000e+02
6.000000000000000000e+02,-1.032000000000000000e+03
5.560000000000000000e+02,-1.127000000000000000e+03
5.220000000000000000e+02,-1.224000000000000000e+03
4.970000000000000000e+02,-1.329000000000000000e+03
4.900000000000000000e+02,-1.432000000000000000e+03
4.940000000000000000e+02,-1.533000000000000000e+03
5.170000000000000000e+02,-1.619000000000000000e+03
5.520000000000000000e+02,-1.699000000000000000e+03
5.970000000000000000e+02,-1.759000000000000000e+03
6.540000000000000000e+02,-1.801000000000000000e+03
7.210000000000000000e+02,-1.824000000000000000e+03
7.930000000000000000e+02,-1.824000000000000000e+03
8.730000000000000000e+02,-1.801000000000000000e+03
9.530000000000000000e+02,-1.763000000000000000e+03
1.030000000000000000e+03,-1.705000000000000000e+03
1.100000000000000000e+03,-1.632000000000000000e+03
1.164000000000000000e+03,-1.555000000000000000e+03
1.214000000000000000e+03,-1.477000000000000000e+03
1.251000000000000000e+03,-1.399000000000000000e+03
1.274000000000000000e+03,-1.326000000000000000e+03
1.283000000000000000e+03,-1.258000000000000000e+03
1.277000000000000000e+03,-1.195000000000000000e+03
1.259000000000000000e+03,-1.142000000000000000e+03
1.230000000000000000e+03,-1.099000000000000000e+03
1.194000000000000000e+03,-1.060000000000000000e+03
1.152000000000000000e+03,-1.028000000000000000e+03
1.103000000000000000e+03,-1.004000000000000000e+03
1.054000000000000000e+03,-9.890000000000000000e+02
1.001000000000000000e+03,-9.840000000000000000e+02
9.560000000000000000e+02,-9.840000000000000000e+02
9.080000000000000000e+02,-9.980000000000000000e+02
8.770000000000000000e+02,-1.010000000000000000e+03
8.400000000000000000e+02,-1.038000000000000000e+03
8.170000000000000000e+02,-1.061000000000000000e+03
8.020000000000000000e+02,-1.082000000000000000e+03
7.910000000000000000e+02,-1.108000000000000000e+03
7.880000000000000000e+02,-1.132000000000000000e+03
