1.065471867522181482e+00,1.525990603691281589e+00
1.065471867522181482e+00,1.525990603691281589e+00
1.065471867522181482e+00,1.525990603691281589e+00
1.065471867522181482e+00,1.525990603691281589e+00
1.065471867522181482e+00,1.525990603691281589e+00
7.968735806221804996e-01,1.397704854724116874e+00
7.968735806221804996e-01,1.397704854724116874e+00
7.968735806221804996e-01,1.397704854724116874e+00
5.282752937221796286e-01,1.085008341616653160e+00
5.282752937221796286e-01,1.085008341616653160e+00
2.757127254430742358e-01,7.763207581644131494e-01
2.757127254430742358e-01,7.763207581644131494e-01
-3.698378766438959603e-02,3.513742147106803104e-01
-2.093677628390170631e-01,8.678485746590325345e-02
-3.817517380136445371e-01,-2.138848666758888517e-01
-5.461178538778242997e-01,-5.065367315072332177e-01
-7.024661104315561566e-01,-8.192332446146970426e-01
-8.347607890539446851e-01,-1.123911898411712906e+00
-9.470108194002136992e-01,-1.404536974277385664e+00
-1.023180482849467721e+00,-1.677144190832610571e+00
-1.023180482849467721e+00,-1.677144190832610571e+00
-1.035207271815139496e+00,-2.009885352216193688e+00
-1.035207271815139496e+00,-2.009885352216193688e+00
-1.035207271815139496e+00,-2.009885352216193688e+00
