-5.292385492605272690e-01,1.560969505156432513e+00
-4.771224637426166870e-01,1.605067731363895245e+00
-4.771224637426166870e-01,1.605067731363895245e+00
-4.771224637426166870e-01,1.605067731363895245e+00
-4.771224637426166870e-01,1.605067731363895245e+00
-4.771224637426166870e-01,1.605067731363895245e+00
-3.969438706381387405e-01,1.593040942398223692e+00
-3.969438706381387405e-01,1.593040942398223692e+00
-3.969438706381387405e-01,1.593040942398223692e+00
-3.969438706381387405e-01,1.593040942398223692e+00
-3.608635037411236923e-01,1.512862349293745634e+00
-3.608635037411236923e-01,1.512862349293745634e+00
-3.608635037411236923e-01,1.512862349293745634e+00
-3.207742071888847746e-01,1.428674826534043873e+00
-3.207742071888847746e-01,1.428674826534043873e+00
