-1.505395733724393947e+00,1.443982343261390078e+00
-1.505395733724393947e+00,1.496098428779300660e+00
-1.481342155793050619e+00,1.564250232918106942e+00
-1.481342155793050619e+00,1.564250232918106942e+00
-1.481342155793050619e+00,1.564250232918106942e+00
-1.369092125446781605e+00,1.568259162573330867e+00
-1.324993899239318873e+00,1.472044850847957331e+00
-1.228779587513945337e+00,1.363803750156912242e+00
-1.156618853719915130e+00,1.171375126706165171e+00
-1.040359893718422191e+00,9.428661363584032173e-01
-9.401366523378248408e-01,6.341785529061633175e-01
-8.038330440602123872e-01,3.054463211778039589e-01
-6.915830137139433731e-01,-6.738413675801827041e-02
-5.713151240572265088e-01,-4.362056650386166301e-01
-4.751008123318530285e-01,-7.970093340087671674e-01
-3.869043599169273429e-01,-1.129750495392350507e+00
-3.267704150885689107e-01,-1.422402360223694817e+00
-2.666364702602105341e-01,-1.654920280226680696e+00
-2.385739626736432528e-01,-1.843339974022203620e+00
-2.024935957766282046e-01,-1.963607863678920484e+00
-1.784400178452848207e-01,-2.043786456783398542e+00
-1.784400178452848207e-01,-2.043786456783398542e+00
-9.425249508558303235e-02,-2.035768597472950692e+00
-2.610069094677681945e-02,-1.963607863678920484e+00
4.205111319202939346e-02,-1.855366762987875395e+00
1.182207766412834010e-01,-1.703027436089367352e+00
2.024082994009852032e-01,-1.518616671949068131e+00
2.986226111263586835e-01,-1.306143400222201878e+00
3.988458525069560334e-01,-1.065607620908768149e+00
4.870423049218817191e-01,-8.170539822848865708e-01
5.792476869920313298e-01,-5.564735546953334389e-01
6.634352097517330904e-01,-2.958931271057803070e-01
7.476227325114348510e-01,-6.337520710279437308e-02
8.197834663054650584e-01,1.571159239345198411e-01
8.879352704442712296e-01,3.535534770404906713e-01
9.400513559621818116e-01,5.259374522151182285e-01
9.881585118248685795e-01,6.622410604927305711e-01
1.032256738032331533e+00,7.905268094598952855e-01
1.072346034584570340e+00,8.747143322195970461e-01
1.104417471826361519e+00,9.348482770479554782e-01
1.104417471826361519e+00,9.348482770479554782e-01
1.164551416654719951e+00,1.003000081186761649e+00
1.224685361483078383e+00,1.051107237049448306e+00
1.224685361483078383e+00,1.051107237049448306e+00
1.284819306311436815e+00,1.051107237049448306e+00
1.284819306311436815e+00,1.051107237049448306e+00
1.284819306311436815e+00,1.051107237049448306e+00
