4.890000000000000000e+02,-7.710000000000000000e+02
4.960000000000000000e+02,-7.550000000000000000e+02
5.070000000000000000e+02,-7.350000000000000000e+02
5.150000000000000000e+02,-7.160000000000000000e+02
5.260000000000000000e+02,-7.020000000000000000e+02
5.420000000000000000e+02,-6.820000000000000000e+02
5.510000000000000000e+02,-6.670000000000000000e+02
5.670000000000000000e+02,-6.520000000000000000e+02
5.770000000000000000e+02,-6.450000000000000000e+02
5.880000000000000000e+02,-6.370000000000000000e+02
