4.980000000000000000e+02,-6.700000000000000000e+02
4.980000000000000000e+02,-6.700000000000000000e+02
5.130000000000000000e+02,-6.610000000000000000e+02
5.130000000000000000e+02,-6.610000000000000000e+02
5.200000000000000000e+02,-6.700000000000000000e+02
5.260000000000000000e+02,-6.790000000000000000e+02
5.180000000000000000e+02,-7.040000000000000000e+02
5.170000000000000000e+02,-7.260000000000000000e+02
5.070000000000000000e+02,-7.640000000000000000e+02
5.000000000000000000e+02,-8.000000000000000000e+02
4.890000000000000000e+02,-8.450000000000000000e+02
4.790000000000000000e+02,-8.880000000000000000e+02
4.670000000000000000e+02,-9.340000000000000000e+02
4.570000000000000000e+02,-9.770000000000000000e+02
4.480000000000000000e+02,-1.017000000000000000e+03
4.410000000000000000e+02,-1.053000000000000000e+03
4.340000000000000000e+02,-1.082000000000000000e+03
4.320000000000000000e+02,-1.109000000000000000e+03
4.320000000000000000e+02,-1.125000000000000000e+03
4.340000000000000000e+02,-1.139000000000000000e+03
4.340000000000000000e+02,-1.139000000000000000e+03
4.440000000000000000e+02,-1.151000000000000000e+03
4.550000000000000000e+02,-1.145000000000000000e+03
4.550000000000000000e+02,-1.145000000000000000e+03
4.650000000000000000e+02,-1.130000000000000000e+03
4.710000000000000000e+02,-1.115000000000000000e+03
4.750000000000000000e+02,-1.094000000000000000e+03
4.780000000000000000e+02,-1.070000000000000000e+03
