-7.508290541018729503e-01,1.287977327544582495e+00
-7.508290541018729503e-01,1.287977327544582495e+00
-7.508290541018729503e-01,1.287977327544582495e+00
-8.189808582406791215e-01,1.239870171681895838e+00
-8.189808582406791215e-01,1.239870171681895838e+00
-8.510522954824703001e-01,1.159691578577417781e+00
-8.510522954824703001e-01,1.159691578577417781e+00
-8.871326623794852928e-01,1.043432618575924842e+00
-8.911415920347092179e-01,9.672629551266709313e-01
-9.151951699660526574e-01,8.389772061595063279e-01
-9.232130292765003965e-01,7.026735978818938744e-01
-9.512755368630676500e-01,5.142539040863708388e-01
-9.592933961735155002e-01,3.097984916699521585e-01
-9.753291147944110895e-01,6.525378270129456038e-02
-9.953737630705304928e-01,-2.073534338539302913e-01
-1.011409481691426082e+00,-4.839695800643790680e-01
-1.023436270657097857e+00,-7.686035855852756393e-01
-1.047489848588441186e+00,-1.053237591106172211e+00
-1.055507707898889036e+00,-1.317826948350949268e+00
-1.067534496864560589e+00,-1.566380586974830624e+00
-1.079561285830232364e+00,-1.786871718012144949e+00
-1.079561285830232364e+00,-1.999344989739011424e+00
-1.071543426519784514e+00,-2.175737894568862796e+00
-1.067534496864560589e+00,-2.332086151122594764e+00
-1.047489848588441186e+00,-2.460371900089759034e+00
-1.035463059622769411e+00,-2.556586211815132792e+00
-1.023436270657097857e+00,-2.628746945609162999e+00
-1.023436270657097857e+00,-2.628746945609162999e+00
-9.953737630705304928e-01,-2.688880890437521209e+00
-9.953737630705304928e-01,-2.688880890437521209e+00
-9.512755368630676500e-01,-2.584648719401700045e+00
-9.512755368630676500e-01,-2.476407618710654734e+00
-9.151951699660526574e-01,-2.320059362156922766e+00
-8.991594513451570680e-01,-2.163711105603190799e+00
-8.751058734138136286e-01,-1.935202115255429067e+00
