6.845764000941093608e-01,2.865847424252941700e+00
6.845764000941093608e-01,2.865847424252941700e+00
7.527282042329155320e-01,2.865847424252941700e+00
8.128621490612739642e-01,2.925981369081300354e+00
8.890318125105279856e-01,2.994133173220106414e+00
9.611925463045580820e-01,3.046249258738017218e+00
1.049388998719483768e+00,3.130436781497718979e+00
1.145603310444857303e+00,3.174535007705181489e+00
1.269880129756798093e+00,3.282776108396226800e+00
1.330014074585156525e+00,3.350927912535032860e+00
1.410192667689634360e+00,3.447142224260406618e+00
