2.060000000000000000e+02,-1.244000000000000000e+03
2.060000000000000000e+02,-1.244000000000000000e+03
2.060000000000000000e+02,-1.244000000000000000e+03
1.770000000000000000e+02,-1.292000000000000000e+03
1.770000000000000000e+02,-1.292000000000000000e+03
1.770000000000000000e+02,-1.292000000000000000e+03
1.770000000000000000e+02,-1.292000000000000000e+03
1.770000000000000000e+02,-1.292000000000000000e+03
1.770000000000000000e+02,-1.292000000000000000e+03
1.770000000000000000e+02,-1.292000000000000000e+03
2.290000000000000000e+02,-1.273000000000000000e+03
2.290000000000000000e+02,-1.273000000000000000e+03
2.790000000000000000e+02,-1.212000000000000000e+03
3.100000000000000000e+02,-1.172000000000000000e+03
3.400000000000000000e+02,-1.125000000000000000e+03
3.690000000000000000e+02,-1.073000000000000000e+03
3.970000000000000000e+02,-1.010000000000000000e+03
4.280000000000000000e+02,-9.430000000000000000e+02
4.560000000000000000e+02,-8.700000000000000000e+02
4.820000000000000000e+02,-7.960000000000000000e+02
5.040000000000000000e+02,-7.210000000000000000e+02
5.250000000000000000e+02,-6.480000000000000000e+02
5.430000000000000000e+02,-5.770000000000000000e+02
5.590000000000000000e+02,-5.100000000000000000e+02
5.710000000000000000e+02,-4.480000000000000000e+02
5.810000000000000000e+02,-3.910000000000000000e+02
5.870000000000000000e+02,-3.400000000000000000e+02
5.930000000000000000e+02,-2.970000000000000000e+02
5.930000000000000000e+02,-2.970000000000000000e+02
5.980000000000000000e+02,-2.300000000000000000e+02
5.980000000000000000e+02,-2.300000000000000000e+02
5.980000000000000000e+02,-2.300000000000000000e+02
5.900000000000000000e+02,-1.850000000000000000e+02
5.900000000000000000e+02,-1.850000000000000000e+02
5.900000000000000000e+02,-1.850000000000000000e+02
5.900000000000000000e+02,-1.850000000000000000e+02
5.900000000000000000e+02,-1.850000000000000000e+02
5.450000000000000000e+02,-2.260000000000000000e+02
5.450000000000000000e+02,-2.260000000000000000e+02
5.210000000000000000e+02,-2.770000000000000000e+02
5.210000000000000000e+02,-2.770000000000000000e+02
4.930000000000000000e+02,-3.540000000000000000e+02
4.780000000000000000e+02,-4.000000000000000000e+02
4.650000000000000000e+02,-4.500000000000000000e+02
4.510000000000000000e+02,-5.040000000000000000e+02
4.390000000000000000e+02,-5.620000000000000000e+02
4.260000000000000000e+02,-6.250000000000000000e+02
4.140000000000000000e+02,-6.920000000000000000e+02
4.040000000000000000e+02,-7.600000000000000000e+02
3.970000000000000000e+02,-8.310000000000000000e+02
3.910000000000000000e+02,-9.020000000000000000e+02
3.890000000000000000e+02,-9.710000000000000000e+02
3.920000000000000000e+02,-1.037000000000000000e+03
3.990000000000000000e+02,-1.100000000000000000e+03
4.080000000000000000e+02,-1.151000000000000000e+03
4.230000000000000000e+02,-1.197000000000000000e+03
4.230000000000000000e+02,-1.197000000000000000e+03
4.650000000000000000e+02,-1.264000000000000000e+03
4.650000000000000000e+02,-1.264000000000000000e+03
5.140000000000000000e+02,-1.293000000000000000e+03
5.140000000000000000e+02,-1.293000000000000000e+03
5.670000000000000000e+02,-1.282000000000000000e+03
5.670000000000000000e+02,-1.282000000000000000e+03
