9.228890143796690537e-02,1.377317894672859477e+00
4.017281592005626789e-02,1.397362542948978881e+00
-1.595219925307826345e-02,1.409389331914650656e+00
-1.595219925307826345e-02,1.409389331914650656e+00
-5.203256615009331509e-02,1.485558995363904566e+00
-5.203256615009331509e-02,1.485558995363904566e+00
-5.203256615009331509e-02,1.485558995363904566e+00
4.418174557528015828e-02,1.373308965017635552e+00
1.243603386797580562e-01,1.257050005016142613e+00
2.005300021290120638e-01,1.056603522254947913e+00
2.927353841991616190e-01,7.799873760444990811e-01
3.769229069588634351e-01,4.231926367295724134e-01
4.571015000633413261e-01,6.263952586287336102e-03
5.052086559260280385e-01,-4.587718874196844987e-01
5.172354448916998138e-01,-9.558791646674474896e-01
4.931818669603563743e-01,-1.436950723294314836e+00
4.250300628215502030e-01,-1.885950844679391114e+00
3.207978917857289280e-01,-2.266799161925661110e+00
1.844942835081164745e-01,-2.551433167446557793e+00
2.012816764393679167e-02,-2.735843931586856570e+00
-1.682915261515862682e-01,-2.820031454346558775e+00
-3.527022902918854341e-01,-2.795977876415215224e+00
-5.411219840874085252e-01,-2.683727846068946210e+00
-7.175148889172598965e-01,-2.507334941239094839e+00
-8.618363565053200892e-01,-2.294861669512228364e+00
-9.780953165068130284e-01,-2.066352679164466188e+00
-1.054264979956067050e+00,-1.853879407437599935e+00
-1.074309628232186453e+00,-1.661450783986852864e+00
-1.078318557887410378e+00,-1.569245401916703475e+00
-1.038229261335171572e+00,-1.509111457088345043e+00
-9.660685275411413642e-01,-1.517129316398792671e+00
-8.658452861605440143e-01,-1.569245401916703475e+00
