6.810000000000000000e+02,-1.186000000000000000e+03
6.810000000000000000e+02,-1.186000000000000000e+03
6.810000000000000000e+02,-1.186000000000000000e+03
6.870000000000000000e+02,-1.168000000000000000e+03
7.010000000000000000e+02,-1.167000000000000000e+03
7.250000000000000000e+02,-1.157000000000000000e+03
7.600000000000000000e+02,-1.150000000000000000e+03
7.960000000000000000e+02,-1.139000000000000000e+03
8.440000000000000000e+02,-1.129000000000000000e+03
8.950000000000000000e+02,-1.117000000000000000e+03
9.480000000000000000e+02,-1.103000000000000000e+03
1.001000000000000000e+03,-1.094000000000000000e+03
1.054000000000000000e+03,-1.084000000000000000e+03
1.099000000000000000e+03,-1.076000000000000000e+03
1.138000000000000000e+03,-1.070000000000000000e+03
1.171000000000000000e+03,-1.067000000000000000e+03
1.195000000000000000e+03,-1.069000000000000000e+03
1.209000000000000000e+03,-1.072000000000000000e+03
1.209000000000000000e+03,-1.072000000000000000e+03
1.212000000000000000e+03,-1.093000000000000000e+03
1.197000000000000000e+03,-1.108000000000000000e+03
1.174000000000000000e+03,-1.129000000000000000e+03
1.144000000000000000e+03,-1.151000000000000000e+03
1.111000000000000000e+03,-1.179000000000000000e+03
1.075000000000000000e+03,-1.209000000000000000e+03
1.034000000000000000e+03,-1.237000000000000000e+03
9.950000000000000000e+02,-1.266000000000000000e+03
9.590000000000000000e+02,-1.293000000000000000e+03
9.270000000000000000e+02,-1.317000000000000000e+03
9.030000000000000000e+02,-1.337000000000000000e+03
8.830000000000000000e+02,-1.355000000000000000e+03
8.680000000000000000e+02,-1.367000000000000000e+03
8.680000000000000000e+02,-1.367000000000000000e+03
8.680000000000000000e+02,-1.367000000000000000e+03
8.680000000000000000e+02,-1.367000000000000000e+03
8.850000000000000000e+02,-1.374000000000000000e+03
9.090000000000000000e+02,-1.370000000000000000e+03
9.410000000000000000e+02,-1.362000000000000000e+03
9.740000000000000000e+02,-1.356000000000000000e+03
1.013000000000000000e+03,-1.352000000000000000e+03
1.055000000000000000e+03,-1.349000000000000000e+03
1.094000000000000000e+03,-1.353000000000000000e+03
1.132000000000000000e+03,-1.359000000000000000e+03
1.165000000000000000e+03,-1.371000000000000000e+03
1.194000000000000000e+03,-1.388000000000000000e+03
1.214000000000000000e+03,-1.412000000000000000e+03
1.230000000000000000e+03,-1.439000000000000000e+03
1.238000000000000000e+03,-1.472000000000000000e+03
1.238000000000000000e+03,-1.509000000000000000e+03
1.229000000000000000e+03,-1.549000000000000000e+03
1.214000000000000000e+03,-1.590000000000000000e+03
1.188000000000000000e+03,-1.634000000000000000e+03
1.158000000000000000e+03,-1.676000000000000000e+03
1.119000000000000000e+03,-1.717000000000000000e+03
1.078000000000000000e+03,-1.751000000000000000e+03
1.030000000000000000e+03,-1.784000000000000000e+03
9.810000000000000000e+02,-1.809000000000000000e+03
9.290000000000000000e+02,-1.831000000000000000e+03
8.790000000000000000e+02,-1.845000000000000000e+03
8.280000000000000000e+02,-1.852000000000000000e+03
7.810000000000000000e+02,-1.851000000000000000e+03
7.330000000000000000e+02,-1.849000000000000000e+03
6.950000000000000000e+02,-1.836000000000000000e+03
6.600000000000000000e+02,-1.824000000000000000e+03
6.330000000000000000e+02,-1.809000000000000000e+03
6.180000000000000000e+02,-1.790000000000000000e+03
6.180000000000000000e+02,-1.790000000000000000e+03
5.970000000000000000e+02,-1.774000000000000000e+03
6.050000000000000000e+02,-1.760000000000000000e+03
6.050000000000000000e+02,-1.760000000000000000e+03
