-2.021168701175378724e-01,1.745777505692916565e+00
-2.021168701175378724e-01,1.745777505692916565e+00
-2.021168701175378724e-01,1.745777505692916565e+00
-2.021168701175378724e-01,1.745777505692916565e+00
-3.103579708085830724e-01,1.661589982933214582e+00
-3.825187046026131688e-01,1.505241726379482836e+00
-4.907598052936583133e-01,1.256688087755601257e+00
-5.749473280533601294e-01,1.012143378786943604e+00
-6.751705694339574793e-01,6.954379360242559649e-01
-7.272866549518681722e-01,3.947682118824639153e-01
-7.874205997802264934e-01,6.603598015410451494e-02
-7.834116701250026793e-01,-2.025623067458964532e-01
-7.473313032279875756e-01,-4.471070157145540236e-01
-6.471080618473902257e-01,-6.154820612339576558e-01
-4.987776646041061079e-01,-7.317410212354505950e-01
-3.103579708085830724e-01,-7.838571067533611769e-01
-1.059025583921644059e-01,-7.918749660638090271e-01
9.454392436903033548e-02,-7.678213881324655876e-01
3.230529147167923720e-01,-6.876427950279877521e-01
5.515619050645543808e-01,-5.914284833026142163e-01
7.239458802391818271e-01,-4.751695233011212771e-01
8.843030664481376091e-01,-3.308480557130610844e-01
9.885352374839588840e-01,-1.785087288145530693e-01
