5.870000000000000000e+02,-8.270000000000000000e+02
5.870000000000000000e+02,-8.270000000000000000e+02
6.110000000000000000e+02,-8.250000000000000000e+02
6.210000000000000000e+02,-8.300000000000000000e+02
6.350000000000000000e+02,-8.350000000000000000e+02
6.520000000000000000e+02,-8.380000000000000000e+02
6.660000000000000000e+02,-8.400000000000000000e+02
6.910000000000000000e+02,-8.390000000000000000e+02
7.110000000000000000e+02,-8.400000000000000000e+02
7.370000000000000000e+02,-8.420000000000000000e+02
