7.820000000000000000e+02,-1.816000000000000000e+03
7.820000000000000000e+02,-1.816000000000000000e+03
7.820000000000000000e+02,-1.816000000000000000e+03
7.900000000000000000e+02,-1.795000000000000000e+03
7.900000000000000000e+02,-1.780000000000000000e+03
7.900000000000000000e+02,-1.762000000000000000e+03
7.960000000000000000e+02,-1.732000000000000000e+03
7.940000000000000000e+02,-1.702000000000000000e+03
8.000000000000000000e+02,-1.658000000000000000e+03
7.990000000000000000e+02,-1.608000000000000000e+03
8.030000000000000000e+02,-1.548000000000000000e+03
8.030000000000000000e+02,-1.485000000000000000e+03
8.080000000000000000e+02,-1.414000000000000000e+03
8.070000000000000000e+02,-1.349000000000000000e+03
8.110000000000000000e+02,-1.284000000000000000e+03
8.110000000000000000e+02,-1.231000000000000000e+03
8.140000000000000000e+02,-1.183000000000000000e+03
8.160000000000000000e+02,-1.151000000000000000e+03
8.230000000000000000e+02,-1.135000000000000000e+03
8.230000000000000000e+02,-1.135000000000000000e+03
8.440000000000000000e+02,-1.157000000000000000e+03
8.610000000000000000e+02,-1.194000000000000000e+03
8.830000000000000000e+02,-1.242000000000000000e+03
9.090000000000000000e+02,-1.298000000000000000e+03
9.440000000000000000e+02,-1.362000000000000000e+03
9.800000000000000000e+02,-1.432000000000000000e+03
1.019000000000000000e+03,-1.498000000000000000e+03
1.058000000000000000e+03,-1.560000000000000000e+03
1.099000000000000000e+03,-1.611000000000000000e+03
1.135000000000000000e+03,-1.656000000000000000e+03
1.173000000000000000e+03,-1.689000000000000000e+03
1.201000000000000000e+03,-1.715000000000000000e+03
1.230000000000000000e+03,-1.729000000000000000e+03
1.251000000000000000e+03,-1.732000000000000000e+03
1.271000000000000000e+03,-1.720000000000000000e+03
1.284000000000000000e+03,-1.699000000000000000e+03
1.296000000000000000e+03,-1.664000000000000000e+03
1.304000000000000000e+03,-1.619000000000000000e+03
1.312000000000000000e+03,-1.563000000000000000e+03
1.318000000000000000e+03,-1.498000000000000000e+03
1.321000000000000000e+03,-1.429000000000000000e+03
1.322000000000000000e+03,-1.358000000000000000e+03
1.319000000000000000e+03,-1.290000000000000000e+03
1.318000000000000000e+03,-1.224000000000000000e+03
1.312000000000000000e+03,-1.168000000000000000e+03
1.308000000000000000e+03,-1.118000000000000000e+03
1.295000000000000000e+03,-1.093000000000000000e+03
1.281000000000000000e+03,-1.073000000000000000e+03
1.281000000000000000e+03,-1.073000000000000000e+03
1.259000000000000000e+03,-1.064000000000000000e+03
1.259000000000000000e+03,-1.064000000000000000e+03
