-1.549815759894508926e-01,2.899913933328775340e+00
-1.549815759894508926e-01,2.899913933328775340e+00
-1.549815759894508926e-01,2.899913933328775340e+00
-8.282084219542079628e-02,2.859824636776536089e+00
-3.471368633273405613e-02,2.803699621603401582e+00
1.366680564280997471e-03,2.719512098843699821e+00
4.546490677174384182e-02,2.623297787118326507e+00
1.296524295314456232e-01,2.555145982979520447e+00
1.897863743598040553e-01,2.491003108495938090e+00
2.940185453956253303e-01,2.458931671254146689e+00
