1.056018886680227586e+00,8.054607832287344893e-01
1.056018886680227586e+00,8.054607832287344893e-01
1.056018886680227586e+00,8.054607832287344893e-01
1.056018886680227586e+00,8.054607832287344893e-01
1.056018886680227586e+00,8.054607832287344893e-01
1.056018886680227586e+00,8.054607832287344893e-01
1.056018886680227586e+00,8.054607832287344893e-01
1.056018886680227586e+00,8.054607832287344893e-01
7.232777252966442472e-01,6.851928935720176250e-01
7.232777252966442472e-01,6.851928935720176250e-01
4.626972977070910598e-01,4.246124659824644931e-01
4.626972977070910598e-01,4.246124659824644931e-01
1.018936287369405086e-01,3.173735977052280499e-02
1.018936287369405086e-01,3.173735977052280499e-02
-2.989993367854489881e-01,-4.493341988563445688e-01
-4.914279602361959487e-01,-6.978878374802260920e-01
-4.914279602361959487e-01,-6.978878374802260920e-01
-8.442137698958986913e-01,-1.130852240244406781e+00
-8.442137698958986913e-01,-1.130852240244406781e+00
-1.060695971277989091e+00,-1.463593401627989898e+00
-1.060695971277989091e+00,-1.463593401627989898e+00
-1.060695971277989091e+00,-1.463593401627989898e+00
-1.060695971277989091e+00,-1.463593401627989898e+00
-1.060695971277989091e+00,-1.463593401627989898e+00
