7.510000000000000000e+02,-6.770000000000000000e+02
7.460000000000000000e+02,-6.640000000000000000e+02
7.370000000000000000e+02,-6.710000000000000000e+02
7.260000000000000000e+02,-6.830000000000000000e+02
7.130000000000000000e+02,-7.030000000000000000e+02
6.900000000000000000e+02,-7.380000000000000000e+02
6.710000000000000000e+02,-7.690000000000000000e+02
6.430000000000000000e+02,-8.140000000000000000e+02
6.230000000000000000e+02,-8.520000000000000000e+02
6.010000000000000000e+02,-8.920000000000000000e+02
5.850000000000000000e+02,-9.240000000000000000e+02
5.700000000000000000e+02,-9.510000000000000000e+02
5.600000000000000000e+02,-9.700000000000000000e+02
5.530000000000000000e+02,-9.850000000000000000e+02
5.540000000000000000e+02,-9.950000000000000000e+02
5.540000000000000000e+02,-9.950000000000000000e+02
5.690000000000000000e+02,-1.002000000000000000e+03
5.830000000000000000e+02,-1.003000000000000000e+03
6.000000000000000000e+02,-1.001000000000000000e+03
6.180000000000000000e+02,-1.001000000000000000e+03
6.400000000000000000e+02,-1.000000000000000000e+03
6.620000000000000000e+02,-9.990000000000000000e+02
6.840000000000000000e+02,-9.980000000000000000e+02
7.040000000000000000e+02,-9.970000000000000000e+02
7.240000000000000000e+02,-9.960000000000000000e+02
7.400000000000000000e+02,-9.960000000000000000e+02
7.560000000000000000e+02,-9.950000000000000000e+02
7.740000000000000000e+02,-9.920000000000000000e+02
7.880000000000000000e+02,-9.900000000000000000e+02
8.050000000000000000e+02,-9.850000000000000000e+02
8.150000000000000000e+02,-9.840000000000000000e+02
8.260000000000000000e+02,-9.770000000000000000e+02
8.360000000000000000e+02,-9.720000000000000000e+02
8.360000000000000000e+02,-9.720000000000000000e+02
8.500000000000000000e+02,-9.610000000000000000e+02
