-3.829174422296113267e-01,9.680271914251119547e-01
-5.152121208519998552e-01,9.319468245280968510e-01
-6.715603774057317121e-01,8.557771610788428296e-01
-8.238997043042397550e-01,7.796074976295888082e-01
-9.521854532714043584e-01,6.874021155594393084e-01
-1.100515850514688587e+00,5.551074369370507799e-01
-1.208756951205733676e+00,4.388484769355577853e-01
-1.345060559483346019e+00,2.945270093474975370e-01
-1.429248082243048001e+00,1.702501900355568032e-01
-1.493390956726630137e+00,2.191979279227270275e-02
-1.517444534657973687e+00,-9.033023755399635646e-02
-1.501408816037077987e+00,-2.105981272107131930e-01
-1.453301660174391330e+00,-2.907767203151910840e-01
-1.361096278104241719e+00,-3.509106651435495161e-01
-1.232810529137077005e+00,-3.869910320405645643e-01
-1.096506920859464662e+00,-3.990178210062362840e-01
-9.161050863743893657e-01,-3.950088913510123589e-01
-7.156586036131945550e-01,-3.669463837644451054e-01
-5.112031911967759301e-01,-3.268570872122061322e-01
-2.786852711937900517e-01,-2.787499313495194198e-01
-1.810484360423688516e-02,-2.186159865211609876e-01
2.464845136405401649e-01,-1.584820416928025555e-01
5.311185191614367085e-01,-9.033023755399635646e-02
8.277793136480049441e-01,-4.222308169130961630e-02
1.132457967445021030e+00,-6.142714794294560320e-03
1.405065184000245715e+00,9.893003826601019443e-03
1.677672400555470622e+00,5.884074171377124719e-03
1.894154601937561022e+00,-3.019629272563793126e-02
2.066538577112188690e+00,-9.834809686444413723e-02
2.178788607458457705e+00,-1.985713382450415287e-01
2.222886833665920214e+00,-3.268570872122061322e-01
2.198833255734577108e+00,-4.912232030763858392e-01
2.106627873664427497e+00,-6.636071782510133410e-01
1.962306406076367304e+00,-8.520268720465363765e-01
1.761859923315172383e+00,-1.040446565842059412e+00
1.509297355036067101e+00,-1.208821611361462933e+00
1.248716927446513969e+00,-1.341116289983851573e+00
9.480472033047218083e-01,-1.445348461019672737e+00
6.513864088181535728e-01,-1.497464546537583541e+00
3.547256143315853372e-01,-1.517509194813702944e+00
7.810946812113658821e-02,-1.485437757571911765e+00
-1.544084518818493179e-01,-1.409268094122657855e+00
-3.348102863669245588e-01,-1.337107360328627648e+00
-4.871496132654326017e-01,-1.232875189292806484e+00
-5.833639249908060265e-01,-1.112607299636089619e+00
-6.194442918878211302e-01,-1.008375128600268233e+00
