8.630000000000000000e+02,-2.930000000000000000e+02
8.640000000000000000e+02,-2.770000000000000000e+02
8.640000000000000000e+02,-2.770000000000000000e+02
8.550000000000000000e+02,-2.700000000000000000e+02
8.550000000000000000e+02,-2.700000000000000000e+02
8.420000000000000000e+02,-2.750000000000000000e+02
8.420000000000000000e+02,-2.750000000000000000e+02
8.220000000000000000e+02,-2.930000000000000000e+02
8.090000000000000000e+02,-3.030000000000000000e+02
7.870000000000000000e+02,-3.260000000000000000e+02
7.650000000000000000e+02,-3.450000000000000000e+02
7.380000000000000000e+02,-3.740000000000000000e+02
7.070000000000000000e+02,-4.040000000000000000e+02
6.750000000000000000e+02,-4.370000000000000000e+02
6.440000000000000000e+02,-4.690000000000000000e+02
6.160000000000000000e+02,-5.010000000000000000e+02
5.930000000000000000e+02,-5.280000000000000000e+02
5.760000000000000000e+02,-5.490000000000000000e+02
5.620000000000000000e+02,-5.680000000000000000e+02
5.540000000000000000e+02,-5.830000000000000000e+02
5.540000000000000000e+02,-5.830000000000000000e+02
5.670000000000000000e+02,-5.820000000000000000e+02
5.840000000000000000e+02,-5.710000000000000000e+02
