9.000000000000000000e+02,-1.160000000000000000e+03
9.000000000000000000e+02,-1.160000000000000000e+03
9.000000000000000000e+02,-1.160000000000000000e+03
8.790000000000000000e+02,-1.154000000000000000e+03
8.790000000000000000e+02,-1.154000000000000000e+03
8.590000000000000000e+02,-1.179000000000000000e+03
8.440000000000000000e+02,-1.201000000000000000e+03
8.380000000000000000e+02,-1.216000000000000000e+03
8.280000000000000000e+02,-1.251000000000000000e+03
8.290000000000000000e+02,-1.275000000000000000e+03
8.280000000000000000e+02,-1.308000000000000000e+03
8.380000000000000000e+02,-1.334000000000000000e+03
8.500000000000000000e+02,-1.364000000000000000e+03
8.730000000000000000e+02,-1.382000000000000000e+03
9.000000000000000000e+02,-1.397000000000000000e+03
9.300000000000000000e+02,-1.405000000000000000e+03
9.600000000000000000e+02,-1.403000000000000000e+03
9.900000000000000000e+02,-1.396000000000000000e+03
1.016000000000000000e+03,-1.384000000000000000e+03
1.040000000000000000e+03,-1.364000000000000000e+03
1.055000000000000000e+03,-1.338000000000000000e+03
1.069000000000000000e+03,-1.310000000000000000e+03
1.073000000000000000e+03,-1.281000000000000000e+03
1.070000000000000000e+03,-1.255000000000000000e+03
1.070000000000000000e+03,-1.227000000000000000e+03
1.057000000000000000e+03,-1.209000000000000000e+03
1.040000000000000000e+03,-1.186000000000000000e+03
1.028000000000000000e+03,-1.163000000000000000e+03
1.010000000000000000e+03,-1.160000000000000000e+03
1.010000000000000000e+03,-1.160000000000000000e+03
