-6.536298350908539834e-02,8.807444151237537877e-01
-1.535594359240110840e-01,8.486729778819626091e-01
-2.056755214419217215e-01,8.566908371924104593e-01
-3.099076924777429687e-01,7.965568923640520271e-01
-3.740505669613253259e-01,7.284050882252457448e-01
-4.462113007553554223e-01,6.321907764998723200e-01
-4.822916676523704704e-01,5.239496758088271200e-01
-4.822916676523704704e-01,3.956639268416625166e-01
-4.422023711001314972e-01,2.593603185640500630e-01
-3.580148483404297366e-01,1.190477806312137676e-01
-2.658094662702801259e-01,-4.531833523296592559e-02
-1.335147876478916251e-01,-2.016665917866978242e-01
-3.730047592251813787e-02,-3.780594966165491955e-01
7.895848407897482213e-02,-5.263898938598333688e-01
1.390924289073332265e-01,-7.108006580001324792e-01
1.992263737356916586e-01,-8.591310552434165970e-01
1.791817254595721998e-01,-1.035523960073267968e+00
1.511192178730049185e-01,-1.175836498006104236e+00
4.688704683718365740e-02,-1.320157965594164429e+00
-4.932726488818982291e-02,-1.416372277319537965e+00
-1.816219435105783653e-01,-1.512586589044911500e+00
-3.099076924777429687e-01,-1.560693744907598157e+00
-4.221577228240120383e-01,-1.584747322838941486e+00
-5.263898938598333688e-01,-1.568711604218046007e+00
-5.744970497225200257e-01,-1.488533011113568172e+00
-6.065684869643112043e-01,-1.412363347664314039e+00
-5.865238386881916899e-01,-1.288086528352373250e+00
-5.384166828255050330e-01,-1.119711482832969729e+00
-4.822916676523704704e-01,-9.553453669687900218e-01
