-2.003573954355231113e+00,-1.905076779909521401e+00
-2.003573954355231113e+00,-1.905076779909521401e+00
-2.055690039873141917e+00,-1.997282161979671011e+00
-2.055690039873141917e+00,-1.997282161979671011e+00
-2.055690039873141917e+00,-1.997282161979671011e+00
-2.055690039873141917e+00,-1.997282161979671011e+00
-2.015600743320903110e+00,-1.881023201978178072e+00
-1.955466798492544456e+00,-1.732692804734893954e+00
-1.835198908835827591e+00,-1.496165955076684151e+00
-1.686868511592543474e+00,-1.223558738521459244e+00
-1.490430958486572699e+00,-8.988354364483237546e-01
-1.281966616414930149e+00,-5.460496267886210120e-01
-1.049448696411944271e+00,-1.852459578184705025e-01
-8.289575653746300565e-01,1.555130628755605482e-01
-6.004485750268679922e-01,4.722185056382482427e-01
-3.959931626104493674e-01,7.207721442621297658e-01
-2.155913281253740987e-01,9.132007677128767265e-01
-6.726093088208999482e-02,1.037477587024817405e+00
5.701588842985074596e-02,1.113647250474071537e+00
1.412034111895525412e-01,1.133691898750190941e+00
2.213820042940304322e-01,1.121665109784519165e+00
2.775070194671649948e-01,1.041486516680041330e+00
3.296231049850755768e-01,9.572989939203395693e-01
3.657034718820906805e-01,8.250043152979510408e-01
4.218284870552251875e-01,6.846917773651146621e-01
4.699356429179118999e-01,5.243345911561588801e-01
5.220517284358225929e-01,3.359148973606358446e-01
5.781767436089571000e-01,1.234416256337693973e-01
6.343017587820916070e-01,-8.903164609309702215e-02
6.824089146447783749e-01,-3.175406364408590587e-01
7.425428594731368070e-01,-5.580764157542927872e-01
7.906500153358234639e-01,-8.026211247229503298e-01
8.307393118880624927e-01,-1.023112255760264544e+00
8.748375380955253355e-01,-1.231576597831907094e+00
9.149268346477642533e-01,-1.391933784040862987e+00
9.630339905104510212e-01,-1.512201673697579629e+00
9.991143574074660139e-01,-1.616433844733401015e+00
1.067266161546272185e+00,-1.636478493009520419e+00
1.067266161546272185e+00,-1.636478493009520419e+00
1.151453684305974168e+00,-1.560308829560266508e+00
1.151453684305974168e+00,-1.560308829560266508e+00
1.175507262237317496e+00,-1.403960573006534540e+00
1.187534051202989049e+00,-1.303737331625937079e+00
1.159471543616421796e+00,-1.223558738521459244e+00
1.127400106374630617e+00,-1.127344426796085708e+00
