-6.723996915840235733e-01,-2.285875968115898549e-01
-6.523550433079040589e-01,-1.925072299145748067e-01
-6.122657467556651412e-01,-1.243554257757685938e-01
-5.561407315825306341e-01,-4.016790301606679853e-02
-4.919978570989482769e-01,6.005533836453057911e-02
-3.877656860631270019e-01,2.003678762973669092e-01
-2.955603039929774467e-01,3.446893438854271019e-01
-1.913281329571561717e-01,5.170733190600546036e-01
-1.111495398526782807e-01,6.774305052690103857e-01
-3.497987640342427318e-02,8.498144804436378319e-01
1.312727945926246871e-02,9.941359480316981356e-01
4.920764635627752209e-02,1.126430626654086664e+00
5.722550566672530981e-02,1.230662797689907828e+00
5.722550566672530981e-02,1.306832461139161961e+00
4.519871670105362477e-02,1.342912828036176842e+00
4.519871670105362477e-02,1.342912828036176842e+00
1.312727945926246871e-02,1.286787812863042335e+00
9.118349804038573120e-03,1.198591360448116649e+00
5.109420148814678396e-03,1.070305611480952157e+00
2.114513876971025816e-02,9.099484252719962640e-01
4.118978704582973438e-02,7.215287314764732285e-01
7.727015394284478256e-02,5.210822487152785287e-01
1.173594504950837419e-01,3.126179066436359788e-01
1.614576767025465709e-01,1.201892831928890043e-01
2.095648325652333110e-01,-6.823041060263405899e-02
2.536630587726961816e-01,-2.406143857772615469e-01
2.937523553249350994e-01,-3.849358533653217673e-01
3.178059332562784833e-01,-5.092126726772625567e-01
3.418595111876218673e-01,-6.014180547474120564e-01
3.498773704980696619e-01,-6.735787885414421527e-01
3.498773704980696619e-01,-7.216859444041289207e-01
3.498773704980696619e-01,-7.216859444041289207e-01
3.178059332562784833e-01,-7.617752409563678384e-01
3.178059332562784833e-01,-7.617752409563678384e-01
2.536630587726961816e-01,-7.377216630250245100e-01
2.135737622204572084e-01,-7.096591554384572564e-01
1.614576767025465709e-01,-6.856055775071139280e-01
1.133505208398598446e-01,-6.495252106100988243e-01
5.321657601150141942e-02,-6.214627030235315708e-01
1.100490493590783672e-03,-5.934001954369643173e-01
-5.101559502431984860e-02,-5.733555471608448029e-01
-9.912275088700658876e-02,-5.573198285399492136e-01
-1.352031177840216369e-01,-5.493019692295014744e-01
-1.352031177840216369e-01,-5.493019692295014744e-01
-1.352031177840216369e-01,-5.493019692295014744e-01
-1.352031177840216369e-01,-5.493019692295014744e-01
-1.352031177840216369e-01,-5.493019692295014744e-01
-5.101559502431984860e-02,-5.533108988847253995e-01
1.312727945926246871e-02,-5.573198285399492136e-01
8.929694290851647454e-02,-5.573198285399492136e-01
1.694755360129943655e-01,-5.613287581951731386e-01
