9.560000000000000000e+02,-1.471000000000000000e+03
9.560000000000000000e+02,-1.471000000000000000e+03
9.290000000000000000e+02,-1.472000000000000000e+03
9.290000000000000000e+02,-1.472000000000000000e+03
9.000000000000000000e+02,-1.480000000000000000e+03
8.850000000000000000e+02,-1.495000000000000000e+03
8.850000000000000000e+02,-1.495000000000000000e+03
8.680000000000000000e+02,-1.525000000000000000e+03
8.700000000000000000e+02,-1.539000000000000000e+03
8.730000000000000000e+02,-1.555000000000000000e+03
8.880000000000000000e+02,-1.563000000000000000e+03
9.010000000000000000e+02,-1.570000000000000000e+03
9.240000000000000000e+02,-1.570000000000000000e+03
9.420000000000000000e+02,-1.566000000000000000e+03
9.650000000000000000e+02,-1.552000000000000000e+03
9.800000000000000000e+02,-1.539000000000000000e+03
9.950000000000000000e+02,-1.518000000000000000e+03
9.990000000000000000e+02,-1.500000000000000000e+03
1.001000000000000000e+03,-1.478000000000000000e+03
9.920000000000000000e+02,-1.462000000000000000e+03
9.800000000000000000e+02,-1.447000000000000000e+03
9.650000000000000000e+02,-1.439000000000000000e+03
9.450000000000000000e+02,-1.436000000000000000e+03
9.450000000000000000e+02,-1.436000000000000000e+03
9.260000000000000000e+02,-1.450000000000000000e+03
9.170000000000000000e+02,-1.465000000000000000e+03
9.140000000000000000e+02,-1.486000000000000000e+03
9.120000000000000000e+02,-1.513000000000000000e+03
