6.720000000000000000e+02,-6.310000000000000000e+02
6.720000000000000000e+02,-6.310000000000000000e+02
6.090000000000000000e+02,-6.840000000000000000e+02
6.090000000000000000e+02,-6.840000000000000000e+02
6.330000000000000000e+02,-7.480000000000000000e+02
6.330000000000000000e+02,-7.480000000000000000e+02
6.330000000000000000e+02,-7.480000000000000000e+02
7.160000000000000000e+02,-8.020000000000000000e+02
7.160000000000000000e+02,-8.020000000000000000e+02
7.760000000000000000e+02,-7.880000000000000000e+02
7.760000000000000000e+02,-7.880000000000000000e+02
7.760000000000000000e+02,-7.880000000000000000e+02
8.140000000000000000e+02,-7.200000000000000000e+02
8.140000000000000000e+02,-7.200000000000000000e+02
8.140000000000000000e+02,-7.200000000000000000e+02
8.140000000000000000e+02,-7.200000000000000000e+02
7.430000000000000000e+02,-6.650000000000000000e+02
7.430000000000000000e+02,-6.650000000000000000e+02
7.430000000000000000e+02,-6.650000000000000000e+02
7.430000000000000000e+02,-6.650000000000000000e+02
