3.000000000000000000e+02,-7.580000000000000000e+02
3.100000000000000000e+02,-7.670000000000000000e+02
3.100000000000000000e+02,-7.670000000000000000e+02
3.260000000000000000e+02,-7.790000000000000000e+02
3.420000000000000000e+02,-7.820000000000000000e+02
3.550000000000000000e+02,-7.910000000000000000e+02
3.790000000000000000e+02,-7.910000000000000000e+02
4.000000000000000000e+02,-7.950000000000000000e+02
4.270000000000000000e+02,-7.920000000000000000e+02
4.530000000000000000e+02,-7.920000000000000000e+02
4.810000000000000000e+02,-7.870000000000000000e+02
5.070000000000000000e+02,-7.820000000000000000e+02
5.330000000000000000e+02,-7.730000000000000000e+02
5.520000000000000000e+02,-7.650000000000000000e+02
5.690000000000000000e+02,-7.560000000000000000e+02
5.810000000000000000e+02,-7.500000000000000000e+02
5.810000000000000000e+02,-7.500000000000000000e+02
5.810000000000000000e+02,-7.500000000000000000e+02
5.810000000000000000e+02,-7.500000000000000000e+02
5.810000000000000000e+02,-7.500000000000000000e+02
5.660000000000000000e+02,-7.710000000000000000e+02
5.490000000000000000e+02,-7.960000000000000000e+02
5.330000000000000000e+02,-8.250000000000000000e+02
5.150000000000000000e+02,-8.620000000000000000e+02
4.990000000000000000e+02,-9.020000000000000000e+02
4.840000000000000000e+02,-9.440000000000000000e+02
4.730000000000000000e+02,-9.820000000000000000e+02
4.660000000000000000e+02,-1.020000000000000000e+03
4.610000000000000000e+02,-1.052000000000000000e+03
4.600000000000000000e+02,-1.079000000000000000e+03
4.590000000000000000e+02,-1.099000000000000000e+03
4.600000000000000000e+02,-1.113000000000000000e+03
4.600000000000000000e+02,-1.122000000000000000e+03
4.600000000000000000e+02,-1.122000000000000000e+03
4.600000000000000000e+02,-1.122000000000000000e+03
4.600000000000000000e+02,-1.122000000000000000e+03
4.600000000000000000e+02,-1.122000000000000000e+03
4.520000000000000000e+02,-1.112000000000000000e+03
4.490000000000000000e+02,-1.102000000000000000e+03
