-7.020638058710846341e-01,1.186329980316958466e+00
-8.824656403561598195e-01,1.198356769282630241e+00
-9.746710224263094302e-01,1.218401417558749644e+00
-9.746710224263094302e-01,1.218401417558749644e+00
-9.746710224263094302e-01,1.218401417558749644e+00
-8.664299217352643412e-01,1.206374628593078091e+00
-6.780102279397411946e-01,1.194347839627406316e+00
-4.013940817292924734e-01,1.206374628593078091e+00
-6.063506103526140889e-02,1.218401417558749644e+00
2.961596782796652172e-01,1.230428206524421419e+00
6.930437141468308582e-01,1.242454995490092973e+00
1.130017046566235361e+00,1.294571081008003777e+00
1.534918941743848686e+00,1.342678236870690434e+00
1.927794047955790457e+00,1.442901478251287894e+00
