6.867929488291468765e-02,4.354436092614905607e-01
6.867929488291468765e-02,4.354436092614905607e-01
6.867929488291468765e-02,4.354436092614905607e-01
6.867929488291468765e-02,4.354436092614905607e-01
1.087685914351536470e-01,4.915686244346250677e-01
1.087685914351536470e-01,4.915686244346250677e-01
1.087685914351536470e-01,4.915686244346250677e-01
1.528668176426164760e-01,5.797650768495508089e-01
1.528668176426164760e-01,5.797650768495508089e-01
1.448489583321687091e-01,6.479168809883569802e-01
1.448489583321687091e-01,6.479168809883569802e-01
1.207953804008253251e-01,7.200776147823870765e-01
1.207953804008253251e-01,7.200776147823870765e-01
5.665250591724300955e-02,7.441311927137304050e-01
5.274907441084791858e-04,7.401222630585065909e-01
-7.163324304992163549e-02,7.160686851271631514e-01
-1.437939768439517318e-01,6.599436699540286444e-01
-2.159547106379818560e-01,6.118365140913418765e-01
-3.081600927081314389e-01,5.557114989182073694e-01
-3.843297561573854604e-01,4.675150465032816838e-01
-4.645083492618633514e-01,3.753096644331321285e-01
-5.326601534006695227e-01,2.790953527077586482e-01
-5.847762389185802157e-01,1.868899706376090653e-01
-6.088298168499235441e-01,1.027024478779072769e-01
-6.088298168499235441e-01,2.653278442865326589e-02
-5.968030278842518799e-01,-2.959223074448126198e-02
-5.968030278842518799e-01,-2.959223074448126198e-02
-4.765351382275350156e-01,-8.170831626239188905e-02
-3.843297561573854604e-01,-5.765473833104852591e-02
-2.841065147767880550e-01,-1.756544177880957694e-02
-1.558207658096234238e-01,5.459529201522052982e-02
-3.956180580813047076e-02,1.347738851196984278e-01
8.471501350381027695e-02,2.430149858107436001e-01
1.929561141948554215e-01,3.512560865017887446e-01
2.931793555754528269e-01,4.474703982271622249e-01
3.653400893694829232e-01,5.517025692629835554e-01
4.254740341978413554e-01,6.278722327122374658e-01
4.535365417844086089e-01,6.839972478853720839e-01
4.535365417844086089e-01,6.839972478853720839e-01
4.535365417844086089e-01,6.839972478853720839e-01
4.535365417844086089e-01,6.839972478853720839e-01
3.693490190247067928e-01,6.679615292644764946e-01
3.693490190247067928e-01,6.679615292644764946e-01
2.811525666097811071e-01,5.396757802973117801e-01
2.370543404023182921e-01,4.594971871928339446e-01
2.130007624709749081e-01,3.592739458122365392e-01
2.049829031605271135e-01,2.550417747764152643e-01
2.170096921261988054e-01,1.868899706376090653e-01
2.691257776441094429e-01,1.147292368435789550e-01
3.292597224724678751e-01,6.261315132566831754e-02
4.134472452321696356e-01,1.851492511820547818e-02
5.096615569575431159e-01,-5.538652813137891900e-03
6.138937279933643909e-01,-2.959223074448126198e-02
7.101080397187379267e-01,-2.157437143403347080e-02
8.464116479963502693e-01,1.450599546298158259e-02
9.305991707560521409e-01,-1.756544177880957694e-02
1.046858130757545080e+00,1.450599546298158259e-02
