-2.144263400204368952e-01,2.453670535133187780e-01
-3.066317220905864782e-01,2.413581238580948807e-01
-3.066317220905864782e-01,2.413581238580948807e-01
-4.469442600234228014e-01,2.213134755819754218e-01
-5.471675014040201512e-01,1.611795307536169897e-01
-6.313550241637219118e-01,8.500986730436298211e-02
-7.436050545099910369e-01,-5.530267062847333409e-02
-8.037389993383494691e-01,-1.835884195956379583e-01
-8.678818738219317153e-01,-3.760170430463849467e-01
-8.638729441667079012e-01,-5.524099478762363180e-01
-8.398193662353644617e-01,-7.568653602926549429e-01
-7.436050545099910369e-01,-9.212314761568346499e-01
-6.313550241637219118e-01,-1.081588662365790432e+00
-4.589710489890944656e-01,-1.185820833401611596e+00
-2.705513551935714300e-01,-1.249963707885193953e+00
-5.406915381148108546e-02,-1.257981567195641803e+00
1.584041179153853340e-01,-1.225910129953850625e+00
3.508327413661322947e-01,-1.129695818228477089e+00
4.991631386094164125e-01,-9.974011396060886714e-01
5.953774503347898372e-01,-8.330350237419089643e-01
6.474935358527005302e-01,-6.486242596016097428e-01
6.314578172318049409e-01,-4.602045658060867073e-01
5.512792241273269944e-01,-2.958384499419070557e-01
4.189845455049385214e-01,-1.635437713195184994e-01
2.506094999855349448e-01,-7.534731890459281378e-02
5.016301722434018256e-02,-3.926695200757775173e-02
-1.021763096741678256e-01,-1.922230373145827897e-02
-2.384799179517802514e-01,-6.732945959414501913e-02
-3.627567372637209853e-01,-1.475080526986229101e-01
-3.988371041607360334e-01,-2.196687864926530342e-01
-4.028460338159599585e-01,-2.958384499419070557e-01
