7.700000000000000000e+02,-1.579000000000000000e+03
7.850000000000000000e+02,-1.582000000000000000e+03
7.850000000000000000e+02,-1.582000000000000000e+03
8.190000000000000000e+02,-1.583000000000000000e+03
8.460000000000000000e+02,-1.577000000000000000e+03
8.770000000000000000e+02,-1.570000000000000000e+03
9.210000000000000000e+02,-1.556000000000000000e+03
9.680000000000000000e+02,-1.541000000000000000e+03
1.028000000000000000e+03,-1.520000000000000000e+03
1.081000000000000000e+03,-1.508000000000000000e+03
1.143000000000000000e+03,-1.485000000000000000e+03
