1.630000000000000000e+02,-1.745000000000000000e+03
1.630000000000000000e+02,-1.745000000000000000e+03
1.630000000000000000e+02,-1.745000000000000000e+03
1.630000000000000000e+02,-1.745000000000000000e+03
1.460000000000000000e+02,-1.667000000000000000e+03
1.460000000000000000e+02,-1.667000000000000000e+03
1.870000000000000000e+02,-1.582000000000000000e+03
1.870000000000000000e+02,-1.582000000000000000e+03
2.560000000000000000e+02,-1.466000000000000000e+03
3.050000000000000000e+02,-1.403000000000000000e+03
3.050000000000000000e+02,-1.403000000000000000e+03
3.990000000000000000e+02,-1.287000000000000000e+03
3.990000000000000000e+02,-1.287000000000000000e+03
4.760000000000000000e+02,-1.213000000000000000e+03
4.760000000000000000e+02,-1.213000000000000000e+03
4.760000000000000000e+02,-1.213000000000000000e+03
4.760000000000000000e+02,-1.213000000000000000e+03
5.260000000000000000e+02,-1.290000000000000000e+03
5.140000000000000000e+02,-1.356000000000000000e+03
4.990000000000000000e+02,-1.429000000000000000e+03
4.820000000000000000e+02,-1.507000000000000000e+03
4.640000000000000000e+02,-1.578000000000000000e+03
4.510000000000000000e+02,-1.643000000000000000e+03
4.510000000000000000e+02,-1.643000000000000000e+03
4.510000000000000000e+02,-1.720000000000000000e+03
4.510000000000000000e+02,-1.720000000000000000e+03
4.510000000000000000e+02,-1.720000000000000000e+03
5.260000000000000000e+02,-1.661000000000000000e+03
5.260000000000000000e+02,-1.661000000000000000e+03
6.060000000000000000e+02,-1.540000000000000000e+03
6.410000000000000000e+02,-1.474000000000000000e+03
6.740000000000000000e+02,-1.409000000000000000e+03
6.740000000000000000e+02,-1.409000000000000000e+03
7.210000000000000000e+02,-1.319000000000000000e+03
7.210000000000000000e+02,-1.319000000000000000e+03
7.210000000000000000e+02,-1.319000000000000000e+03
7.210000000000000000e+02,-1.319000000000000000e+03
7.100000000000000000e+02,-1.415000000000000000e+03
6.990000000000000000e+02,-1.480000000000000000e+03
6.900000000000000000e+02,-1.546000000000000000e+03
6.890000000000000000e+02,-1.610000000000000000e+03
6.890000000000000000e+02,-1.610000000000000000e+03
7.120000000000000000e+02,-1.692000000000000000e+03
7.120000000000000000e+02,-1.692000000000000000e+03
7.120000000000000000e+02,-1.692000000000000000e+03
8.110000000000000000e+02,-1.649000000000000000e+03
8.110000000000000000e+02,-1.649000000000000000e+03
8.980000000000000000e+02,-1.549000000000000000e+03
8.980000000000000000e+02,-1.549000000000000000e+03
9.660000000000000000e+02,-1.460000000000000000e+03
9.660000000000000000e+02,-1.460000000000000000e+03
9.660000000000000000e+02,-1.460000000000000000e+03
9.660000000000000000e+02,-1.460000000000000000e+03
9.660000000000000000e+02,-1.460000000000000000e+03
1.033000000000000000e+03,-1.534000000000000000e+03
1.033000000000000000e+03,-1.534000000000000000e+03
1.078000000000000000e+03,-1.623000000000000000e+03
1.078000000000000000e+03,-1.623000000000000000e+03
1.179000000000000000e+03,-1.665000000000000000e+03
1.251000000000000000e+03,-1.658000000000000000e+03
1.334000000000000000e+03,-1.638000000000000000e+03
