2.334290403791732249e-01,7.627899789439646083e-01
2.334290403791732249e-01,7.627899789439646083e-01
2.334290403791732249e-01,7.627899789439646083e-01
2.334290403791732249e-01,7.627899789439646083e-01
2.053665327926059714e-01,6.866203154947106979e-01
2.173933217582776634e-01,6.224774410111283407e-01
1.973486734821581767e-01,5.182452699753070657e-01
2.013576031373820741e-01,4.180220285947096603e-01
1.692861658955909232e-01,2.817184203170972623e-01
1.532504472746953339e-01,1.454148120394848365e-01
1.051432914120085937e-01,-1.093344451424706903e-02
6.505399485976964824e-02,-1.432281231366356045e-01
8.928979686635122107e-03,-2.715138721038002356e-01
-5.521389479694719521e-02,-3.837639024500693052e-01
-1.233656989357534151e-01,-4.799782141754427855e-01
-1.834996437641118472e-01,-5.641657369351446016e-01
-2.436335885924702516e-01,-6.162818224530551836e-01
-3.037675334208286837e-01,-6.683979079709658766e-01
-3.037675334208286837e-01,-6.683979079709658766e-01
-3.478657596282915265e-01,-6.683979079709658766e-01
-3.478657596282915265e-01,-6.683979079709658766e-01
-3.478657596282915265e-01,-5.802014555560401909e-01
