5.860000000000000000e+02,-1.195000000000000000e+03
5.860000000000000000e+02,-1.195000000000000000e+03
6.050000000000000000e+02,-1.167000000000000000e+03
6.300000000000000000e+02,-1.156000000000000000e+03
6.710000000000000000e+02,-1.142000000000000000e+03
7.270000000000000000e+02,-1.133000000000000000e+03
7.870000000000000000e+02,-1.127000000000000000e+03
8.560000000000000000e+02,-1.124000000000000000e+03
9.270000000000000000e+02,-1.127000000000000000e+03
9.960000000000000000e+02,-1.135000000000000000e+03
1.061000000000000000e+03,-1.151000000000000000e+03
1.116000000000000000e+03,-1.171000000000000000e+03
1.153000000000000000e+03,-1.200000000000000000e+03
1.176000000000000000e+03,-1.231000000000000000e+03
1.180000000000000000e+03,-1.271000000000000000e+03
1.167000000000000000e+03,-1.314000000000000000e+03
1.137000000000000000e+03,-1.361000000000000000e+03
1.091000000000000000e+03,-1.408000000000000000e+03
1.031000000000000000e+03,-1.451000000000000000e+03
9.720000000000000000e+02,-1.492000000000000000e+03
9.080000000000000000e+02,-1.527000000000000000e+03
8.500000000000000000e+02,-1.554000000000000000e+03
7.990000000000000000e+02,-1.573000000000000000e+03
7.570000000000000000e+02,-1.584000000000000000e+03
7.280000000000000000e+02,-1.587000000000000000e+03
7.120000000000000000e+02,-1.589000000000000000e+03
7.120000000000000000e+02,-1.589000000000000000e+03
7.270000000000000000e+02,-1.579000000000000000e+03
7.270000000000000000e+02,-1.579000000000000000e+03
7.720000000000000000e+02,-1.573000000000000000e+03
7.940000000000000000e+02,-1.575000000000000000e+03
