-4.809660604780458537e-01,4.008929655223895105e-01
-4.809660604780458537e-01,4.008929655223895105e-01
-5.491178646168520805e-01,4.369733324194045587e-01
-5.491178646168520805e-01,4.369733324194045587e-01
-5.491178646168520805e-01,4.369733324194045587e-01
-5.491178646168520805e-01,4.369733324194045587e-01
-5.491178646168520805e-01,4.369733324194045587e-01
-5.491178646168520805e-01,4.369733324194045587e-01
-4.809660604780458537e-01,3.287322317283593587e-01
-4.569124825467025253e-01,2.365268496582098035e-01
-4.047963970287918878e-01,1.403125379328363231e-01
-3.486713818556573252e-01,1.603571862089557890e-02
-2.885374370272988931e-01,-1.242768193119407477e-01
-2.284034921989404887e-01,-2.766161462104487767e-01
-1.482248990944625977e-01,-4.249465434537328390e-01
-7.606416530043248747e-02,-5.853037296626886210e-01
1.054981488215135286e-04,-7.216073379403010746e-01
7.627516159807551377e-02,-8.418752275970179388e-01
1.524448250473295075e-01,-9.581341875985108780e-01
2.205966291861357342e-01,-1.062366358634332153e+00
3.047841519458375226e-01,-1.150562811049257839e+00
3.769448857398676189e-01,-1.222723544843288046e+00
4.691502678100172297e-01,-1.290875348982094106e+00
5.413110016040473260e-01,-1.342991434500004688e+00
6.174806650533013475e-01,-1.379071801397019792e+00
6.896413988473314438e-01,-1.403125379328363120e+00
7.698199919518093903e-01,-1.403125379328363120e+00
8.419807257458394867e-01,-1.391098590362691567e+00
9.141414595398695830e-01,-1.351009293810452538e+00
9.863021933338996794e-01,-1.294884278637318031e+00
1.054453997472705851e+00,-1.206687826222392346e+00
1.106570082990616433e+00,-1.098446725531347257e+00
1.162695098163750940e+00,-9.501163282880631389e-01
1.202784394715989968e+00,-7.937680717343311709e-01
1.246882620923452922e+00,-6.093573075940320605e-01
1.282962987820467804e+00,-3.968840358671655855e-01
1.319043354717482908e+00,-1.804018344850752686e-01
1.339088002993602311e+00,3.207143724179115779e-02
1.367150510580169787e+00,2.365268496582098035e-01
1.379177299545841340e+00,4.249465434537328390e-01
1.403230877477184668e+00,5.893126593179125461e-01
1.423275525753304294e+00,7.336341269059727388e-01
1.435302314718975847e+00,8.498930869074656780e-01
1.439311244374199772e+00,9.340806096671675496e-01
1.447329103684647622e+00,9.982234841507497958e-01
1.447329103684647622e+00,9.982234841507497958e-01
1.447329103684647622e+00,1.070384217944780003e+00
1.447329103684647622e+00,1.070384217944780003e+00
1.447329103684647622e+00,1.070384217944780003e+00
1.447329103684647622e+00,1.070384217944780003e+00
1.447329103684647622e+00,1.070384217944780003e+00
1.447329103684647622e+00,1.070384217944780003e+00
1.399221947821960743e+00,9.741699062194064673e-01
1.351114791959274086e+00,9.100270317358241101e-01
1.351114791959274086e+00,9.100270317358241101e-01
1.254900480233900550e+00,7.777323531134355816e-01
1.186748676095094490e+00,7.296251972507489247e-01
