9.120000000000000000e+02,-1.215000000000000000e+03
9.120000000000000000e+02,-1.215000000000000000e+03
9.120000000000000000e+02,-1.215000000000000000e+03
9.120000000000000000e+02,-1.215000000000000000e+03
9.120000000000000000e+02,-1.215000000000000000e+03
9.120000000000000000e+02,-1.215000000000000000e+03
9.120000000000000000e+02,-1.215000000000000000e+03
9.120000000000000000e+02,-1.215000000000000000e+03
9.120000000000000000e+02,-1.215000000000000000e+03
9.120000000000000000e+02,-1.215000000000000000e+03
9.120000000000000000e+02,-1.215000000000000000e+03
9.120000000000000000e+02,-1.215000000000000000e+03
9.120000000000000000e+02,-1.215000000000000000e+03
9.120000000000000000e+02,-1.215000000000000000e+03
8.950000000000000000e+02,-1.230000000000000000e+03
8.950000000000000000e+02,-1.230000000000000000e+03
8.880000000000000000e+02,-1.257000000000000000e+03
8.880000000000000000e+02,-1.272000000000000000e+03
8.830000000000000000e+02,-1.292000000000000000e+03
8.860000000000000000e+02,-1.308000000000000000e+03
8.850000000000000000e+02,-1.331000000000000000e+03
8.880000000000000000e+02,-1.350000000000000000e+03
8.860000000000000000e+02,-1.376000000000000000e+03
8.880000000000000000e+02,-1.402000000000000000e+03
8.880000000000000000e+02,-1.433000000000000000e+03
8.880000000000000000e+02,-1.465000000000000000e+03
8.860000000000000000e+02,-1.500000000000000000e+03
8.860000000000000000e+02,-1.536000000000000000e+03
8.860000000000000000e+02,-1.570000000000000000e+03
8.880000000000000000e+02,-1.604000000000000000e+03
8.890000000000000000e+02,-1.635000000000000000e+03
8.910000000000000000e+02,-1.664000000000000000e+03
8.940000000000000000e+02,-1.691000000000000000e+03
8.970000000000000000e+02,-1.715000000000000000e+03
8.970000000000000000e+02,-1.736000000000000000e+03
8.970000000000000000e+02,-1.753000000000000000e+03
8.970000000000000000e+02,-1.771000000000000000e+03
8.950000000000000000e+02,-1.789000000000000000e+03
8.940000000000000000e+02,-1.806000000000000000e+03
8.920000000000000000e+02,-1.819000000000000000e+03
8.890000000000000000e+02,-1.833000000000000000e+03
8.890000000000000000e+02,-1.833000000000000000e+03
8.860000000000000000e+02,-1.857000000000000000e+03
8.860000000000000000e+02,-1.857000000000000000e+03
8.880000000000000000e+02,-1.875000000000000000e+03
8.880000000000000000e+02,-1.875000000000000000e+03
8.880000000000000000e+02,-1.888000000000000000e+03
8.880000000000000000e+02,-1.888000000000000000e+03
8.880000000000000000e+02,-1.902000000000000000e+03
8.880000000000000000e+02,-1.902000000000000000e+03
8.860000000000000000e+02,-1.916000000000000000e+03
8.860000000000000000e+02,-1.916000000000000000e+03
8.860000000000000000e+02,-1.916000000000000000e+03
8.860000000000000000e+02,-1.916000000000000000e+03
8.860000000000000000e+02,-1.916000000000000000e+03
8.860000000000000000e+02,-1.916000000000000000e+03
8.860000000000000000e+02,-1.916000000000000000e+03
8.860000000000000000e+02,-1.916000000000000000e+03
8.860000000000000000e+02,-1.916000000000000000e+03
8.910000000000000000e+02,-1.900000000000000000e+03
8.910000000000000000e+02,-1.900000000000000000e+03
8.910000000000000000e+02,-1.900000000000000000e+03
9.000000000000000000e+02,-1.887000000000000000e+03
9.000000000000000000e+02,-1.887000000000000000e+03
9.000000000000000000e+02,-1.887000000000000000e+03
9.000000000000000000e+02,-1.887000000000000000e+03
9.000000000000000000e+02,-1.887000000000000000e+03
9.210000000000000000e+02,-1.888000000000000000e+03
9.210000000000000000e+02,-1.888000000000000000e+03
9.420000000000000000e+02,-1.870000000000000000e+03
