1.965177316990752432e-01,5.392010386276138156e-01
2.165623799751947298e-01,6.554599986291068658e-01
2.165623799751947298e-01,6.554599986291068658e-01
2.205713096304186271e-01,7.797368179410475442e-01
2.205713096304186271e-01,7.797368179410475442e-01
2.045355910095230378e-01,8.919868482873166693e-01
2.045355910095230378e-01,8.919868482873166693e-01
1.323748572154929415e-01,9.761743710470184299e-01
7.224091238713450935e-02,9.922100896679140192e-01
-2.798232899346285787e-02,9.801833007022423550e-01
-1.282055703740602459e-01,9.681565117365705797e-01
-2.725270379621204664e-01,9.080225669082121476e-01
-4.088306462397328644e-01,8.478886220798538265e-01
-5.691878324486886465e-01,7.316296620783607763e-01
-7.135093000367488392e-01,6.193796317320917622e-01
-8.658486269352568820e-01,4.670403048335837748e-01
-9.821075869367498212e-01,3.227188372455235266e-01
-1.090348687627795021e+00,1.222723544843287991e-01
-1.142464773145705603e+00,-6.614733931119426424e-02
-1.186562999353168557e+00,-2.706027517276128891e-01
-1.166518351077048932e+00,-4.630313751783598497e-01
-1.118411195214362275e+00,-6.634778579395546050e-01
-1.010170094523317186e+00,-8.438796924246299014e-01
-8.738664862457047322e-01,-1.020272597254481273e+00
-6.774289331397338465e-01,-1.164594064842541465e+00
-4.689645910680912966e-01,-1.276844095188810480e+00
-2.244198820994336985e-01,-1.353013758638064612e+00
3.616054549011946118e-02,-1.401120914500751269e+00
3.007499027348965459e-01,-1.417156633121646747e+00
5.533124710140019387e-01,-1.393103055190303419e+00
7.938482503274355562e-01,-1.332969110361944987e+00
1.002312592399078106e+00,-1.236754798636571673e+00
1.170687637918481627e+00,-1.116486908979854809e+00
1.298973386885646342e+00,-9.481118634604511763e-01
1.387169839300572027e+00,-7.516743103544802906e-01
1.419241276542363206e+00,-5.552367572485094049e-01
1.399196628266243803e+00,-3.347456262111952463e-01
1.327035894472213595e+00,-1.302902137947765937e-01
1.210776934470720656e+00,7.416519862164205890e-02
1.042401888951317135e+00,2.505581034514934302e-01
8.379464765348983990e-01,4.069063600052253427e-01
6.094374861871364457e-01,5.031206717305988230e-01
3.408391992871354637e-01,5.592456869037333300e-01
8.827663100803009866e-02,5.873081944903005835e-01
-1.963573745128664449e-01,5.512278275932855909e-01
-4.088306462397328644e-01,5.231653200067183374e-01
-5.932414103800320859e-01,4.510045862126881855e-01
-7.335539483128683536e-01,3.467724151768669105e-01
-8.057146821068984499e-01,2.385313144858217382e-01
-8.377861193486896285e-01,1.182634248291049017e-01
