2.289645505358556821e-01,-2.321990278713202127e-01
2.049109726045122981e-01,-2.762972540787830278e-01
2.049109726045122981e-01,-2.762972540787830278e-01
2.049109726045122981e-01,-2.762972540787830278e-01
2.169377615701839901e-01,-3.284133395966936653e-01
2.169377615701839901e-01,-3.284133395966936653e-01
2.610359877776468607e-01,-3.524669175280370492e-01
3.011252843298857784e-01,-3.484579878728131797e-01
3.412145808821247517e-01,-3.524669175280370492e-01
4.093663850209309230e-01,-3.364311989071414599e-01
4.815271188149610748e-01,-3.123776209757980760e-01
5.777414305403345551e-01,-2.722883244235591582e-01
6.940003905418274943e-01,-2.201722389056485207e-01
8.102593505433204335e-01,-1.800829423534095752e-01
9.185004512343656335e-01,-1.199489975250511431e-01
1.026741551925410834e+00,-4.778826373102103287e-02
1.114938004340336519e+00,1.234568109733738712e-02
