-3.634010036763520302e-01,8.627668328425536215e-02
-3.754277926420236944e-01,1.812487914544914577e-02
-4.115081595390387426e-01,-5.403585464858096099e-02
-4.115081595390387426e-01,-5.403585464858096099e-02
-3.513742147106803104e-01,-1.702948146500739279e-01
-3.032670588479935980e-01,-2.544823374097757163e-01
-1.829991691912767338e-01,-3.266430712038058126e-01
-7.475806850023157535e-02,-4.469109608605226769e-01
1.016348363296198098e-01,-5.431252725858961572e-01
2.539741632281278250e-01,-6.834378105187324248e-01
4.464027866788747856e-01,-7.916789112097776249e-01
6.348224804743978211e-01,-9.159557305217184142e-01
8.392778928908164460e-01,-1.028205760867987317e+00
1.019679727375891742e+00,-1.128429002248584778e+00
1.196072632205743114e+00,-1.212616525008286539e+00
1.352420888759475082e+00,-1.284777258802316746e+00
1.468679848760968021e+00,-1.364955851906794582e+00
1.580929879107237035e+00,-1.437116585700824789e+00
1.661108472211714870e+00,-1.557384475357541653e+00
1.701197768763953899e+00,-1.641571998117243414e+00
1.745295994971416631e+00,-1.701705942945601846e+00
1.757322783937088406e+00,-1.757830958118736353e+00
