-3.705492259981215120e-01,2.485905409052266979e+00
-4.306831708264799441e-01,2.469869690431371279e+00
-4.306831708264799441e-01,2.469869690431371279e+00
-4.908171156548383762e-01,2.449825042155251875e+00
-4.908171156548383762e-01,2.449825042155251875e+00
-4.908171156548383762e-01,2.449825042155251875e+00
-5.509510604831967528e-01,2.389691097326893221e+00
-5.509510604831967528e-01,2.389691097326893221e+00
-5.509510604831967528e-01,2.389691097326893221e+00
-5.509510604831967528e-01,2.389691097326893221e+00
-5.509510604831967528e-01,2.389691097326893221e+00
-5.509510604831967528e-01,2.389691097326893221e+00
-5.509510604831967528e-01,2.389691097326893221e+00
-4.948260453100622458e-01,2.397708956637341071e+00
-4.948260453100622458e-01,2.397708956637341071e+00
-4.948260453100622458e-01,2.397708956637341071e+00
-4.186563818608082244e-01,2.377664308361221668e+00
-4.186563818608082244e-01,2.377664308361221668e+00
-3.625313666876737173e-01,2.381673238016445371e+00
-3.625313666876737173e-01,2.381673238016445371e+00
-2.903706328936436210e-01,2.397708956637341071e+00
-2.903706328936436210e-01,2.397708956637341071e+00
