3.690000000000000000e+02,-4.910000000000000000e+02
3.690000000000000000e+02,-4.800000000000000000e+02
3.850000000000000000e+02,-4.730000000000000000e+02
4.090000000000000000e+02,-4.680000000000000000e+02
4.380000000000000000e+02,-4.640000000000000000e+02
4.800000000000000000e+02,-4.590000000000000000e+02
5.250000000000000000e+02,-4.610000000000000000e+02
5.770000000000000000e+02,-4.610000000000000000e+02
6.310000000000000000e+02,-4.630000000000000000e+02
6.860000000000000000e+02,-4.680000000000000000e+02
7.350000000000000000e+02,-4.750000000000000000e+02
7.830000000000000000e+02,-4.770000000000000000e+02
8.260000000000000000e+02,-4.810000000000000000e+02
