8.907112797606542287e-01,7.649766678468138403e-01
8.025148273457285431e-01,8.130838237095006082e-01
7.303540935516984467e-01,8.932624168139785548e-01
6.100862038949815824e-01,9.413695726766652117e-01
4.657647363069213897e-01,9.574052912975608010e-01
3.254521983740850666e-01,9.814588692289042404e-01
1.169878563024425444e-01,9.453785023318891367e-01
-6.742290783785662156e-02,8.852445575035307046e-01
-2.879140388751708635e-01,7.529498788811421761e-01
-4.723248030154700294e-01,6.206552002587536476e-01
-6.647534264662169345e-01,4.202087174975588924e-01
-7.890302457781577239e-01,2.037265161154686033e-01
-8.812356278483073346e-01,-4.482712250841289214e-02
-9.012802761244267380e-01,-2.973896907875182571e-01
-8.331284719856205667e-01,-5.659879776875191837e-01
-7.008337933632320382e-01,-7.864791087248333978e-01
-4.883605216363655632e-01,-9.869255914860282086e-01
-2.398068830124840956e-01,-1.167327425971103505e+00
6.888070043975580425e-02,-1.259532808041253116e+00
4.176575804442346773e-01,-1.339711401145730951e+00
7.664344604487135504e-01,-1.375791768042746055e+00
1.131247059074087957e+00,-1.355747119766626430e+00
