7.540000000000000000e+02,-1.180000000000000000e+03
7.540000000000000000e+02,-1.180000000000000000e+03
7.510000000000000000e+02,-1.151000000000000000e+03
7.510000000000000000e+02,-1.151000000000000000e+03
7.460000000000000000e+02,-1.132000000000000000e+03
7.460000000000000000e+02,-1.132000000000000000e+03
7.460000000000000000e+02,-1.132000000000000000e+03
7.250000000000000000e+02,-1.130000000000000000e+03
7.010000000000000000e+02,-1.153000000000000000e+03
6.830000000000000000e+02,-1.179000000000000000e+03
6.540000000000000000e+02,-1.219000000000000000e+03
6.270000000000000000e+02,-1.260000000000000000e+03
6.030000000000000000e+02,-1.307000000000000000e+03
5.860000000000000000e+02,-1.353000000000000000e+03
5.740000000000000000e+02,-1.397000000000000000e+03
5.800000000000000000e+02,-1.432000000000000000e+03
5.970000000000000000e+02,-1.456000000000000000e+03
6.290000000000000000e+02,-1.465000000000000000e+03
6.740000000000000000e+02,-1.463000000000000000e+03
7.270000000000000000e+02,-1.451000000000000000e+03
7.900000000000000000e+02,-1.435000000000000000e+03
8.530000000000000000e+02,-1.415000000000000000e+03
9.150000000000000000e+02,-1.396000000000000000e+03
9.690000000000000000e+02,-1.382000000000000000e+03
1.013000000000000000e+03,-1.376000000000000000e+03
1.048000000000000000e+03,-1.378000000000000000e+03
1.069000000000000000e+03,-1.390000000000000000e+03
1.085000000000000000e+03,-1.411000000000000000e+03
1.090000000000000000e+03,-1.444000000000000000e+03
1.091000000000000000e+03,-1.483000000000000000e+03
1.088000000000000000e+03,-1.527000000000000000e+03
1.087000000000000000e+03,-1.573000000000000000e+03
1.076000000000000000e+03,-1.622000000000000000e+03
1.063000000000000000e+03,-1.667000000000000000e+03
1.042000000000000000e+03,-1.709000000000000000e+03
1.013000000000000000e+03,-1.748000000000000000e+03
9.770000000000000000e+02,-1.783000000000000000e+03
9.350000000000000000e+02,-1.813000000000000000e+03
8.860000000000000000e+02,-1.836000000000000000e+03
8.290000000000000000e+02,-1.854000000000000000e+03
7.760000000000000000e+02,-1.864000000000000000e+03
7.240000000000000000e+02,-1.867000000000000000e+03
6.750000000000000000e+02,-1.864000000000000000e+03
6.300000000000000000e+02,-1.855000000000000000e+03
5.970000000000000000e+02,-1.843000000000000000e+03
5.650000000000000000e+02,-1.839000000000000000e+03
5.490000000000000000e+02,-1.825000000000000000e+03
5.490000000000000000e+02,-1.803000000000000000e+03
5.560000000000000000e+02,-1.777000000000000000e+03
