4.978147354222142718e-01,1.137121105734683502e+00
4.617343685251992236e-01,1.173201472631698605e+00
3.575021974893779486e-01,1.153156824355579202e+00
2.452521671431089068e-01,1.121085387113788023e+00
1.129574885207203783e-01,1.044915723664533891e+00
-4.739969768823542456e-02,8.965853264212498841e-01
-1.837033059658478573e-01,7.201924215913984018e-01
-3.320337032091319474e-01,4.916834312436364485e-01
-4.282480149345054277e-01,2.511476519302027754e-01
-4.963998190733116544e-01,-4.150421290114158362e-02
-5.004087487285355795e-01,-3.261382184220381064e-01
-4.402748039001771474e-01,-6.268079425638302116e-01
-3.360426328643558724e-01,-9.194598073951745221e-01
-1.636586576897283707e-01,-1.180040234984727654e+00
1.009306995550486863e-01,-1.412558154987713532e+00
4.016004236968407914e-01,-1.645076074990699633e+00
7.503773037013197200e-01,-1.837504698441446482e+00
