7.810000000000000000e+02,-1.691000000000000000e+03
7.810000000000000000e+02,-1.691000000000000000e+03
7.810000000000000000e+02,-1.691000000000000000e+03
7.810000000000000000e+02,-1.691000000000000000e+03
7.190000000000000000e+02,-1.718000000000000000e+03
7.190000000000000000e+02,-1.718000000000000000e+03
7.190000000000000000e+02,-1.718000000000000000e+03
7.190000000000000000e+02,-1.718000000000000000e+03
7.190000000000000000e+02,-1.718000000000000000e+03
7.190000000000000000e+02,-1.718000000000000000e+03
7.190000000000000000e+02,-1.718000000000000000e+03
7.190000000000000000e+02,-1.718000000000000000e+03
7.190000000000000000e+02,-1.718000000000000000e+03
7.190000000000000000e+02,-1.718000000000000000e+03
7.190000000000000000e+02,-1.718000000000000000e+03
7.660000000000000000e+02,-1.650000000000000000e+03
7.660000000000000000e+02,-1.650000000000000000e+03
8.250000000000000000e+02,-1.585000000000000000e+03
8.250000000000000000e+02,-1.585000000000000000e+03
8.970000000000000000e+02,-1.495000000000000000e+03
8.970000000000000000e+02,-1.495000000000000000e+03
9.770000000000000000e+02,-1.388000000000000000e+03
9.770000000000000000e+02,-1.388000000000000000e+03
1.040000000000000000e+03,-1.295000000000000000e+03
1.040000000000000000e+03,-1.295000000000000000e+03
1.075000000000000000e+03,-1.234000000000000000e+03
1.075000000000000000e+03,-1.234000000000000000e+03
1.075000000000000000e+03,-1.234000000000000000e+03
1.075000000000000000e+03,-1.234000000000000000e+03
1.075000000000000000e+03,-1.234000000000000000e+03
1.075000000000000000e+03,-1.234000000000000000e+03
1.075000000000000000e+03,-1.234000000000000000e+03
1.075000000000000000e+03,-1.234000000000000000e+03
