6.840000000000000000e+02,-1.126000000000000000e+03
6.600000000000000000e+02,-1.102000000000000000e+03
6.290000000000000000e+02,-1.085000000000000000e+03
6.010000000000000000e+02,-1.069000000000000000e+03
5.760000000000000000e+02,-1.052000000000000000e+03
5.530000000000000000e+02,-1.046000000000000000e+03
5.430000000000000000e+02,-1.031000000000000000e+03
5.430000000000000000e+02,-1.031000000000000000e+03
5.470000000000000000e+02,-1.016000000000000000e+03
5.710000000000000000e+02,-1.013000000000000000e+03
6.200000000000000000e+02,-1.004000000000000000e+03
6.810000000000000000e+02,-1.001000000000000000e+03
7.630000000000000000e+02,-9.960000000000000000e+02
8.550000000000000000e+02,-9.920000000000000000e+02
9.560000000000000000e+02,-9.890000000000000000e+02
1.055000000000000000e+03,-9.870000000000000000e+02
1.144000000000000000e+03,-9.900000000000000000e+02
1.221000000000000000e+03,-9.950000000000000000e+02
1.278000000000000000e+03,-1.001000000000000000e+03
1.318000000000000000e+03,-1.007000000000000000e+03
1.342000000000000000e+03,-1.013000000000000000e+03
1.342000000000000000e+03,-1.013000000000000000e+03
1.342000000000000000e+03,-1.013000000000000000e+03
1.328000000000000000e+03,-1.028000000000000000e+03
1.315000000000000000e+03,-1.029000000000000000e+03
1.315000000000000000e+03,-1.029000000000000000e+03
1.315000000000000000e+03,-1.029000000000000000e+03
1.315000000000000000e+03,-1.029000000000000000e+03
1.315000000000000000e+03,-1.013000000000000000e+03
1.315000000000000000e+03,-1.013000000000000000e+03
