2.894447211071654036e-01,9.609768831722153015e-01
2.493554245549264581e-01,9.649858128274391156e-01
2.493554245549264581e-01,9.649858128274391156e-01
1.491321831743290804e-01,8.807982900677373550e-01
6.494466041462727823e-02,7.765661190319160800e-01
8.017859310449612425e-04,6.362535810990798124e-01
-7.937680717343294223e-02,4.358070983378850016e-01
-1.515375409674630525e-01,2.353606155766902741e-01
-2.437429230376126355e-01,-1.319302304719121438e-02
-3.078857975211949372e-01,-2.457109430501771274e-01
-3.880643906256728282e-01,-4.902556520188346978e-01
-4.602251244197029800e-01,-7.107467830561489119e-01
-5.363947878689570015e-01,-9.232200547830153869e-01
-5.965287326973154336e-01,-1.099612959612866758e+00
-6.566626775256737547e-01,-1.255961216166598726e+00
-7.007609037331365975e-01,-1.376229105823315590e+00
-7.408502002853756263e-01,-1.468434487893464979e+00
-7.689127078719428798e-01,-1.520550573411375783e+00
-7.689127078719428798e-01,-1.520550573411375783e+00
-8.049930747689578725e-01,-1.536586292032271261e+00
-8.090020044241817976e-01,-1.492488065824808530e+00
-8.009841451137340584e-01,-1.408300543065106547e+00
-7.849484264928384691e-01,-1.280014794097942055e+00
-7.528769892510472905e-01,-1.123666537544210087e+00
-7.047698333883605226e-01,-9.352468437486870512e-01
-6.406269589047782764e-01,-7.107467830561489119e-01
-5.644572954555242550e-01,-4.662020740874913138e-01
-4.762608430405985138e-01,-2.056216464979381819e-01
-3.640108126943294997e-01,5.896771074683889585e-02
-2.517607823480604301e-01,3.275659976468398571e-01
-1.234750333808957851e-01,5.721107066154974552e-01
1.282857489671664596e-02,8.046286266184833336e-01
1.411143238638812858e-01,9.970572500692302942e-01
2.814268617967176089e-01,1.149396576967738337e+00
4.297572590400017267e-01,1.253628748003559501e+00
5.740787266280619194e-01,1.301735903866246380e+00
6.863287569743310446e-01,1.293718044555798530e+00
7.945698576653761336e-01,1.237593029382664023e+00
8.707395211146301550e-01,1.137369788002066562e+00
9.188466769773169229e-01,1.005075109379678144e+00
9.388913252534363263e-01,8.527357824811701015e-01
9.188466769773169229e-01,6.963875259274381335e-01
8.587127321489584908e-01,5.320214100632585374e-01
7.785341390444805443e-01,3.876999424751982892e-01
6.903376866295548586e-01,2.674320528184814250e-01
5.981323045594053589e-01,1.712177410931079446e-01
5.059269224892557482e-01,9.504807764385395097e-02
4.137215404191061374e-01,3.892306247071942310e-02
3.495786659355238357e-01,2.842695573704365382e-03
2.774179321414936839e-01,-3.724660097853458446e-02
2.774179321414936839e-01,-3.724660097853458446e-02
2.774179321414936839e-01,-3.724660097853458446e-02
2.774179321414936839e-01,-3.724660097853458446e-02
2.774179321414936839e-01,-3.724660097853458446e-02
3.255250880041804518e-01,-6.931803822032574225e-02
