1.360595864725118176e+00,1.214705685532840196e+00
1.332533357138550922e+00,1.298893208292541956e+00
1.332533357138550922e+00,1.298893208292541956e+00
1.332533357138550922e+00,1.298893208292541956e+00
1.284426201275864043e+00,1.238759263464183524e+00
1.248345834378848940e+00,1.130518162773138435e+00
1.240327975068401312e+00,9.982234841507497958e-01
1.200238678516162283e+00,7.857502124238834318e-01
1.180194030240042879e+00,5.692680110417930317e-01
1.132086874377356001e+00,2.966607944865682356e-01
1.108033296446012672e+00,3.207143724179115779e-02
1.071952929548997568e+00,-2.445447089686575981e-01
1.059926140583326015e+00,-5.251697848343301889e-01
1.047899351617654240e+00,-7.777323531134355816e-01
1.047899351617654240e+00,-1.006241343461197646e+00
1.087988648169893269e+00,-1.178625318635825092e+00
1.112042226101236597e+00,-1.347000364155228613e+00
1.140104733687803851e+00,-1.467268253811945478e+00
1.204247608171386208e+00,-1.539428987605975685e+00
1.248345834378848940e+00,-1.607580791744781967e+00
1.312488708862431297e+00,-1.607580791744781967e+00
