5.965830910655225972e-02,6.324596140817630996e-01
2.758687186476110192e-02,7.326828554623604495e-01
2.758687186476110192e-02,7.326828554623604495e-01
-2.452921365314953209e-02,7.807900113250472174e-01
-2.452921365314953209e-02,7.807900113250472174e-01
-2.452921365314953209e-02,7.807900113250472174e-01
-3.254707296359732327e-02,7.046203478757931959e-01
-4.457386192926900831e-02,6.324596140817630996e-01
-3.254707296359732327e-02,5.442631616668374139e-01
-3.254707296359732327e-02,4.440399202862400085e-01
-2.052028399792563823e-02,3.478256085608665282e-01
-8.493495032253953192e-03,2.315666485593735890e-01
1.556008289908941689e-02,1.433701961444479034e-01
3.560473117520888964e-02,5.517374372952220385e-02
8.371188703789562979e-02,-8.969130754060115202e-03
8.371188703789562979e-02,-8.969130754060115202e-03
1.678994097975974320e-01,-7.712093489286632464e-02
1.678994097975974320e-01,-7.712093489286632464e-02
2.520869325572991926e-01,-6.509414592719464654e-02
2.520869325572991926e-01,-6.509414592719464654e-02
3.082119477304337551e-01,7.066587866835463694e-03
3.082119477304337551e-01,7.066587866835463694e-03
2.761405104886425765e-01,9.927196993698504668e-02
2.240244249707319391e-01,1.353523368340001087e-01
1.518636911767018427e-01,1.553969851101195676e-01
5.164044979610447200e-02,1.353523368340001087e-01
-6.060958055016458373e-02,1.112987589026567248e-01
-1.888953295173292357e-01,4.314695476385051881e-02
-3.211900081397177642e-01,-3.302270868540348875e-02
-4.494757571068823676e-01,-1.412638093764486402e-01
-5.456900688322559034e-01,-2.615316990331654767e-01
-6.298775915919576640e-01,-4.018442369660017999e-01
-6.819936771098682460e-01,-5.301299859331664033e-01
-7.140651143516594246e-01,-6.624246645555549318e-01
-7.020383253859877604e-01,-7.826925542122717960e-01
-6.699668881441965818e-01,-9.109783031794365105e-01
-6.098329433158381496e-01,-1.019219403870481599e+00
-5.376722095218080533e-01,-1.115433715595855135e+00
-4.534846867621062927e-01,-1.207639097666004746e+00
-3.652882343471806070e-01,-1.283808761115258656e+00
-2.730828522770309963e-01,-1.343942705943617089e+00
-1.688506812412097491e-01,-1.404076650771975521e+00
-8.065422882628406342e-02,-1.448174876979438475e+00
1.155115324386552129e-02,-1.464210595600333953e+00
7.168509807222395169e-02,-1.496282032842125131e+00
1.318190429005823561e-01,-1.496282032842125131e+00
2.039797766946124802e-01,-1.464210595600333953e+00
2.039797766946124802e-01,-1.464210595600333953e+00
3.202387366961054194e-01,-1.363987354219736492e+00
