1.042000000000000000e+03,-1.488000000000000000e+03
1.042000000000000000e+03,-1.488000000000000000e+03
1.075000000000000000e+03,-1.453000000000000000e+03
1.088000000000000000e+03,-1.432000000000000000e+03
1.106000000000000000e+03,-1.405000000000000000e+03
1.129000000000000000e+03,-1.376000000000000000e+03
1.140000000000000000e+03,-1.352000000000000000e+03
1.153000000000000000e+03,-1.322000000000000000e+03
1.147000000000000000e+03,-1.305000000000000000e+03
1.138000000000000000e+03,-1.284000000000000000e+03
1.106000000000000000e+03,-1.274000000000000000e+03
1.072000000000000000e+03,-1.263000000000000000e+03
1.021000000000000000e+03,-1.269000000000000000e+03
9.680000000000000000e+02,-1.277000000000000000e+03
9.030000000000000000e+02,-1.293000000000000000e+03
8.430000000000000000e+02,-1.316000000000000000e+03
7.820000000000000000e+02,-1.346000000000000000e+03
7.370000000000000000e+02,-1.374000000000000000e+03
7.040000000000000000e+02,-1.411000000000000000e+03
6.920000000000000000e+02,-1.442000000000000000e+03
6.950000000000000000e+02,-1.474000000000000000e+03
7.190000000000000000e+02,-1.495000000000000000e+03
7.550000000000000000e+02,-1.515000000000000000e+03
8.080000000000000000e+02,-1.525000000000000000e+03
8.640000000000000000e+02,-1.531000000000000000e+03
9.240000000000000000e+02,-1.533000000000000000e+03
9.810000000000000000e+02,-1.534000000000000000e+03
1.031000000000000000e+03,-1.539000000000000000e+03
1.070000000000000000e+03,-1.546000000000000000e+03
1.097000000000000000e+03,-1.563000000000000000e+03
1.114000000000000000e+03,-1.587000000000000000e+03
1.119000000000000000e+03,-1.623000000000000000e+03
1.116000000000000000e+03,-1.667000000000000000e+03
1.106000000000000000e+03,-1.717000000000000000e+03
1.093000000000000000e+03,-1.777000000000000000e+03
1.075000000000000000e+03,-1.843000000000000000e+03
1.054000000000000000e+03,-1.910000000000000000e+03
1.031000000000000000e+03,-1.973000000000000000e+03
1.007000000000000000e+03,-2.033000000000000000e+03
9.840000000000000000e+02,-2.086000000000000000e+03
9.600000000000000000e+02,-2.131000000000000000e+03
9.360000000000000000e+02,-2.167000000000000000e+03
9.110000000000000000e+02,-2.190000000000000000e+03
8.880000000000000000e+02,-2.194000000000000000e+03
8.680000000000000000e+02,-2.187000000000000000e+03
8.520000000000000000e+02,-2.169000000000000000e+03
8.410000000000000000e+02,-2.139000000000000000e+03
8.340000000000000000e+02,-2.096000000000000000e+03
8.310000000000000000e+02,-2.047000000000000000e+03
8.320000000000000000e+02,-2.000000000000000000e+03
8.380000000000000000e+02,-1.953000000000000000e+03
8.470000000000000000e+02,-1.910000000000000000e+03
8.710000000000000000e+02,-1.872000000000000000e+03
8.910000000000000000e+02,-1.849000000000000000e+03
9.210000000000000000e+02,-1.827000000000000000e+03
9.570000000000000000e+02,-1.810000000000000000e+03
9.950000000000000000e+02,-1.804000000000000000e+03
1.042000000000000000e+03,-1.792000000000000000e+03
