3.420000000000000000e+02,-8.210000000000000000e+02
3.380000000000000000e+02,-8.050000000000000000e+02
3.380000000000000000e+02,-8.050000000000000000e+02
3.380000000000000000e+02,-8.050000000000000000e+02
3.380000000000000000e+02,-8.050000000000000000e+02
3.330000000000000000e+02,-8.170000000000000000e+02
3.360000000000000000e+02,-8.260000000000000000e+02
3.350000000000000000e+02,-8.450000000000000000e+02
3.390000000000000000e+02,-8.630000000000000000e+02
3.390000000000000000e+02,-8.900000000000000000e+02
3.450000000000000000e+02,-9.140000000000000000e+02
3.480000000000000000e+02,-9.440000000000000000e+02
3.530000000000000000e+02,-9.740000000000000000e+02
3.570000000000000000e+02,-1.003000000000000000e+03
3.610000000000000000e+02,-1.029000000000000000e+03
3.650000000000000000e+02,-1.053000000000000000e+03
3.680000000000000000e+02,-1.077000000000000000e+03
3.700000000000000000e+02,-1.098000000000000000e+03
3.720000000000000000e+02,-1.116000000000000000e+03
3.730000000000000000e+02,-1.131000000000000000e+03
3.720000000000000000e+02,-1.143000000000000000e+03
3.720000000000000000e+02,-1.143000000000000000e+03
3.800000000000000000e+02,-1.152000000000000000e+03
3.800000000000000000e+02,-1.152000000000000000e+03
3.800000000000000000e+02,-1.152000000000000000e+03
3.810000000000000000e+02,-1.136000000000000000e+03
