6.210000000000000000e+02,-9.040000000000000000e+02
6.350000000000000000e+02,-8.980000000000000000e+02
6.660000000000000000e+02,-9.000000000000000000e+02
7.120000000000000000e+02,-9.030000000000000000e+02
7.670000000000000000e+02,-9.120000000000000000e+02
8.430000000000000000e+02,-9.150000000000000000e+02
9.290000000000000000e+02,-9.220000000000000000e+02
1.021000000000000000e+03,-9.360000000000000000e+02
1.111000000000000000e+03,-9.460000000000000000e+02
1.197000000000000000e+03,-9.480000000000000000e+02
1.268000000000000000e+03,-9.460000000000000000e+02
