2.939881747164191372e-01,1.770610597723887292e+00
2.939881747164191372e-01,1.770610597723887292e+00
3.501131898895536443e-01,1.838762401862693352e+00
3.501131898895536443e-01,1.838762401862693352e+00
3.501131898895536443e-01,1.838762401862693352e+00
3.541221195447775139e-01,1.778628457034334920e+00
2.939881747164191372e-01,1.674396285998513756e+00
2.338542298880606773e-01,1.554128396341796892e+00
1.216041995417916355e-01,1.365708702546273745e+00
1.737202850597036399e-02,1.173280079095526895e+00
-1.349672983925376546e-01,9.207175108164215027e-01
-2.472173287388066965e-01,6.801817315029877742e-01
-3.955477259820908142e-01,3.995566556373151834e-01
-5.077977563283598839e-01,1.510030170134336880e-01
-6.280656459850767481e-01,-1.135863402313433829e-01
-7.082442390895545836e-01,-3.380864009238814805e-01
-7.723871135731369408e-01,-5.465507429955240859e-01
-7.924317618492564552e-01,-7.229436478253754572e-01
-7.884228321940325301e-01,-8.913186933447789784e-01
-7.322978170208980231e-01,-1.023613371967167618e+00
-6.400924349507484123e-01,-1.151899120934332110e+00
-4.957709673626881641e-01,-1.268158080935825049e+00
-3.193780625328367928e-01,-1.376399181626870361e+00
-9.888693149552259254e-02,-1.464595634041796046e+00
1.576845664388066837e-01,-1.556801016111945657e+00
4.142560643731359460e-01,-1.636979609216423492e+00
6.708275623074652083e-01,-1.677068905768662299e+00
9.233901305865706011e-01,-1.701122483700005850e+00
1.135863402313437076e+00,-1.685086765079110149e+00
1.300229518177616672e+00,-1.600899242319408389e+00
