-4.809687655587848720e-01,-9.251376127439764341e-02
-4.809687655587848720e-01,-9.251376127439764341e-02
-4.809687655587848720e-01,-9.251376127439764341e-02
-4.809687655587848720e-01,-9.251376127439764341e-02
-4.809687655587848720e-01,-9.251376127439764341e-02
-4.809687655587848720e-01,-9.251376127439764341e-02
-4.809687655587848720e-01,-9.251376127439764341e-02
-4.809687655587848720e-01,-9.251376127439764341e-02
-4.809687655587848720e-01,-9.251376127439764341e-02
-4.809687655587848720e-01,-9.251376127439764341e-02
-4.809687655587848720e-01,-9.251376127439764341e-02
-5.170491324557998647e-01,-4.841553506693480058e-02
-5.170491324557998647e-01,-4.841553506693480058e-02
-5.170491324557998647e-01,-4.841553506693480058e-02
-5.170491324557998647e-01,-4.841553506693480058e-02
-5.370937807319193791e-01,-8.326238514695851606e-03
-5.370937807319193791e-01,-8.326238514695851606e-03
-5.370937807319193791e-01,-8.326238514695851606e-03
-5.370937807319193791e-01,-8.326238514695851606e-03
-5.370937807319193791e-01,-8.326238514695851606e-03
-4.849776952140087416e-01,1.572733941664751847e-02
-4.288526800408742345e-01,1.572733941664751847e-02
-3.566919462468441382e-01,1.572733941664751847e-02
-2.484508455557989381e-01,3.176305803754309737e-02
-1.161561669334104235e-01,3.978091734799088508e-02
4.019208962032148197e-02,5.982556562411036477e-02
2.125760647949489768e-01,6.383449527933425516e-02
3.889689696248003203e-01,7.185235458978204981e-02
5.613529447994278776e-01,7.987021390022983058e-02
7.217101310083836596e-01,9.590593252112541989e-02
8.580137392859960022e-01,1.039237918315732007e-01
9.702637696322651273e-01,9.590593252112541989e-02
1.050442362736742963e+00,9.189700286590152256e-02
1.094540588944205917e+00,7.987021390022983058e-02
1.138638815151668648e+00,7.987021390022983058e-02
1.138638815151668648e+00,7.987021390022983058e-02
1.138638815151668648e+00,7.987021390022983058e-02
1.182737041359131602e+00,7.586128424500594714e-02
1.182737041359131602e+00,7.586128424500594714e-02
