-7.142309073746889725e-01,1.443615568846124297e+00
-7.142309073746889725e-01,1.443615568846124297e+00
-7.543202039269278902e-01,1.507758443329706433e+00
-7.543202039269278902e-01,1.507758443329706433e+00
-8.104452191000625083e-01,1.483704865398363104e+00
-8.104452191000625083e-01,1.483704865398363104e+00
-8.344987970314058368e-01,1.407535201949109194e+00
-8.344987970314058368e-01,1.407535201949109194e+00
-8.585523749627491652e-01,1.263213734361049001e+00
-8.585523749627491652e-01,1.171008352290899390e+00
-8.745880935836447545e-01,1.050740462634182526e+00
-8.946327418597642689e-01,9.304725729774656617e-01
-9.186863197911075973e-01,7.781332460789576189e-01
-9.427398977224510368e-01,6.257939191804496870e-01
-9.828291942746899545e-01,4.574188736610460548e-01
-1.026927420482152797e+00,2.890438281416424782e-01
-1.083052435655287304e+00,1.086419936565671818e-01
-1.119132802552302408e+00,-5.973305186283640184e-02
-1.143186380483645737e+00,-2.361259566926877662e-01
-1.135168521173197886e+00,-4.004920725568674733e-01
-1.107106013586630633e+00,-5.448135401449276660e-01
-1.034945279792600648e+00,-6.650814298016445303e-01
-9.226952494463315224e-01,-7.693136008374658052e-01
-7.783737818582713297e-01,-8.454832642867198267e-01
-6.099987363388676975e-01,-8.935904201494065946e-01
-4.095522535776729978e-01,-9.136350684255259980e-01
-2.131147004717021398e-01,-9.176439980807499230e-01
7.376430565612094280e-03,-8.815636311837348194e-01
2.038139836715829323e-01,-8.535011235971675658e-01
4.122783257432254822e-01,-7.973761084240330588e-01
5.806533712626290589e-01,-7.572868118717941410e-01
7.450194871268087660e-01,-6.971528670434357089e-01
8.773141657491972945e-01,-6.530546408359728661e-01
9.895641960954663086e-01,-6.049474849732860982e-01
1.069742789199944255e+00,-5.688671180762711055e-01
1.141903522993974462e+00,-5.287778215240320767e-01
1.141903522993974462e+00,-5.287778215240320767e-01
1.222082116098452298e+00,-4.646349470404497750e-01
1.222082116098452298e+00,-4.646349470404497750e-01
1.222082116098452298e+00,-4.646349470404497750e-01
1.258162482995467402e+00,-4.004920725568674733e-01
1.258162482995467402e+00,-4.004920725568674733e-01
1.258162482995467402e+00,-4.004920725568674733e-01
1.258162482995467402e+00,-4.004920725568674733e-01
1.258162482995467402e+00,-4.004920725568674733e-01
1.258162482995467402e+00,-4.004920725568674733e-01
1.202037467822332673e+00,-3.644117056598524251e-01
1.202037467822332673e+00,-3.644117056598524251e-01
1.202037467822332673e+00,-3.644117056598524251e-01
1.149921382304422091e+00,-3.523849166941807054e-01
