7.940000000000000000e+02,-1.605000000000000000e+03
7.940000000000000000e+02,-1.605000000000000000e+03
7.780000000000000000e+02,-1.620000000000000000e+03
7.780000000000000000e+02,-1.620000000000000000e+03
7.780000000000000000e+02,-1.620000000000000000e+03
7.780000000000000000e+02,-1.620000000000000000e+03
7.780000000000000000e+02,-1.620000000000000000e+03
7.970000000000000000e+02,-1.638000000000000000e+03
8.220000000000000000e+02,-1.638000000000000000e+03
8.470000000000000000e+02,-1.634000000000000000e+03
8.820000000000000000e+02,-1.626000000000000000e+03
9.170000000000000000e+02,-1.625000000000000000e+03
9.560000000000000000e+02,-1.619000000000000000e+03
9.890000000000000000e+02,-1.617000000000000000e+03
1.027000000000000000e+03,-1.611000000000000000e+03
1.055000000000000000e+03,-1.607000000000000000e+03
1.082000000000000000e+03,-1.605000000000000000e+03
1.105000000000000000e+03,-1.611000000000000000e+03
1.120000000000000000e+03,-1.625000000000000000e+03
1.120000000000000000e+03,-1.625000000000000000e+03
1.152000000000000000e+03,-1.641000000000000000e+03
1.152000000000000000e+03,-1.641000000000000000e+03
1.177000000000000000e+03,-1.652000000000000000e+03
