-3.683042470347629993e-01,2.901085653726543853e-02
-4.364560511735692261e-01,-3.914094760154077784e-02
-4.364560511735692261e-01,-3.914094760154077784e-02
-4.364560511735692261e-01,-3.914094760154077784e-02
-4.364560511735692261e-01,-3.914094760154077784e-02
-4.364560511735692261e-01,-3.914094760154077784e-02
-4.364560511735692261e-01,-3.914094760154077784e-02
-3.642953173795391297e-01,-6.319452553288414098e-02
-3.642953173795391297e-01,-6.319452553288414098e-02
-2.720899353093895190e-01,-8.323917380900361374e-02
-1.919113422049116280e-01,-9.526596277467530571e-02
-9.168810082431425035e-02,-8.724810346422751106e-02
1.254407021150701074e-02,-8.724810346422751106e-02
1.167762412473282857e-01,-7.121238484333193564e-02
2.370441309040451361e-01,-5.918559587766025060e-02
3.733477391816575341e-01,-3.914094760154077784e-02
5.216781364249416519e-01,-1.508736967019740430e-02
6.579817447025541055e-01,8.966208261145964045e-03
7.902764233249426340e-01,3.301978619248933239e-02
8.945085943607639090e-01,3.301978619248933239e-02
1.014776484017480662e+00,5.707336412383270247e-02
1.110990795742854198e+00,4.103764550293712704e-02
1.110990795742854198e+00,4.103764550293712704e-02
1.183151529536884405e+00,-7.069510359749614850e-03
1.183151529536884405e+00,-7.069510359749614850e-03
