-7.970295738267169083e-01,-9.927876473301074922e-01
-7.970295738267169083e-01,-9.927876473301074922e-01
-7.970295738267169083e-01,-9.927876473301074922e-01
-7.970295738267169083e-01,-9.927876473301074922e-01
-7.970295738267169083e-01,-9.927876473301074922e-01
-7.970295738267169083e-01,-9.927876473301074922e-01
-7.970295738267169083e-01,-9.927876473301074922e-01
-7.970295738267169083e-01,-9.927876473301074922e-01
-7.970295738267169083e-01,-9.927876473301074922e-01
-7.970295738267169083e-01,-9.927876473301074922e-01
-7.970295738267169083e-01,-9.927876473301074922e-01
-5.404580758923875905e-01,-1.141118044573391499e+00
-5.404580758923875905e-01,-1.141118044573391499e+00
-5.404580758923875905e-01,-1.141118044573391499e+00
-3.440205227864167603e-01,-8.885554762942862173e-01
-3.440205227864167603e-01,-8.885554762942862173e-01
-1.235293917491025462e-01,-5.678411038763745422e-01
-1.235293917491025462e-01,-5.678411038763745422e-01
1.290331765300028188e-01,-1.749659976644328818e-01
1.290331765300028188e-01,-1.749659976644328818e-01
3.775868151538843143e-01,2.299358975131804983e-01
3.775868151538843143e-01,2.299358975131804983e-01
5.700154386046312194e-01,5.546591995863160429e-01
5.700154386046312194e-01,5.546591995863160429e-01
5.700154386046312194e-01,5.546591995863160429e-01
7.704619213658260302e-01,8.072217678654213247e-01
7.704619213658260302e-01,8.072217678654213247e-01
7.704619213658260302e-01,8.072217678654213247e-01
7.704619213658260302e-01,8.072217678654213247e-01
7.704619213658260302e-01,8.072217678654213247e-01
7.704619213658260302e-01,8.072217678654213247e-01
7.704619213658260302e-01,8.072217678654213247e-01
7.704619213658260302e-01,8.072217678654213247e-01
7.704619213658260302e-01,8.072217678654213247e-01
7.704619213658260302e-01,8.072217678654213247e-01
5.980779461911985839e-01,5.666859885519877071e-01
