-1.495639140602759119e-02,1.046176450411312908e+00
-2.698318037169927450e-02,1.122346113860567041e+00
-2.698318037169927450e-02,1.122346113860567041e+00
-2.698318037169927450e-02,1.122346113860567041e+00
-6.707247692393822347e-02,1.182480058688925473e+00
-6.707247692393822347e-02,1.182480058688925473e+00
-6.707247692393822347e-02,1.182480058688925473e+00
-6.707247692393822347e-02,1.182480058688925473e+00
-6.707247692393822347e-02,1.182480058688925473e+00
-6.707247692393822347e-02,1.182480058688925473e+00
2.513290514621135952e-02,1.214551495930716651e+00
2.513290514621135952e-02,1.214551495930716651e+00
2.513290514621135952e-02,1.214551495930716651e+00
2.513290514621135952e-02,1.214551495930716651e+00
