4.159264517294791047e-02,1.683750455194035767e-01
1.503348620708960630e-03,1.763929048298513713e-01
-8.669310379421672763e-02,1.403125379328363231e-01
-1.428181189673512486e-01,1.202678896567168504e-01
-1.909252748300379887e-01,7.616966344925400756e-02
-2.189877824166052700e-01,2.405357793134337008e-02
-2.189877824166052700e-01,-1.603571862089557890e-02
-2.149788527613813727e-01,-7.216073379403011023e-02
-1.788984858643663245e-01,-9.621431172537348031e-02
-1.307913300016795843e-01,-1.282857489671646312e-01
-5.462166655242556984e-02,-1.282857489671646312e-01
1.753906724160454039e-02,-1.282857489671646312e-01
9.771766034608243834e-02,-1.042321710358212611e-01
1.538426755192169593e-01,-6.815180413880621291e-02
2.139766203475753914e-01,-2.004464827611947622e-02
2.420391279341426449e-01,1.603571862089557890e-02
2.620837762102621316e-01,7.616966344925400756e-02
2.580748465550382620e-01,1.322946786223885285e-01
2.460480575893665423e-01,2.044554124164186526e-01
2.260034093132470834e-01,2.605804275895531874e-01
1.939319720714559048e-01,3.247233020731354891e-01
1.578516051744408566e-01,3.527858096597027426e-01
1.177623086222019111e-01,3.968840358671655855e-01
9.370873069085854101e-02,4.329644027641806336e-01
5.361943413861959551e-02,4.369733324194045587e-01
5.361943413861959551e-02,4.369733324194045587e-01
1.353013758638064480e-02,4.169286841432850443e-01
1.353013758638064480e-02,4.169286841432850443e-01
-3.457701827630609709e-02,3.447679503492549480e-01
-7.065738517332115221e-02,3.086875834522398998e-01
