3.003690544176503829e-01,7.206051055264951488e-01
2.803244061415309241e-01,8.088015579414208345e-01
2.763154764863069990e-01,9.330783772533615128e-01
2.001458130370530053e-01,1.017265900013063273e+00
9.591364200123173034e-02,1.089426633807093481e+00
-2.435424765548511658e-02,1.133524860014556213e+00
-1.927292931748887106e-01,1.109471282083212884e+00
-3.691221980047400542e-01,1.073390915186197780e+00
-5.775865400763826596e-01,9.731676738056005416e-01
-7.619973042166817701e-01,8.649265731145553415e-01
-9.423991387017570664e-01,7.085783165608233736e-01
-1.078702746979369520e+00,5.522300600070915166e-01
-1.166899199394295206e+00,3.758371551772401453e-01
-1.186943847670414609e+00,2.355246172444038222e-01
-1.138836691807727952e+00,1.152567275876869857e-01
-1.018568802151011088e+00,3.908706413843297811e-02
-8.421758973211597166e-01,7.015626896641815984e-03
-6.337115552495171666e-01,1.503348620708960630e-02
-3.971847055913073632e-01,7.115850138022412896e-02
-1.566489262778736347e-01,1.513370944847020338e-01
7.186006406988836026e-02,2.515603358652994115e-01
2.803244061415309241e-01,3.638103662115684811e-01
4.567173109713822954e-01,4.680425372473897561e-01
5.930209192489946934e-01,5.522300600070915166e-01
6.731995123534726400e-01,5.923193565593304344e-01
7.253155978713832219e-01,5.963282862145543595e-01
7.333334571818310721e-01,5.402032710414198524e-01
7.172977385609354828e-01,4.439889593160463721e-01
6.731995123534726400e-01,2.756139137966427954e-01
6.090566378698902827e-01,5.512278275932855354e-02
5.328869744206362613e-01,-2.295112227615679901e-01
4.607262406266061650e-01,-5.542345248347034792e-01
3.925744364877999382e-01,-8.869756862182867074e-01
3.404583509698893007e-01,-1.231743636567541822e+00
3.123958433833220472e-01,-1.556466938640677311e+00
2.843333357967547936e-01,-1.885199170369036503e+00
3.003690544176503829e-01,-2.169833175889932964e+00
3.484762102803370953e-01,-2.394333236582471436e+00
3.885655068325760686e-01,-2.554690422791427107e+00
4.406815923504867061e-01,-2.670949382792919824e+00
