6.770000000000000000e+02,-1.483000000000000000e+03
6.770000000000000000e+02,-1.483000000000000000e+03
6.770000000000000000e+02,-1.483000000000000000e+03
6.690000000000000000e+02,-1.510000000000000000e+03
6.720000000000000000e+02,-1.534000000000000000e+03
6.810000000000000000e+02,-1.572000000000000000e+03
6.870000000000000000e+02,-1.625000000000000000e+03
7.020000000000000000e+02,-1.679000000000000000e+03
7.120000000000000000e+02,-1.751000000000000000e+03
7.310000000000000000e+02,-1.816000000000000000e+03
7.420000000000000000e+02,-1.893000000000000000e+03
7.550000000000000000e+02,-1.959000000000000000e+03
7.640000000000000000e+02,-2.026000000000000000e+03
7.700000000000000000e+02,-2.081000000000000000e+03
7.700000000000000000e+02,-2.133000000000000000e+03
7.640000000000000000e+02,-2.169000000000000000e+03
7.480000000000000000e+02,-2.196000000000000000e+03
7.240000000000000000e+02,-2.221000000000000000e+03
6.900000000000000000e+02,-2.232000000000000000e+03
6.500000000000000000e+02,-2.235000000000000000e+03
6.030000000000000000e+02,-2.232000000000000000e+03
5.530000000000000000e+02,-2.223000000000000000e+03
5.040000000000000000e+02,-2.209000000000000000e+03
4.550000000000000000e+02,-2.199000000000000000e+03
4.190000000000000000e+02,-2.176000000000000000e+03
3.920000000000000000e+02,-2.154000000000000000e+03
3.770000000000000000e+02,-2.131000000000000000e+03
3.800000000000000000e+02,-2.101000000000000000e+03
3.900000000000000000e+02,-2.077000000000000000e+03
4.150000000000000000e+02,-2.041000000000000000e+03
