1.289000000000000000e+03,-8.950000000000000000e+02
1.289000000000000000e+03,-8.950000000000000000e+02
1.289000000000000000e+03,-8.950000000000000000e+02
1.263000000000000000e+03,-9.010000000000000000e+02
1.248000000000000000e+03,-9.150000000000000000e+02
1.214000000000000000e+03,-9.450000000000000000e+02
1.180000000000000000e+03,-9.720000000000000000e+02
1.147000000000000000e+03,-1.002000000000000000e+03
1.120000000000000000e+03,-1.029000000000000000e+03
1.093000000000000000e+03,-1.064000000000000000e+03
1.084000000000000000e+03,-1.088000000000000000e+03
1.079000000000000000e+03,-1.114000000000000000e+03
