-3.412819245621037112e-01,8.332182635589255870e-01
-3.092104873203125881e-01,9.294325752842990118e-01
-3.092104873203125881e-01,9.294325752842990118e-01
-2.931747686994169988e-01,9.695218718365380406e-01
-2.931747686994169988e-01,9.695218718365380406e-01
-2.931747686994169988e-01,9.695218718365380406e-01
-2.731301204232974844e-01,9.093879270081796085e-01
-2.731301204232974844e-01,8.332182635589255870e-01
-2.570944018024019506e-01,7.410128814887759763e-01
-2.731301204232974844e-01,5.926824842454918585e-01
-2.651122611128496898e-01,4.323252980365360765e-01
-2.851569093889692041e-01,2.198520263096696292e-01
-2.931747686994169988e-01,-6.391047276445805878e-04
-3.172283466307603272e-01,-2.491927433515260526e-01
-3.372729949068798416e-01,-4.817106633545119587e-01
-3.573176431829993005e-01,-7.062107240470500980e-01
-3.693444321486709647e-01,-8.946304178425731335e-01
-3.813712211143426845e-01,-1.050978674396304990e+00
-3.853801507695665540e-01,-1.171246564053021855e+00
-3.813712211143426845e-01,-1.259443016467947540e+00
-3.773622914591187594e-01,-1.295523383364962644e+00
-3.773622914591187594e-01,-1.295523383364962644e+00
-3.773622914591187594e-01,-1.295523383364962644e+00
-3.172283466307603272e-01,-1.215344790260484809e+00
-3.011926280098647934e-01,-1.147192986121678526e+00
-2.570944018024019506e-01,-1.026925096464961662e+00
-2.370497535262824640e-01,-9.106661364634687228e-01
-2.210140349053868747e-01,-7.743625281858562692e-01
-1.969604569740434907e-01,-6.300410605977960765e-01
-1.889425976635957238e-01,-4.857195930097358838e-01
