-1.080932303349098733e+00,-4.247822430580270869e-01
-1.080932303349098733e+00,-4.247822430580270869e-01
-1.080932303349098733e+00,-4.247822430580270869e-01
-1.080932303349098733e+00,-4.247822430580270869e-01
-1.080932303349098733e+00,-4.247822430580270869e-01
-1.080932303349098733e+00,-4.247822430580270869e-01
-1.104985881280442062e+00,-4.768983285759377244e-01
-1.104985881280442062e+00,-4.768983285759377244e-01
-1.104985881280442062e+00,-4.768983285759377244e-01
-1.104985881280442062e+00,-4.768983285759377244e-01
-1.104985881280442062e+00,-4.768983285759377244e-01
-1.028816217831188151e+00,-4.608626099550421351e-01
-1.028816217831188151e+00,-4.608626099550421351e-01
-1.028816217831188151e+00,-4.608626099550421351e-01
-9.406197654162623545e-01,-4.047375947819076281e-01
-9.406197654162623545e-01,-4.047375947819076281e-01
-8.484143833461128548e-01,-3.405947202983252708e-01
-8.484143833461128548e-01,-3.405947202983252708e-01
-7.481911419655153939e-01,-2.443804085729518183e-01
-7.000839861028287370e-01,-1.882553933998172835e-01
-6.439589709296941189e-01,-1.281214485714588514e-01
-5.878339557565596118e-01,-5.996964443265264538e-02
-5.477446592043206941e-01,1.643003957057777786e-04
-5.036464329968578513e-01,6.430717487928809539e-02
-4.755839254102905977e-01,1.244411197076465136e-01
-4.395035585132755496e-01,1.805661348807810485e-01
-4.154499805819321656e-01,2.366911500539155833e-01
-3.954053323058127067e-01,2.888072355718261930e-01
-3.954053323058127067e-01,2.888072355718261930e-01
-3.593249654087976586e-01,3.850215472971996733e-01
-3.432892467879020693e-01,4.451554921255581054e-01
-3.232445985117825549e-01,5.052894369539164821e-01
-3.072088798908870211e-01,5.614144521270511001e-01
-2.871642316147675067e-01,6.215483969554095323e-01
-2.711285129938719174e-01,6.776734121285440393e-01
-2.550927943729763836e-01,7.297894976464546213e-01
-2.430660054073046916e-01,7.859145128195891283e-01
-2.430660054073046916e-01,7.859145128195891283e-01
-2.190124274759613077e-01,8.701020355792909999e-01
-2.190124274759613077e-01,8.701020355792909999e-01
-2.029767088550657184e-01,9.462716990285450214e-01
-2.029767088550657184e-01,9.462716990285450214e-01
-1.789231309237223622e-01,1.018432432822575118e+00
-1.789231309237223622e-01,1.018432432822575118e+00
-1.548695529923789782e-01,1.094602096271829028e+00
-1.548695529923789782e-01,1.094602096271829028e+00
-1.548695529923789782e-01,1.094602096271829028e+00
-1.308159750610356220e-01,1.166762830065859236e+00
-1.308159750610356220e-01,1.166762830065859236e+00
-1.308159750610356220e-01,1.166762830065859236e+00
-1.308159750610356220e-01,1.166762830065859236e+00
-1.227981157505878274e-01,1.218878915583769817e+00
-1.227981157505878274e-01,1.218878915583769817e+00
-1.227981157505878274e-01,1.218878915583769817e+00
-1.227981157505878274e-01,1.218878915583769817e+00
-1.227981157505878274e-01,1.218878915583769817e+00
-1.227981157505878274e-01,1.218878915583769817e+00
-1.227981157505878274e-01,1.218878915583769817e+00
-9.874453781924445728e-02,1.166762830065859236e+00
-9.874453781924445728e-02,1.166762830065859236e+00
-8.671774885357277918e-02,1.106628885237500803e+00
-8.671774885357277918e-02,1.106628885237500803e+00
-5.865524126700551177e-02,1.018432432822575118e+00
-3.861059299088603902e-02,9.663163473046644247e-01
-1.455701505954266721e-02,9.061824024763059926e-01
1.350549252702459672e-02,8.460484576479475605e-01
4.958585942403965358e-02,7.778966535091413892e-01
9.368408563150248947e-02,7.177627086807829571e-01
1.417912414941892296e-01,6.456019748867528607e-01
1.898983973568759698e-01,5.894769597136183537e-01
2.460234125300105046e-01,5.173162259195882573e-01
2.981394980479211143e-01,4.652001404016775643e-01
3.582734428762795464e-01,4.050661955733191877e-01
4.184073877046379786e-01,3.489411804001846251e-01
4.745324028777724856e-01,2.968250948822739876e-01
5.266484883956831231e-01,2.366911500539155833e-01
5.787645739135938161e-01,1.805661348807810485e-01
6.188538704658327338e-01,1.244411197076465136e-01
6.188538704658327338e-01,1.244411197076465136e-01
6.910146042598628302e-01,2.822680798227304375e-02
6.910146042598628302e-01,2.822680798227304375e-02
7.471396194329973373e-01,-6.798750374310043310e-02
7.471396194329973373e-01,-6.798750374310043310e-02
7.872289159852363660e-01,-1.401482375371305433e-01
7.872289159852363660e-01,-1.401482375371305433e-01
8.233092828822513587e-01,-2.163179009863845370e-01
8.233092828822513587e-01,-2.163179009863845370e-01
8.473628608135946871e-01,-3.165411423669819424e-01
8.473628608135946871e-01,-3.766750871953403190e-01
8.473628608135946871e-01,-4.287911727132509565e-01
8.433539311583708731e-01,-4.969429768520571833e-01
8.313271421926992089e-01,-5.610858513356394850e-01
8.112824939165796945e-01,-6.332465851296695813e-01
7.952467752956841052e-01,-7.013983892684758636e-01
7.752021270195645908e-01,-7.615323340968342958e-01
7.591664083986690015e-01,-8.176573492699688028e-01
7.591664083986690015e-01,-8.176573492699688028e-01
7.270949711568779339e-01,-9.058538016848944885e-01
7.270949711568779339e-01,-9.058538016848944885e-01
7.110592525359823446e-01,-9.619788168580289955e-01
7.110592525359823446e-01,-9.619788168580289955e-01
7.110592525359823446e-01,-9.619788168580289955e-01
6.910146042598628302e-01,-1.014094902375939578e+00
6.910146042598628302e-01,-1.014094902375939578e+00
6.629520966732955767e-01,-1.070219917549074085e+00
6.629520966732955767e-01,-1.070219917549074085e+00
6.268717297762804730e-01,-1.130353862377432517e+00
6.268717297762804730e-01,-1.130353862377432517e+00
5.787645739135938161e-01,-1.186478877550567024e+00
5.787645739135938161e-01,-1.186478877550567024e+00
5.106127697747875338e-01,-1.214541385137134277e+00
5.106127697747875338e-01,-1.214541385137134277e+00
4.264252470150857732e-01,-1.198505666516238799e+00
4.264252470150857732e-01,-1.198505666516238799e+00
3.181841463240406287e-01,-1.166434229274447620e+00
2.620591311509060661e-01,-1.154407440308776067e+00
2.099430456329954564e-01,-1.138371721687880367e+00
1.538180304598609216e-01,-1.126344932722208592e+00
1.538180304598609216e-01,-1.126344932722208592e+00
5.760371873448744129e-02,-1.126344932722208592e+00
5.760371873448744129e-02,-1.126344932722208592e+00
5.760371873448744129e-02,-1.126344932722208592e+00
