3.930000000000000000e+02,-6.590000000000000000e+02
3.910000000000000000e+02,-6.470000000000000000e+02
3.910000000000000000e+02,-6.470000000000000000e+02
3.910000000000000000e+02,-6.330000000000000000e+02
3.910000000000000000e+02,-6.330000000000000000e+02
3.910000000000000000e+02,-6.330000000000000000e+02
3.910000000000000000e+02,-6.330000000000000000e+02
3.810000000000000000e+02,-6.380000000000000000e+02
3.810000000000000000e+02,-6.380000000000000000e+02
3.750000000000000000e+02,-6.490000000000000000e+02
3.750000000000000000e+02,-6.490000000000000000e+02
3.710000000000000000e+02,-6.590000000000000000e+02
3.710000000000000000e+02,-6.590000000000000000e+02
3.710000000000000000e+02,-6.590000000000000000e+02
3.710000000000000000e+02,-6.590000000000000000e+02
3.820000000000000000e+02,-6.460000000000000000e+02
3.820000000000000000e+02,-6.460000000000000000e+02
3.930000000000000000e+02,-6.320000000000000000e+02
3.930000000000000000e+02,-6.320000000000000000e+02
4.060000000000000000e+02,-6.250000000000000000e+02
4.060000000000000000e+02,-6.250000000000000000e+02
4.150000000000000000e+02,-6.310000000000000000e+02
4.150000000000000000e+02,-6.400000000000000000e+02
4.150000000000000000e+02,-6.400000000000000000e+02
4.220000000000000000e+02,-6.610000000000000000e+02
4.190000000000000000e+02,-6.720000000000000000e+02
4.190000000000000000e+02,-6.720000000000000000e+02
4.100000000000000000e+02,-6.800000000000000000e+02
