8.807185054726331952e-01,9.650685524075466315e-01
8.446381385756180915e-01,9.610596227523227064e-01
8.446381385756180915e-01,9.610596227523227064e-01
8.446381385756180915e-01,9.610596227523227064e-01
8.005399123681552487e-01,9.329971151657554529e-01
8.005399123681552487e-01,9.329971151657554529e-01
8.446381385756180915e-01,8.929078186135165351e-01
8.887363647830809343e-01,8.888988889582926101e-01
9.328345909905437772e-01,8.688542406821730957e-01
9.769328171980066200e-01,8.728631703373970208e-01
1.021031043405469463e+00,8.728631703373970208e-01
1.021031043405469463e+00,8.728631703373970208e-01
1.021031043405469463e+00,8.728631703373970208e-01
1.021031043405469463e+00,8.728631703373970208e-01
1.021031043405469463e+00,8.728631703373970208e-01
9.769328171980066200e-01,9.289881855105315278e-01
