-4.822885551293461526e-01,8.690070907993366900e-01
-5.303957109920328650e-01,8.690070907993366900e-01
-5.303957109920328650e-01,8.690070907993366900e-01
-6.306189523726302149e-01,8.449535128679932505e-01
-6.907528972009886470e-01,8.208999349366499221e-01
-7.268332640980037507e-01,8.048642163157543328e-01
-7.508868420293470791e-01,7.527481307978437508e-01
-7.508868420293470791e-01,7.527481307978437508e-01
-7.268332640980037507e-01,6.765784673485897294e-01
-6.707082489248692436e-01,6.485159597620224758e-01
-5.825117965099435580e-01,6.244623818306790364e-01
-4.622439068532266382e-01,6.164445225202312972e-01
-3.259402985756142401e-01,6.244623818306790364e-01
-1.856277606427779170e-01,6.404981004515746257e-01
-3.729736339949379920e-02,6.765784673485897294e-01
1.030151745333425239e-01,7.206766935560525722e-01
2.313009235005071551e-01,7.727927790739631542e-01
3.315241648811045327e-01,8.168910052814259970e-01
3.956670393646868344e-01,8.649981611441127649e-01
4.317474062617018826e-01,9.050874576963516827e-01
4.357563359169258077e-01,9.411678245933667863e-01
4.357563359169258077e-01,9.411678245933667863e-01
3.956670393646868344e-01,9.652214025247101148e-01
3.595866724676717863e-01,9.531946135590384506e-01
3.154884462602089434e-01,9.050874576963516827e-01
2.794080793631938953e-01,8.329267239023215863e-01
2.433277124661788471e-01,7.246856232112764973e-01
2.232830641900593605e-01,5.803641556232161935e-01
2.112562752243876962e-01,3.999623211381409527e-01
1.992294862587160043e-01,1.914979790664984305e-01
1.952205566034921069e-01,-4.502887059171137990e-02
1.872026972930443123e-01,-3.136271574917123273e-01
1.791848379825965176e-01,-5.862343740469372344e-01
1.631491193617009561e-01,-8.548326609469381054e-01
1.350866117751336748e-01,-1.111404158881267534e+00
9.900624487811862662e-02,-1.331895289918581637e+00
5.089908901543188646e-02,-1.508288194748433009e+00
-5.225926157702642273e-03,-1.652609662336493201e+00
-6.135094133083716927e-02,-1.720761466475299484e+00
-1.335116751248672795e-01,-1.752832903717090662e+00
-1.856277606427779170e-01,-1.704725747854403783e+00
-2.457617054711363491e-01,-1.616529295439478098e+00
-2.738242130577036026e-01,-1.460181038885746352e+00
-2.818420723681513973e-01,-1.291805993366342609e+00
-2.698152834024797331e-01,-1.099377369915595759e+00
-2.377438461606885545e-01,-8.989308871544009483e-01
-1.856277606427779170e-01,-7.105111933588779127e-01
-1.094580971935239094e-01,-5.421361478394743916e-01
-1.725271512337432644e-02,-4.098414692170858076e-01
1.070241041885664213e-01,-3.096182278364884577e-01
2.513455717766266417e-01,-2.615110719738016898e-01
4.036848986751346291e-01,-2.414664236976822309e-01
5.680510145393142807e-01,-2.534932126633538951e-01
8.005689345423002701e-01,-2.655200016290256149e-01
1.029077924890062334e+00,-3.216450168021601219e-01
1.329747649031854273e+00,-3.416896650782795808e-01
