5.020000000000000000e+02,-1.412000000000000000e+03
5.020000000000000000e+02,-1.412000000000000000e+03
5.020000000000000000e+02,-1.393000000000000000e+03
5.020000000000000000e+02,-1.393000000000000000e+03
5.170000000000000000e+02,-1.371000000000000000e+03
5.290000000000000000e+02,-1.358000000000000000e+03
5.520000000000000000e+02,-1.344000000000000000e+03
5.790000000000000000e+02,-1.331000000000000000e+03
6.090000000000000000e+02,-1.320000000000000000e+03
6.420000000000000000e+02,-1.307000000000000000e+03
6.780000000000000000e+02,-1.299000000000000000e+03
7.160000000000000000e+02,-1.290000000000000000e+03
7.490000000000000000e+02,-1.287000000000000000e+03
7.810000000000000000e+02,-1.289000000000000000e+03
8.080000000000000000e+02,-1.292000000000000000e+03
8.280000000000000000e+02,-1.302000000000000000e+03
8.460000000000000000e+02,-1.316000000000000000e+03
8.560000000000000000e+02,-1.337000000000000000e+03
8.610000000000000000e+02,-1.364000000000000000e+03
8.560000000000000000e+02,-1.396000000000000000e+03
8.440000000000000000e+02,-1.432000000000000000e+03
8.250000000000000000e+02,-1.474000000000000000e+03
8.000000000000000000e+02,-1.519000000000000000e+03
7.730000000000000000e+02,-1.564000000000000000e+03
7.430000000000000000e+02,-1.610000000000000000e+03
7.160000000000000000e+02,-1.652000000000000000e+03
6.930000000000000000e+02,-1.686000000000000000e+03
6.740000000000000000e+02,-1.718000000000000000e+03
6.630000000000000000e+02,-1.744000000000000000e+03
6.590000000000000000e+02,-1.763000000000000000e+03
6.590000000000000000e+02,-1.763000000000000000e+03
6.750000000000000000e+02,-1.774000000000000000e+03
6.750000000000000000e+02,-1.774000000000000000e+03
6.960000000000000000e+02,-1.774000000000000000e+03
