-5.511367155556669006e-01,2.901007277780195959e-01
-4.829849114168606738e-01,3.301900243302585691e-01
-4.829849114168606738e-01,3.301900243302585691e-01
-4.669491927959651401e-01,3.983418284690647959e-01
-4.669491927959651401e-01,3.983418284690647959e-01
-4.308688258989500364e-01,4.664936326078709672e-01
-3.747438107258155293e-01,4.223954064004081244e-01
-2.665027100347703848e-01,3.823061098481692066e-01
-1.502437500332774178e-01,2.700560795019001370e-01
-1.913352789993305473e-03,1.377614008795116085e-01
1.544349037637385846e-01,-5.466722257123534517e-02
3.067742306622466275e-01,-2.791672832637734358e-01
4.230331906637395667e-01,-5.317298515428788841e-01
5.072207134234413273e-01,-7.963192087876559411e-01
5.312742913547847667e-01,-1.068926425342880737e+00
4.871760651473218684e-01,-1.317480063966762316e+00
3.669081754906050041e-01,-1.533962265348852494e+00
1.744795520398580713e-01,-1.710355170178703865e+00
-7.808301623924730761e-02,-1.838640919145868580e+00
-3.587080921049199400e-01,-1.910801652939898787e+00
-6.433420976258165114e-01,-1.926837371560794265e+00
-8.999135955601457182e-01,-1.886748075008555237e+00
-1.108377937631788379e+00,-1.790533763283181923e+00
-1.240672616254176797e+00,-1.634185506729449955e+00
-1.276752983151191900e+00,-1.425721164657807405e+00
-1.192565460391490140e+00,-1.173158596378702123e+00
-9.921189776302953289e-01,-8.885245908578054408e-01
-7.034760424541749435e-01,-5.918637963712373162e-01
-3.386634438288004811e-01,-2.831762129189973609e-01
5.822059203836511820e-02,1.749351122279476506e-02
4.470867685950829507e-01,3.141543057093629798e-01
8.038815079100095629e-01,5.787436629541400368e-01
1.088515513430906134e+00,8.232883719227976904e-01
1.268917347915981431e+00,1.039770573304887868e+00
1.329051292744339863e+00,1.240217056066082790e+00
1.280944136881652984e+00,1.412601031240710237e+00
1.124595880327921238e+00,1.572958217449665907e+00
8.920779603249352485e-01,1.693226107106382772e+00
6.395153920458298558e-01,1.789440418831756308e+00
3.548813865249333399e-01,1.825520785728771411e+00
1.424081147980669204e-01,1.817502926418323561e+00
2.214022514135006309e-02,1.781422559521308457e+00
-1.913352789993305473e-03,1.709261825727278472e+00
1.063277479010518584e-01,1.601020725036233161e+00
