7.600000000000000000e+02,-1.396000000000000000e+03
7.600000000000000000e+02,-1.396000000000000000e+03
7.490000000000000000e+02,-1.368000000000000000e+03
7.490000000000000000e+02,-1.368000000000000000e+03
7.490000000000000000e+02,-1.368000000000000000e+03
7.390000000000000000e+02,-1.352000000000000000e+03
7.390000000000000000e+02,-1.352000000000000000e+03
7.390000000000000000e+02,-1.352000000000000000e+03
7.390000000000000000e+02,-1.352000000000000000e+03
7.390000000000000000e+02,-1.352000000000000000e+03
7.490000000000000000e+02,-1.374000000000000000e+03
7.490000000000000000e+02,-1.374000000000000000e+03
7.550000000000000000e+02,-1.406000000000000000e+03
7.600000000000000000e+02,-1.432000000000000000e+03
7.600000000000000000e+02,-1.460000000000000000e+03
7.610000000000000000e+02,-1.486000000000000000e+03
7.600000000000000000e+02,-1.522000000000000000e+03
7.600000000000000000e+02,-1.561000000000000000e+03
7.550000000000000000e+02,-1.601000000000000000e+03
7.510000000000000000e+02,-1.641000000000000000e+03
7.450000000000000000e+02,-1.689000000000000000e+03
7.400000000000000000e+02,-1.738000000000000000e+03
7.340000000000000000e+02,-1.784000000000000000e+03
7.280000000000000000e+02,-1.828000000000000000e+03
7.240000000000000000e+02,-1.866000000000000000e+03
7.180000000000000000e+02,-1.897000000000000000e+03
7.180000000000000000e+02,-1.919000000000000000e+03
7.150000000000000000e+02,-1.938000000000000000e+03
7.150000000000000000e+02,-1.938000000000000000e+03
7.210000000000000000e+02,-1.917000000000000000e+03
7.210000000000000000e+02,-1.917000000000000000e+03
7.280000000000000000e+02,-1.873000000000000000e+03
