3.260000000000000000e+02,-1.882000000000000000e+03
3.260000000000000000e+02,-1.882000000000000000e+03
3.120000000000000000e+02,-1.882000000000000000e+03
3.120000000000000000e+02,-1.882000000000000000e+03
3.120000000000000000e+02,-1.882000000000000000e+03
3.120000000000000000e+02,-1.882000000000000000e+03
3.120000000000000000e+02,-1.882000000000000000e+03
2.980000000000000000e+02,-1.881000000000000000e+03
2.980000000000000000e+02,-1.881000000000000000e+03
2.980000000000000000e+02,-1.881000000000000000e+03
3.110000000000000000e+02,-1.858000000000000000e+03
3.150000000000000000e+02,-1.845000000000000000e+03
3.260000000000000000e+02,-1.822000000000000000e+03
3.390000000000000000e+02,-1.795000000000000000e+03
3.590000000000000000e+02,-1.760000000000000000e+03
3.810000000000000000e+02,-1.717000000000000000e+03
4.100000000000000000e+02,-1.667000000000000000e+03
4.400000000000000000e+02,-1.613000000000000000e+03
4.750000000000000000e+02,-1.552000000000000000e+03
5.110000000000000000e+02,-1.488000000000000000e+03
5.530000000000000000e+02,-1.420000000000000000e+03
5.950000000000000000e+02,-1.349000000000000000e+03
6.390000000000000000e+02,-1.275000000000000000e+03
6.830000000000000000e+02,-1.203000000000000000e+03
7.270000000000000000e+02,-1.130000000000000000e+03
7.700000000000000000e+02,-1.064000000000000000e+03
8.080000000000000000e+02,-1.004000000000000000e+03
8.410000000000000000e+02,-9.520000000000000000e+02
8.670000000000000000e+02,-9.100000000000000000e+02
8.830000000000000000e+02,-8.800000000000000000e+02
8.970000000000000000e+02,-8.610000000000000000e+02
8.970000000000000000e+02,-8.610000000000000000e+02
8.970000000000000000e+02,-8.610000000000000000e+02
8.970000000000000000e+02,-8.610000000000000000e+02
8.830000000000000000e+02,-8.910000000000000000e+02
8.740000000000000000e+02,-9.180000000000000000e+02
8.650000000000000000e+02,-9.560000000000000000e+02
8.530000000000000000e+02,-1.001000000000000000e+03
8.400000000000000000e+02,-1.053000000000000000e+03
8.280000000000000000e+02,-1.112000000000000000e+03
8.140000000000000000e+02,-1.177000000000000000e+03
8.000000000000000000e+02,-1.246000000000000000e+03
7.870000000000000000e+02,-1.320000000000000000e+03
7.750000000000000000e+02,-1.399000000000000000e+03
7.660000000000000000e+02,-1.474000000000000000e+03
7.600000000000000000e+02,-1.543000000000000000e+03
7.570000000000000000e+02,-1.607000000000000000e+03
7.600000000000000000e+02,-1.661000000000000000e+03
7.670000000000000000e+02,-1.705000000000000000e+03
7.810000000000000000e+02,-1.736000000000000000e+03
8.020000000000000000e+02,-1.756000000000000000e+03
8.280000000000000000e+02,-1.757000000000000000e+03
8.610000000000000000e+02,-1.744000000000000000e+03
9.000000000000000000e+02,-1.721000000000000000e+03
9.450000000000000000e+02,-1.685000000000000000e+03
9.930000000000000000e+02,-1.640000000000000000e+03
1.045000000000000000e+03,-1.585000000000000000e+03
1.100000000000000000e+03,-1.524000000000000000e+03
1.155000000000000000e+03,-1.459000000000000000e+03
1.209000000000000000e+03,-1.394000000000000000e+03
1.259000000000000000e+03,-1.331000000000000000e+03
1.305000000000000000e+03,-1.269000000000000000e+03
1.346000000000000000e+03,-1.213000000000000000e+03
1.384000000000000000e+03,-1.163000000000000000e+03
1.410000000000000000e+03,-1.124000000000000000e+03
1.437000000000000000e+03,-1.084000000000000000e+03
1.455000000000000000e+03,-1.055000000000000000e+03
1.464000000000000000e+03,-1.034000000000000000e+03
1.468000000000000000e+03,-1.017000000000000000e+03
