-1.416307283618421842e+00,-2.208988187988625007e-01
-1.416307283618421842e+00,-2.208988187988625007e-01
-1.344146549824391634e+00,-1.487380850048323766e-01
-1.231896519478122620e+00,-1.367112960391606846e-01
-1.075548262924390652e+00,-1.166666477630412257e-01
-8.430303429214048849e-01,-9.662199948692175300e-02
-5.904677746422994922e-01,-9.662199948692175300e-02
-2.938069801557312566e-01,-8.058628086602616369e-02
2.690739226218034907e-02,-6.855949190035448559e-02
3.476217646800919270e-01,-6.054163258990669094e-02
6.603182777875556964e-01,-4.851484362423500590e-02
9.730147908950195212e-01,-3.247912500333943048e-02
1.209541640553229325e+00,-3.648805465856332086e-02
1.454086349521886978e+00,1.161910120412341409e-02
1.622461395041290499e+00,2.765481982501899472e-02
