2.113457602613346975e-01,-2.707280307793386576e-01
1.913011119852152386e-01,-3.589244831942643432e-01
1.913011119852152386e-01,-3.589244831942643432e-01
2.714797050896931574e-01,-4.511298652644138985e-01
3.556672278493949180e-01,-4.912191618166528717e-01
4.639083285404400625e-01,-5.553620363002351734e-01
5.921940775076047769e-01,-6.195049107838175306e-01
7.485423340613366339e-01,-7.117102928539671414e-01
9.048905906150684908e-01,-8.199513935450122304e-01
1.069256706479248198e+00,-9.281924942360574304e-01
1.237631751998651719e+00,-1.032424665271878705e+00
1.442087164415070344e+00,-1.092558610100237138e+00
1.582399702347906834e+00,-1.204808640446506152e+00
1.758792607177758205e+00,-1.228862218377849480e+00
1.842980129937459965e+00,-1.284987233550983987e+00
