-1.091151195888507841e+00,-7.521618828801158729e-01
-1.163311929682537826e+00,-8.122958277084743051e-01
-1.163311929682537826e+00,-8.122958277084743051e-01
-1.163311929682537826e+00,-8.122958277084743051e-01
-1.163311929682537826e+00,-8.122958277084743051e-01
-1.055070828991492737e+00,-8.483761946054892977e-01
-9.829100951974626410e-01,-8.523851242607132228e-01
-8.786779241616413660e-01,-8.604029835711609620e-01
-7.544011048497005767e-01,-8.644119132263848870e-01
-5.699903407094014662e-01,-8.644119132263848870e-01
-3.655349282929827859e-01,-8.724297725368326262e-01
-1.249991489795490851e-01,-8.644119132263848870e-01
1.315723489547802050e-01,-8.604029835711609620e-01
4.482777917174678994e-01,-8.042779683980264549e-01
7.208850082726927511e-01,-7.922511794323547907e-01
1.061644028966723718e+00,-6.880190083965335157e-01
