-1.508824231945363969e+00,-5.533300711929760585e-01
-1.352475975391632002e+00,-4.410800408467069889e-01
-1.140002703664765749e+00,-3.127942918795423299e-01
-8.994669243513320200e-01,-1.965353318780493908e-01
-6.348775671065548520e-01,-7.626744222133254036e-02
-3.261899836543150077e-01,4.400044743538430309e-02
-3.353811882297066949e-02,1.281879701950860984e-01
2.871762535949409223e-01,2.324201412309073733e-01
5.878459777367330830e-01,3.166076639906091339e-01
8.484264053262862149e-01,3.807505384741914911e-01
1.068917536363600540e+00,4.288576943368782035e-01
1.261346159814347390e+00,4.769648501995649714e-01
1.381614049471064254e+00,5.130452170965800196e-01
