1.193721444368777584e+00,1.154697019756207421e+00
1.181694655403105809e+00,1.226857753550237629e+00
1.181694655403105809e+00,1.226857753550237629e+00
1.137596429195643077e+00,1.307036346654715464e+00
1.137596429195643077e+00,1.307036346654715464e+00
1.061426765746388945e+00,1.403250658380089000e+00
1.013319609883702288e+00,1.467393532863671357e+00
9.531856650553438559e-01,1.519509618381581939e+00
8.930517202269854238e-01,1.583652492865164296e+00
8.008463381568359241e-01,1.627750719072627028e+00
7.166588153971340525e-01,1.679866804590537610e+00
6.003998553956411133e-01,1.711938241832328789e+00
4.921587547045959687e-01,1.748018608729343892e+00
3.558551464269835707e-01,1.740000749418896042e+00
2.075247491836994251e-01,1.711938241832328789e+00
3.914970366429584847e-02,1.651804297003970357e+00
-1.292253418551077282e-01,1.567616774244268596e+00
-2.935914577192874075e-01,1.455366743897999582e+00
-4.499397142730193200e-01,1.323072065275611164e+00
-5.902522522058556431e-01,1.174741668032327047e+00
-7.145290715177964325e-01,1.014384481823371154e+00
-7.987165942774981930e-01,8.660540845800870358e-01
-8.588505391058566252e-01,7.217326169920268431e-01
-8.788951873819761396e-01,5.854290087144143895e-01
-8.668683984163043643e-01,4.731789783681453199e-01
-8.187612425536177074e-01,3.809735962979957646e-01
-7.345737197939158358e-01,3.088128625039656683e-01
-6.303415487580945609e-01,2.607057066412789004e-01
-4.940379404804821628e-01,2.326431990547116468e-01
-3.457075432371980450e-01,2.125985507785921880e-01
-1.773324977177944684e-01,2.045806914681443933e-01
-8.957452198390889950e-03,1.925539025024727013e-01
1.674354526314604796e-01,1.885449728472488040e-01
3.358104981508640563e-01,1.685003245711293451e-01
5.041855436702676885e-01,1.404378169845620639e-01
6.485070112583278812e-01,9.233066112187532370e-02
7.767927602254924846e-01,2.417885698306911774e-02
8.730070719508660204e-01,-7.203545474230435564e-02
9.451678057448961168e-01,-1.802765554333495279e-01
9.892660319523589596e-01,-3.125712340557380564e-01
1.001292820918030735e+00,-4.568927016437982491e-01
9.772392429866872954e-01,-6.292766768184258064e-01
9.211142278135526773e-01,-7.976517223378293275e-01
8.329177753986269916e-01,-9.700356975124567738e-01
7.206677450523579775e-01,-1.142419672687084331e+00
5.843641367747455240e-01,-1.310794718206487852e+00
4.280158802210136670e-01,-1.455116185794548045e+00
2.516229753911622957e-01,-1.587410864416936684e+00
8.324792987175869130e-02,-1.695651965107981773e+00
-1.131896232342121528e-01,-1.787857347178131384e+00
-2.855735984088396129e-01,-1.839973432696041966e+00
-4.699843625491387789e-01,-1.884071658903504920e+00
-6.503861970342140753e-01,-1.896098447869176473e+00
-8.227701722088415215e-01,-1.884071658903504920e+00
-9.711005694521256393e-01,-1.847991292006489816e+00
-1.103395248074514168e+00,-1.791866276833355309e+00
-1.223663137731231032e+00,-1.727723402349772952e+00
-1.303841730835708868e+00,-1.655562668555742745e+00
-1.392038183250634553e+00,-1.599437653382608238e+00
-1.416091761181978104e+00,-1.511241200967682552e+00
-1.404064972216306328e+00,-1.435071537518428642e+00
-1.404064972216306328e+00,-1.435071537518428642e+00
-1.327895308767052418e+00,-1.374937592690070209e+00
-1.327895308767052418e+00,-1.374937592690070209e+00
