5.030000000000000000e+02,-9.240000000000000000e+02
5.020000000000000000e+02,-9.150000000000000000e+02
5.020000000000000000e+02,-9.150000000000000000e+02
5.020000000000000000e+02,-9.150000000000000000e+02
5.020000000000000000e+02,-9.150000000000000000e+02
4.930000000000000000e+02,-9.060000000000000000e+02
4.930000000000000000e+02,-9.060000000000000000e+02
4.930000000000000000e+02,-9.060000000000000000e+02
4.930000000000000000e+02,-9.060000000000000000e+02
4.930000000000000000e+02,-9.060000000000000000e+02
5.020000000000000000e+02,-9.030000000000000000e+02
5.020000000000000000e+02,-9.030000000000000000e+02
5.220000000000000000e+02,-8.970000000000000000e+02
5.320000000000000000e+02,-8.940000000000000000e+02
5.490000000000000000e+02,-8.890000000000000000e+02
5.630000000000000000e+02,-8.850000000000000000e+02
5.820000000000000000e+02,-8.830000000000000000e+02
5.980000000000000000e+02,-8.830000000000000000e+02
6.150000000000000000e+02,-8.850000000000000000e+02
6.310000000000000000e+02,-8.940000000000000000e+02
6.470000000000000000e+02,-9.030000000000000000e+02
6.600000000000000000e+02,-9.170000000000000000e+02
6.730000000000000000e+02,-9.300000000000000000e+02
6.840000000000000000e+02,-9.480000000000000000e+02
6.910000000000000000e+02,-9.620000000000000000e+02
6.960000000000000000e+02,-9.770000000000000000e+02
6.990000000000000000e+02,-9.900000000000000000e+02
6.980000000000000000e+02,-1.002000000000000000e+03
6.930000000000000000e+02,-1.013000000000000000e+03
6.870000000000000000e+02,-1.022000000000000000e+03
6.870000000000000000e+02,-1.022000000000000000e+03
6.680000000000000000e+02,-1.034000000000000000e+03
6.560000000000000000e+02,-1.038000000000000000e+03
6.410000000000000000e+02,-1.041000000000000000e+03
6.260000000000000000e+02,-1.044000000000000000e+03
6.100000000000000000e+02,-1.046000000000000000e+03
5.960000000000000000e+02,-1.047000000000000000e+03
5.850000000000000000e+02,-1.049000000000000000e+03
5.850000000000000000e+02,-1.049000000000000000e+03
5.720000000000000000e+02,-1.050000000000000000e+03
5.720000000000000000e+02,-1.050000000000000000e+03
5.720000000000000000e+02,-1.050000000000000000e+03
5.860000000000000000e+02,-1.050000000000000000e+03
5.990000000000000000e+02,-1.048000000000000000e+03
6.140000000000000000e+02,-1.049000000000000000e+03
6.300000000000000000e+02,-1.051000000000000000e+03
6.470000000000000000e+02,-1.054000000000000000e+03
6.650000000000000000e+02,-1.060000000000000000e+03
6.830000000000000000e+02,-1.069000000000000000e+03
7.010000000000000000e+02,-1.081000000000000000e+03
7.180000000000000000e+02,-1.094000000000000000e+03
7.330000000000000000e+02,-1.109000000000000000e+03
7.460000000000000000e+02,-1.128000000000000000e+03
7.550000000000000000e+02,-1.149000000000000000e+03
7.620000000000000000e+02,-1.170000000000000000e+03
7.640000000000000000e+02,-1.192000000000000000e+03
7.630000000000000000e+02,-1.211000000000000000e+03
7.580000000000000000e+02,-1.230000000000000000e+03
7.490000000000000000e+02,-1.245000000000000000e+03
7.370000000000000000e+02,-1.258000000000000000e+03
7.220000000000000000e+02,-1.266000000000000000e+03
7.050000000000000000e+02,-1.271000000000000000e+03
6.880000000000000000e+02,-1.271000000000000000e+03
6.700000000000000000e+02,-1.269000000000000000e+03
6.520000000000000000e+02,-1.265000000000000000e+03
6.340000000000000000e+02,-1.260000000000000000e+03
6.180000000000000000e+02,-1.253000000000000000e+03
6.020000000000000000e+02,-1.246000000000000000e+03
5.870000000000000000e+02,-1.242000000000000000e+03
5.770000000000000000e+02,-1.234000000000000000e+03
5.640000000000000000e+02,-1.232000000000000000e+03
5.530000000000000000e+02,-1.229000000000000000e+03
5.530000000000000000e+02,-1.229000000000000000e+03
5.450000000000000000e+02,-1.219000000000000000e+03
5.480000000000000000e+02,-1.210000000000000000e+03
