9.800000000000000000e+02,-1.056000000000000000e+03
9.800000000000000000e+02,-1.056000000000000000e+03
9.930000000000000000e+02,-1.037000000000000000e+03
9.930000000000000000e+02,-1.037000000000000000e+03
1.028000000000000000e+03,-1.037000000000000000e+03
1.052000000000000000e+03,-1.035000000000000000e+03
1.079000000000000000e+03,-1.028000000000000000e+03
1.100000000000000000e+03,-1.026000000000000000e+03
1.119000000000000000e+03,-1.031000000000000000e+03
1.119000000000000000e+03,-1.031000000000000000e+03
1.120000000000000000e+03,-1.046000000000000000e+03
1.120000000000000000e+03,-1.046000000000000000e+03
1.105000000000000000e+03,-1.066000000000000000e+03
