4.480000000000000000e+02,-2.360000000000000000e+02
4.570000000000000000e+02,-2.100000000000000000e+02
4.600000000000000000e+02,-1.930000000000000000e+02
4.600000000000000000e+02,-1.930000000000000000e+02
4.600000000000000000e+02,-1.930000000000000000e+02
4.540000000000000000e+02,-2.180000000000000000e+02
4.490000000000000000e+02,-2.500000000000000000e+02
4.280000000000000000e+02,-3.130000000000000000e+02
4.090000000000000000e+02,-3.870000000000000000e+02
3.830000000000000000e+02,-4.850000000000000000e+02
3.580000000000000000e+02,-5.940000000000000000e+02
3.320000000000000000e+02,-7.100000000000000000e+02
3.060000000000000000e+02,-8.220000000000000000e+02
2.850000000000000000e+02,-9.330000000000000000e+02
2.680000000000000000e+02,-1.033000000000000000e+03
2.580000000000000000e+02,-1.121000000000000000e+03
2.510000000000000000e+02,-1.193000000000000000e+03
2.540000000000000000e+02,-1.241000000000000000e+03
2.560000000000000000e+02,-1.275000000000000000e+03
2.720000000000000000e+02,-1.281000000000000000e+03
2.870000000000000000e+02,-1.278000000000000000e+03
3.050000000000000000e+02,-1.260000000000000000e+03
3.280000000000000000e+02,-1.228000000000000000e+03
3.500000000000000000e+02,-1.183000000000000000e+03
