-1.198200452627999901e+00,1.947545249804443879e+00
-1.198200452627999901e+00,1.947545249804443879e+00
-1.198200452627999901e+00,1.947545249804443879e+00
-1.198200452627999901e+00,1.947545249804443879e+00
-1.198200452627999901e+00,1.947545249804443879e+00
-1.198200452627999901e+00,1.947545249804443879e+00
-1.198200452627999901e+00,1.947545249804443879e+00
-1.198200452627999901e+00,1.947545249804443879e+00
-1.198200452627999901e+00,1.947545249804443879e+00
-1.198200452627999901e+00,1.947545249804443879e+00
-1.198200452627999901e+00,1.947545249804443879e+00
-1.150093296765313244e+00,1.843313078768622715e+00
-1.101986140902626365e+00,1.783179133940264283e+00
-1.033834336763820305e+00,1.678946962904442897e+00
-9.576646733145661727e-01,1.566696932558173883e+00
-8.654592912444165620e-01,1.422375464970113690e+00
-7.612271202085953981e-01,1.262018278761158019e+00
-6.529860195175501980e-01,1.081616444276082722e+00
-5.527627781369528481e-01,9.012146097910073150e-01
-4.485306071011315177e-01,7.208127753059321297e-01
-3.563252250309819624e-01,5.524377297865284975e-01
-2.841644912369518661e-01,4.041073325432443797e-01
-2.240305464085934339e-01,2.798305132313036458e-01
-1.839412498563544884e-01,1.836162015059301655e-01
-1.478608829593394125e-01,1.034376084014522745e-01
-1.358340939936677483e-01,4.731259322831775360e-02
-1.358340939936677483e-01,4.731259322831775360e-02
-1.358340939936677483e-01,4.731259322831775360e-02
-1.358340939936677483e-01,4.731259322831775360e-02
-1.358340939936677483e-01,4.731259322831775360e-02
-6.768228985486152149e-02,4.330366357309385628e-02
-6.768228985486152149e-02,4.330366357309385628e-02
-7.548345026503100637e-03,9.942867874622839108e-02
4.857667014663143157e-02,1.475358346089151174e-01
1.087106149749898498e-01,2.116787090924974468e-01
1.848802784242438435e-01,2.838394428865275709e-01
2.810945901496173516e-01,3.680269656462293315e-01
3.853267611854386265e-01,4.802769959924984011e-01
5.136125101526032299e-01,6.005448856492152654e-01
6.258625404988722440e-01,7.248217049611559437e-01
7.461304301555891083e-01,8.691431725492162474e-01
8.704072494675298977e-01,1.009455710482052515e+00
9.826572798137989118e-01,1.141750389104441155e+00
1.074862661883948523e+00,1.270036138071605647e+00
1.151032325333202433e+00,1.386295098073098586e+00
1.219184129472008715e+00,1.482509409798472122e+00
1.267291285334695372e+00,1.566696932558173883e+00
1.303371652231710476e+00,1.630839807041756240e+00
1.303371652231710476e+00,1.630839807041756240e+00
1.335443089473501654e+00,1.723045189111905851e+00
1.335443089473501654e+00,1.723045189111905851e+00
1.347469878439173430e+00,1.779170204285040358e+00
1.347469878439173430e+00,1.779170204285040358e+00
1.347469878439173430e+00,1.779170204285040358e+00
1.359496667404844983e+00,1.843313078768622715e+00
1.359496667404844983e+00,1.843313078768622715e+00
1.359496667404844983e+00,1.843313078768622715e+00
1.359496667404844983e+00,1.843313078768622715e+00
