-1.575089371396252602e+00,-1.679779705821242919e+00
-1.575089371396252602e+00,-1.679779705821242919e+00
-1.575089371396252602e+00,-1.679779705821242919e+00
-1.575089371396252602e+00,-1.679779705821242919e+00
-1.486892918981326916e+00,-1.619645760992884709e+00
-1.430767903808192409e+00,-1.571538605130197830e+00
-1.358607170014162424e+00,-1.483342152715272144e+00
-1.286446436220132217e+00,-1.379109981679450980e+00
-1.194241054149982606e+00,-1.246815303057062341e+00
-1.110053531390280845e+00,-1.102493835469002148e+00
-1.013839219664907310e+00,-9.180830713287030376e-01
-9.136159782843100707e-01,-7.216455182227321519e-01
-8.093838072484887958e-01,-4.971454575301940126e-01
-7.051516362126675208e-01,-2.566096782167603396e-01
-6.169551837977418351e-01,-2.008282855855053270e-02
-5.247498017275922244e-01,1.963993728235397807e-01
-4.606069272440099227e-01,3.968458555847345637e-01
-4.044819120708753601e-01,5.652209011041381403e-01
-3.724104748290842370e-01,6.894977204160788187e-01
-3.603836858634125173e-01,7.736852431757806903e-01
-3.603836858634125173e-01,7.736852431757806903e-01
-3.603836858634125173e-01,7.736852431757806903e-01
-4.285354900022187441e-01,7.496316652444372508e-01
-4.726337162096815869e-01,6.774709314504071545e-01
-5.207408720723682993e-01,5.852655493802575437e-01
-5.608301686246073281e-01,4.770244486892124547e-01
-6.049283948320701709e-01,3.447297700668239262e-01
-6.450176913843090887e-01,1.963993728235397807e-01
-6.810980582813240813e-01,3.604218661458399170e-02
-7.292052141440108493e-01,-1.443596478704912700e-01
-7.612766513858020279e-01,-3.327793416660143611e-01
-8.013659479380409456e-01,-5.372347540824329304e-01
-8.334373851798321242e-01,-7.376812368436277412e-01
-8.655088224216233028e-01,-9.381277196048224409e-01
-8.655088224216233028e-01,-1.118529554089897848e+00
-8.414552444902799744e-01,-1.274877810643629594e+00
-8.013659479380409456e-01,-1.407172489266018234e+00
-7.412320031096825135e-01,-1.495368941680943919e+00
-6.650623396604284920e-01,-1.535458238233182726e+00
-5.688480279350550672e-01,-1.543476097543630576e+00
-4.646158568992337923e-01,-1.519422519612287248e+00
-3.483568968977408531e-01,-1.443252856163033337e+00
-2.401157962066956808e-01,-1.347038544437659802e+00
-1.439014844813222005e-01,-1.214743865815271162e+00
-3.566038379027704208e-02,-1.070422398227210969e+00
6.055392793509643129e-02,-9.020473527078074483e-01
1.647860989709176993e-01,-7.136276589122843017e-01
2.610004106962912074e-01,-5.011543871854179377e-01
3.491968631112168930e-01,-2.726453968376559289e-01
4.414022451813664483e-01,-4.814533614511779663e-02
5.215808382858443393e-01,1.603190059265247325e-01
5.937415720798744356e-01,3.487386997220477958e-01
6.458576575977851286e-01,5.171137452414513724e-01
6.899558838052479715e-01,6.574262831742877511e-01
7.059916024261435608e-01,7.616584542101090261e-01
7.180183913918152250e-01,8.258013286936912722e-01
7.180183913918152250e-01,8.258013286936912722e-01
7.180183913918152250e-01,8.258013286936912722e-01
7.180183913918152250e-01,8.258013286936912722e-01
6.699112355291284571e-01,7.416138059339895117e-01
6.458576575977851286e-01,6.453994942086159758e-01
6.097772907007700249e-01,5.251316045518992226e-01
5.817147831142027714e-01,3.607654886877194600e-01
5.376165569067399286e-01,1.803636542026442191e-01
4.975272603545009553e-01,-2.409175821377443003e-02
4.494201044918142429e-01,-2.445828892510886476e-01
4.013129486291274750e-01,-4.730918795988506842e-01
3.692415113873363519e-01,-7.016008699466126375e-01
3.491968631112168930e-01,-9.261009306391507767e-01
3.612236520768885573e-01,-1.126547413400345476e+00
3.932950893186797359e-01,-1.286904599609301370e+00
4.494201044918142429e-01,-1.419199278231689787e+00
5.255897679410682644e-01,-1.519422519612287248e+00
6.218040796664416892e-01,-1.583565394095869605e+00
7.180183913918152250e-01,-1.603610042371989008e+00
8.102237734619648357e-01,-1.591583253406317233e+00
8.944112962216665963e-01,-1.547485027198854501e+00
9.625631003604727676e-01,-1.483342152715272144e+00
1.026705974844055014e+00,-1.407172489266018234e+00
1.062786341741070117e+00,-1.318976036851092548e+00
1.094857778982861296e+00,-1.214743865815271162e+00
1.146973864500771878e+00,-1.070422398227210969e+00
1.134947075535100325e+00,-9.902438051227331339e-01
1.179045301742563057e+00,-8.218687596033295018e-01
