9.270000000000000000e+02,-1.130000000000000000e+03
9.270000000000000000e+02,-1.130000000000000000e+03
9.140000000000000000e+02,-1.133000000000000000e+03
9.040000000000000000e+02,-1.147000000000000000e+03
9.030000000000000000e+02,-1.162000000000000000e+03
9.000000000000000000e+02,-1.185000000000000000e+03
9.000000000000000000e+02,-1.210000000000000000e+03
9.000000000000000000e+02,-1.240000000000000000e+03
9.010000000000000000e+02,-1.269000000000000000e+03
9.040000000000000000e+02,-1.302000000000000000e+03
9.090000000000000000e+02,-1.332000000000000000e+03
9.180000000000000000e+02,-1.361000000000000000e+03
9.230000000000000000e+02,-1.387000000000000000e+03
9.320000000000000000e+02,-1.409000000000000000e+03
9.380000000000000000e+02,-1.426000000000000000e+03
9.450000000000000000e+02,-1.439000000000000000e+03
9.450000000000000000e+02,-1.439000000000000000e+03
9.560000000000000000e+02,-1.459000000000000000e+03
9.560000000000000000e+02,-1.459000000000000000e+03
9.560000000000000000e+02,-1.459000000000000000e+03
9.510000000000000000e+02,-1.472000000000000000e+03
9.510000000000000000e+02,-1.472000000000000000e+03
9.360000000000000000e+02,-1.472000000000000000e+03
9.230000000000000000e+02,-1.468000000000000000e+03
9.080000000000000000e+02,-1.465000000000000000e+03
8.860000000000000000e+02,-1.462000000000000000e+03
8.650000000000000000e+02,-1.457000000000000000e+03
8.410000000000000000e+02,-1.454000000000000000e+03
8.130000000000000000e+02,-1.454000000000000000e+03
7.840000000000000000e+02,-1.456000000000000000e+03
7.510000000000000000e+02,-1.462000000000000000e+03
7.220000000000000000e+02,-1.471000000000000000e+03
6.950000000000000000e+02,-1.483000000000000000e+03
6.720000000000000000e+02,-1.497000000000000000e+03
6.540000000000000000e+02,-1.513000000000000000e+03
6.410000000000000000e+02,-1.533000000000000000e+03
6.350000000000000000e+02,-1.554000000000000000e+03
6.330000000000000000e+02,-1.578000000000000000e+03
6.390000000000000000e+02,-1.602000000000000000e+03
6.510000000000000000e+02,-1.625000000000000000e+03
6.690000000000000000e+02,-1.650000000000000000e+03
6.930000000000000000e+02,-1.676000000000000000e+03
7.250000000000000000e+02,-1.697000000000000000e+03
7.640000000000000000e+02,-1.715000000000000000e+03
8.050000000000000000e+02,-1.727000000000000000e+03
8.500000000000000000e+02,-1.732000000000000000e+03
8.950000000000000000e+02,-1.732000000000000000e+03
9.380000000000000000e+02,-1.729000000000000000e+03
9.680000000000000000e+02,-1.718000000000000000e+03
1.005000000000000000e+03,-1.696000000000000000e+03
1.024000000000000000e+03,-1.682000000000000000e+03
1.043000000000000000e+03,-1.653000000000000000e+03
