-8.382958261191395533e-01,1.395871125666529267e+00
-8.984297709474979854e-01,1.395871125666529267e+00
-8.984297709474979854e-01,1.395871125666529267e+00
-9.345101378445130891e-01,1.456005070494887699e+00
-9.345101378445130891e-01,1.456005070494887699e+00
-9.345101378445130891e-01,1.456005070494887699e+00
-8.583404743952590676e-01,1.472040789115783399e+00
-7.541083033594377927e-01,1.480058648426231027e+00
-6.338404137027209284e-01,1.456005070494887699e+00
-4.574475088728695571e-01,1.460014000150111624e+00
-2.690278150773465216e-01,1.447987211184440071e+00
-2.849203576391281037e-02,1.468031859460559474e+00
2.000169545838491880e-01,1.472040789115783399e+00
4.365438042420590192e-01,1.504112226357574578e+00
6.289724276928059243e-01,1.520147944978470056e+00
7.973474732122095565e-01,1.544201522909813384e+00
9.256332221793741599e-01,1.576272960151604563e+00
1.017838604249523771e+00,1.600326538082947891e+00
1.069954689767434353e+00,1.616362256703843592e+00
1.069954689767434353e+00,1.616362256703843592e+00
1.069954689767434353e+00,1.616362256703843592e+00
9.977939559734042563e-01,1.636406904979962995e+00
9.136064332137024957e-01,1.636406904979962995e+00
8.494635587301201385e-01,1.648433693945634770e+00
7.452313876942988635e-01,1.616362256703843592e+00
6.610438649345971029e-01,1.624380116014291442e+00
