1.007000000000000000e+03,-1.236000000000000000e+03
9.690000000000000000e+02,-1.176000000000000000e+03
9.690000000000000000e+02,-1.176000000000000000e+03
9.690000000000000000e+02,-1.176000000000000000e+03
9.690000000000000000e+02,-1.176000000000000000e+03
9.690000000000000000e+02,-1.176000000000000000e+03
9.690000000000000000e+02,-1.176000000000000000e+03
8.950000000000000000e+02,-1.129000000000000000e+03
8.950000000000000000e+02,-1.129000000000000000e+03
8.950000000000000000e+02,-1.129000000000000000e+03
8.950000000000000000e+02,-1.129000000000000000e+03
8.340000000000000000e+02,-1.148000000000000000e+03
8.340000000000000000e+02,-1.148000000000000000e+03
8.340000000000000000e+02,-1.148000000000000000e+03
8.340000000000000000e+02,-1.148000000000000000e+03
7.960000000000000000e+02,-1.210000000000000000e+03
7.960000000000000000e+02,-1.210000000000000000e+03
7.960000000000000000e+02,-1.210000000000000000e+03
7.960000000000000000e+02,-1.210000000000000000e+03
8.070000000000000000e+02,-1.286000000000000000e+03
8.070000000000000000e+02,-1.286000000000000000e+03
8.070000000000000000e+02,-1.286000000000000000e+03
8.070000000000000000e+02,-1.286000000000000000e+03
8.070000000000000000e+02,-1.286000000000000000e+03
8.760000000000000000e+02,-1.310000000000000000e+03
8.760000000000000000e+02,-1.310000000000000000e+03
8.760000000000000000e+02,-1.310000000000000000e+03
8.760000000000000000e+02,-1.310000000000000000e+03
8.760000000000000000e+02,-1.310000000000000000e+03
9.290000000000000000e+02,-1.239000000000000000e+03
9.290000000000000000e+02,-1.239000000000000000e+03
9.290000000000000000e+02,-1.239000000000000000e+03
9.290000000000000000e+02,-1.239000000000000000e+03
9.350000000000000000e+02,-1.171000000000000000e+03
9.350000000000000000e+02,-1.171000000000000000e+03
9.350000000000000000e+02,-1.171000000000000000e+03
9.350000000000000000e+02,-1.171000000000000000e+03
