8.220000000000000000e+02,-1.297000000000000000e+03
8.220000000000000000e+02,-1.297000000000000000e+03
8.020000000000000000e+02,-1.312000000000000000e+03
7.970000000000000000e+02,-1.333000000000000000e+03
7.900000000000000000e+02,-1.368000000000000000e+03
7.900000000000000000e+02,-1.401000000000000000e+03
7.840000000000000000e+02,-1.451000000000000000e+03
7.880000000000000000e+02,-1.500000000000000000e+03
7.820000000000000000e+02,-1.564000000000000000e+03
7.840000000000000000e+02,-1.619000000000000000e+03
7.780000000000000000e+02,-1.681000000000000000e+03
7.750000000000000000e+02,-1.734000000000000000e+03
7.700000000000000000e+02,-1.779000000000000000e+03
7.660000000000000000e+02,-1.817000000000000000e+03
7.670000000000000000e+02,-1.841000000000000000e+03
7.640000000000000000e+02,-1.855000000000000000e+03
7.640000000000000000e+02,-1.855000000000000000e+03
7.760000000000000000e+02,-1.828000000000000000e+03
7.760000000000000000e+02,-1.802000000000000000e+03
7.790000000000000000e+02,-1.760000000000000000e+03
7.700000000000000000e+02,-1.716000000000000000e+03
