9.230000000000000000e+02,-9.650000000000000000e+02
9.230000000000000000e+02,-9.650000000000000000e+02
9.230000000000000000e+02,-9.650000000000000000e+02
9.230000000000000000e+02,-9.650000000000000000e+02
9.200000000000000000e+02,-9.510000000000000000e+02
9.200000000000000000e+02,-9.510000000000000000e+02
9.200000000000000000e+02,-9.510000000000000000e+02
9.200000000000000000e+02,-9.510000000000000000e+02
9.230000000000000000e+02,-9.680000000000000000e+02
9.230000000000000000e+02,-9.680000000000000000e+02
9.270000000000000000e+02,-1.002000000000000000e+03
9.320000000000000000e+02,-1.028000000000000000e+03
9.290000000000000000e+02,-1.066000000000000000e+03
9.270000000000000000e+02,-1.106000000000000000e+03
9.230000000000000000e+02,-1.159000000000000000e+03
9.180000000000000000e+02,-1.215000000000000000e+03
9.140000000000000000e+02,-1.277000000000000000e+03
9.080000000000000000e+02,-1.335000000000000000e+03
9.030000000000000000e+02,-1.396000000000000000e+03
8.970000000000000000e+02,-1.451000000000000000e+03
8.920000000000000000e+02,-1.504000000000000000e+03
8.890000000000000000e+02,-1.551000000000000000e+03
8.860000000000000000e+02,-1.592000000000000000e+03
8.830000000000000000e+02,-1.625000000000000000e+03
8.800000000000000000e+02,-1.652000000000000000e+03
8.770000000000000000e+02,-1.673000000000000000e+03
8.740000000000000000e+02,-1.689000000000000000e+03
8.740000000000000000e+02,-1.689000000000000000e+03
8.620000000000000000e+02,-1.708000000000000000e+03
8.620000000000000000e+02,-1.708000000000000000e+03
8.430000000000000000e+02,-1.712000000000000000e+03
8.430000000000000000e+02,-1.712000000000000000e+03
8.160000000000000000e+02,-1.705000000000000000e+03
7.990000000000000000e+02,-1.697000000000000000e+03
7.790000000000000000e+02,-1.689000000000000000e+03
7.600000000000000000e+02,-1.682000000000000000e+03
7.420000000000000000e+02,-1.676000000000000000e+03
7.220000000000000000e+02,-1.671000000000000000e+03
7.020000000000000000e+02,-1.671000000000000000e+03
6.840000000000000000e+02,-1.676000000000000000e+03
6.660000000000000000e+02,-1.685000000000000000e+03
6.530000000000000000e+02,-1.699000000000000000e+03
6.380000000000000000e+02,-1.715000000000000000e+03
6.260000000000000000e+02,-1.733000000000000000e+03
6.150000000000000000e+02,-1.754000000000000000e+03
6.080000000000000000e+02,-1.774000000000000000e+03
6.030000000000000000e+02,-1.793000000000000000e+03
6.010000000000000000e+02,-1.816000000000000000e+03
6.050000000000000000e+02,-1.840000000000000000e+03
6.090000000000000000e+02,-1.864000000000000000e+03
6.210000000000000000e+02,-1.890000000000000000e+03
6.410000000000000000e+02,-1.916000000000000000e+03
6.650000000000000000e+02,-1.940000000000000000e+03
6.960000000000000000e+02,-1.962000000000000000e+03
7.360000000000000000e+02,-1.982000000000000000e+03
7.810000000000000000e+02,-1.994000000000000000e+03
8.290000000000000000e+02,-2.000000000000000000e+03
8.770000000000000000e+02,-2.001000000000000000e+03
9.300000000000000000e+02,-1.994000000000000000e+03
9.800000000000000000e+02,-1.989000000000000000e+03
1.016000000000000000e+03,-1.980000000000000000e+03
1.054000000000000000e+03,-1.959000000000000000e+03
1.075000000000000000e+03,-1.946000000000000000e+03
