4.100000000000000000e+02,-1.600000000000000000e+02
3.990000000000000000e+02,-1.500000000000000000e+02
3.990000000000000000e+02,-1.500000000000000000e+02
3.880000000000000000e+02,-1.450000000000000000e+02
3.780000000000000000e+02,-1.450000000000000000e+02
3.780000000000000000e+02,-1.450000000000000000e+02
3.780000000000000000e+02,-1.450000000000000000e+02
3.740000000000000000e+02,-1.570000000000000000e+02
3.740000000000000000e+02,-1.570000000000000000e+02
3.810000000000000000e+02,-1.690000000000000000e+02
3.810000000000000000e+02,-1.690000000000000000e+02
3.960000000000000000e+02,-1.760000000000000000e+02
