5.562867150153539830e-01,1.083270063265142635e+00
4.841259812213238867e-01,1.071243274299471082e+00
4.480456143243088385e-01,1.075252203954695007e+00
3.959295288063982010e-01,1.039171837057679904e+00
3.398045136332636940e-01,9.830468218845453965e-01
3.197598653571442351e-01,9.389485956770825537e-01
2.756616391496813923e-01,8.467432136069329429e-01
2.636348501840096725e-01,7.505289018815594071e-01
2.235455536317707270e-01,6.062074342934992144e-01
2.035009053556512681e-01,4.899484742920062752e-01
1.674205384586362200e-01,3.215734287726026985e-01
1.353491012168450414e-01,1.491894535979751968e-01
9.525980466460609586e-02,-5.125702916321953767e-02
5.917943776759104768e-02,-2.557124415796381833e-01
1.107228190490430753e-02,-4.762035726169523975e-01
-4.505273326823022034e-02,-6.766500553781471528e-01
-1.051866780965886455e-01,-8.851143974497897027e-01
-1.613116932697231665e-01,-1.089569809866208328e+00
-2.254545677533054959e-01,-1.281998433316955177e+00
-2.855885125816639003e-01,-1.450373478836358920e+00
-3.417135277547984629e-01,-1.582668157458747338e+00
-4.098653318936046341e-01,-1.694918187805016352e+00
-4.699992767219630663e-01,-1.755052132633374784e+00
-5.421600105159931626e-01,-1.799150358840837738e+00
-5.982850256891276697e-01,-1.791132499530389888e+00
-6.824725484488295413e-01,-1.787123569875165963e+00
-7.385975636219640483e-01,-1.726989625046807530e+00
-8.308029456921136591e-01,-1.694918187805016352e+00
-8.829190312100242410e-01,-1.606721735390090666e+00
-9.350351167279349340e-01,-1.534561001596060681e+00
-9.711154836249499267e-01,-1.462400267802030474e+00
-9.831422725906215909e-01,-1.366185956076657160e+00
