-1.043728352342499499e-01,8.495414264113930747e-01
-1.043728352342499499e-01,8.495414264113930747e-01
-7.230139799245879906e-02,9.337289491710949463e-01
-1.406641984286847048e-04,9.698093160681099389e-01
1.000825771821686888e-01,1.037961120206916110e+00
2.965201302881395606e-01,1.114130783656170243e+00
5.049844723597820551e-01,1.158229009863632974e+00
7.976363371911263656e-01,1.226380814002439257e+00
1.058216764780679497e+00,1.266470110554678064e+00
1.370913277888143433e+00,1.362684422280051599e+00
1.631493705477696565e+00,1.434845156074081807e+00
