6.990000000000000000e+02,-8.690000000000000000e+02
6.960000000000000000e+02,-8.430000000000000000e+02
6.840000000000000000e+02,-8.240000000000000000e+02
6.720000000000000000e+02,-7.980000000000000000e+02
6.590000000000000000e+02,-7.740000000000000000e+02
6.390000000000000000e+02,-7.610000000000000000e+02
6.200000000000000000e+02,-7.500000000000000000e+02
5.890000000000000000e+02,-7.480000000000000000e+02
5.610000000000000000e+02,-7.470000000000000000e+02
5.250000000000000000e+02,-7.610000000000000000e+02
4.910000000000000000e+02,-7.800000000000000000e+02
4.550000000000000000e+02,-8.080000000000000000e+02
4.250000000000000000e+02,-8.400000000000000000e+02
4.010000000000000000e+02,-8.790000000000000000e+02
3.850000000000000000e+02,-9.060000000000000000e+02
3.810000000000000000e+02,-9.430000000000000000e+02
3.890000000000000000e+02,-9.700000000000000000e+02
4.090000000000000000e+02,-9.930000000000000000e+02
4.380000000000000000e+02,-1.002000000000000000e+03
4.780000000000000000e+02,-1.005000000000000000e+03
5.220000000000000000e+02,-9.960000000000000000e+02
5.690000000000000000e+02,-9.870000000000000000e+02
6.190000000000000000e+02,-9.740000000000000000e+02
6.630000000000000000e+02,-9.570000000000000000e+02
7.070000000000000000e+02,-9.450000000000000000e+02
7.440000000000000000e+02,-9.320000000000000000e+02
7.780000000000000000e+02,-9.300000000000000000e+02
8.050000000000000000e+02,-9.360000000000000000e+02
8.280000000000000000e+02,-9.480000000000000000e+02
8.440000000000000000e+02,-9.690000000000000000e+02
8.540000000000000000e+02,-1.005000000000000000e+03
8.590000000000000000e+02,-1.054000000000000000e+03
8.600000000000000000e+02,-1.114000000000000000e+03
8.510000000000000000e+02,-1.189000000000000000e+03
8.360000000000000000e+02,-1.271000000000000000e+03
8.160000000000000000e+02,-1.356000000000000000e+03
7.880000000000000000e+02,-1.444000000000000000e+03
7.530000000000000000e+02,-1.532000000000000000e+03
7.180000000000000000e+02,-1.613000000000000000e+03
6.800000000000000000e+02,-1.686000000000000000e+03
6.400000000000000000e+02,-1.749000000000000000e+03
5.990000000000000000e+02,-1.800000000000000000e+03
5.620000000000000000e+02,-1.839000000000000000e+03
5.260000000000000000e+02,-1.868000000000000000e+03
4.920000000000000000e+02,-1.887000000000000000e+03
4.630000000000000000e+02,-1.891000000000000000e+03
4.360000000000000000e+02,-1.885000000000000000e+03
4.140000000000000000e+02,-1.868000000000000000e+03
3.980000000000000000e+02,-1.841000000000000000e+03
3.910000000000000000e+02,-1.806000000000000000e+03
3.930000000000000000e+02,-1.758000000000000000e+03
4.060000000000000000e+02,-1.705000000000000000e+03
4.300000000000000000e+02,-1.654000000000000000e+03
4.670000000000000000e+02,-1.598000000000000000e+03
5.100000000000000000e+02,-1.555000000000000000e+03
5.590000000000000000e+02,-1.514000000000000000e+03
6.160000000000000000e+02,-1.475000000000000000e+03
6.730000000000000000e+02,-1.445000000000000000e+03
