6.930000000000000000e+02,-1.258000000000000000e+03
6.750000000000000000e+02,-1.252000000000000000e+03
6.750000000000000000e+02,-1.252000000000000000e+03
6.750000000000000000e+02,-1.252000000000000000e+03
6.750000000000000000e+02,-1.234000000000000000e+03
6.900000000000000000e+02,-1.228000000000000000e+03
7.150000000000000000e+02,-1.225000000000000000e+03
7.540000000000000000e+02,-1.215000000000000000e+03
7.910000000000000000e+02,-1.212000000000000000e+03
8.470000000000000000e+02,-1.201000000000000000e+03
9.040000000000000000e+02,-1.198000000000000000e+03
9.770000000000000000e+02,-1.186000000000000000e+03
1.049000000000000000e+03,-1.185000000000000000e+03
1.132000000000000000e+03,-1.180000000000000000e+03
1.209000000000000000e+03,-1.179000000000000000e+03
1.287000000000000000e+03,-1.176000000000000000e+03
1.361000000000000000e+03,-1.176000000000000000e+03
1.429000000000000000e+03,-1.174000000000000000e+03
1.489000000000000000e+03,-1.174000000000000000e+03
1.538000000000000000e+03,-1.176000000000000000e+03
1.578000000000000000e+03,-1.176000000000000000e+03
1.602000000000000000e+03,-1.182000000000000000e+03
1.625000000000000000e+03,-1.182000000000000000e+03
1.625000000000000000e+03,-1.182000000000000000e+03
1.640000000000000000e+03,-1.198000000000000000e+03
1.640000000000000000e+03,-1.198000000000000000e+03
1.640000000000000000e+03,-1.198000000000000000e+03
