-1.192701116091944291e+00,-1.349227547297020102e+00
-1.192701116091944291e+00,-1.349227547297020102e+00
-1.120540382297914306e+00,-1.313147180400004999e+00
-1.120540382297914306e+00,-1.313147180400004999e+00
-1.000272492641197442e+00,-1.172834642467168731e+00
-8.920313919501522415e-01,-1.048557823155227942e+00
-7.597367133277637130e-01,-9.082452852223916739e-01
-6.154152457397035203e-01,-7.278434507373164886e-01
-4.590669891859716079e-01,-5.474416162522411922e-01
-3.067276622874635650e-01,-3.510040631462703065e-01
-1.864597726307467285e-01,-1.906468769373145244e-01
-7.821867193970158394e-02,-2.628076107313482776e-02
-2.209365676656704913e-02,8.196033961791034106e-02
1.959921164776318777e-03,1.741657216880599102e-01
1.959921164776318777e-03,1.741657216880599102e-01
-6.619188297402989196e-02,1.902014403089554995e-01
-1.503794057337316803e-01,1.140317768597014919e-01
-2.105133505620901124e-01,9.799605823880227357e-03
-2.866830140113441061e-01,-1.465486507298516816e-01
-3.187544512531352847e-01,-3.149236962492552583e-01
-3.428080291844786687e-01,-5.113612493552260885e-01
-2.987098029770158258e-01,-6.917630838403013849e-01
-2.265490691829857017e-01,-8.721649183253766813e-01
-1.183079684919405294e-01,-1.016486385913436763e+00
1.398671013044800425e-02,-1.124727486604482074e+00
1.663260370289560142e-01,-1.196888220398512059e+00
3.627635901349268721e-01,-1.196888220398512059e+00
5.471743542752259826e-01,-1.172834642467168731e+00
7.275761887603012790e-01,-1.088647119707466970e+00
9.039690935901526503e-01,-9.403167224641828525e-01
1.012210194281197850e+00,-7.639238176343314812e-01
1.088379857730451761e+00,-5.394237569417933420e-01
