7.400000000000000000e+02,-7.360000000000000000e+02
7.400000000000000000e+02,-7.360000000000000000e+02
7.400000000000000000e+02,-7.360000000000000000e+02
7.400000000000000000e+02,-7.360000000000000000e+02
7.270000000000000000e+02,-7.510000000000000000e+02
7.090000000000000000e+02,-7.690000000000000000e+02
6.960000000000000000e+02,-7.860000000000000000e+02
6.720000000000000000e+02,-8.150000000000000000e+02
6.460000000000000000e+02,-8.430000000000000000e+02
6.120000000000000000e+02,-8.820000000000000000e+02
5.760000000000000000e+02,-9.220000000000000000e+02
5.350000000000000000e+02,-9.670000000000000000e+02
4.940000000000000000e+02,-1.012000000000000000e+03
4.520000000000000000e+02,-1.059000000000000000e+03
4.090000000000000000e+02,-1.106000000000000000e+03
3.700000000000000000e+02,-1.151000000000000000e+03
3.330000000000000000e+02,-1.193000000000000000e+03
3.030000000000000000e+02,-1.227000000000000000e+03
2.770000000000000000e+02,-1.256000000000000000e+03
2.630000000000000000e+02,-1.278000000000000000e+03
2.460000000000000000e+02,-1.296000000000000000e+03
2.460000000000000000e+02,-1.296000000000000000e+03
2.430000000000000000e+02,-1.308000000000000000e+03
2.430000000000000000e+02,-1.308000000000000000e+03
2.530000000000000000e+02,-1.292000000000000000e+03
2.590000000000000000e+02,-1.277000000000000000e+03
