-3.086875834522398998e-01,8.986683977126895817e-01
-3.688215282805983319e-01,8.144808749529878211e-01
-4.249465434537328390e-01,7.302933521932860605e-01
-4.690447696611956818e-01,6.340790404679125247e-01
-5.371965738000019641e-01,5.258379397768674357e-01
-5.692680110417930317e-01,4.376414873619416945e-01
-6.253930262149276498e-01,3.173735977052248858e-01
-6.454376744910470531e-01,2.211592859798513777e-01
-6.815180413880621568e-01,1.129181852888062193e-01
-6.975537600089577461e-01,2.071280321865663979e-02
-6.935448303537338210e-01,-5.946578988582126163e-02
-6.855269710432860819e-01,-1.155908050589557895e-01
-6.534555338014949033e-01,-1.636979609216425158e-01
-5.973305186283603962e-01,-1.917604685082097971e-01
-5.412055034552257782e-01,-1.997783278186575917e-01
-4.490001213850762229e-01,-1.957693981634336944e-01
-3.608036689701505373e-01,-1.837426091977620024e-01
-2.525625682791053928e-01,-1.596890312664186462e-01
-1.363036082776124258e-01,-1.276175940246274676e-01
-2.405357793134337008e-02,-9.955508643806021407e-02
1.002232413805973776e-01,-7.550150850671684399e-02
2.124732717268664195e-01,-5.144793057537346698e-02
3.367500910388071533e-01,-4.743900092014957659e-02
4.369733324194045587e-01,-5.946578988582126163e-02
5.331876441447780390e-01,-8.351936781716462477e-02
6.093573075940320605e-01,-1.236086643694035841e-01
6.735001820776143067e-01,-1.837426091977620024e-01
7.256162675955249997e-01,-2.559033429917921265e-01
7.576877048373161783e-01,-3.400908657514938871e-01
7.897591420791072458e-01,-4.282873181664195728e-01
7.777323531134355816e-01,-5.204927002365691280e-01
7.616966344925399923e-01,-6.167070119619426638e-01
7.175984082850771495e-01,-7.169302533425400137e-01
6.614733931119426424e-01,-8.131445650679135495e-01
5.772858703522408819e-01,-9.053499471380630492e-01
4.930983475925390658e-01,-9.895374698977649208e-01
3.848572469014939212e-01,-1.069716063002242867e+00
2.726072165552248516e-01,-1.137867867141048928e+00
1.603571862089558098e-01,-1.185975023003735807e+00
5.612501517313452787e-02,-1.230073249211198538e+00
-7.216073379403011023e-02,-1.246108967832094239e+00
-1.884196937955230633e-01,-1.246108967832094239e+00
-3.046786537970160302e-01,-1.226064319555974613e+00
-4.329644027641806336e-01,-1.198001811969407360e+00
-5.412055034552257782e-01,-1.153903585761944628e+00
-6.574644634567187174e-01,-1.113814289209705599e+00
-7.376430565611966639e-01,-1.057689274036571092e+00
-8.298484386313462746e-01,-1.033635696105227764e+00
-8.899823834597047068e-01,-9.855285402425409957e-01
-9.461073986328392138e-01,-9.454392436903020780e-01
-9.741699062194064673e-01,-9.013410174828392352e-01
