3.771363453432842461e-02,2.184916155055729448e+00
8.181186074179126744e-02,2.225005451607968254e+00
8.181186074179126744e-02,2.225005451607968254e+00
9.383864970746295942e-02,2.188925084710953151e+00
8.982972005223906209e-02,2.128791139882594496e+00
4.573149384477621232e-02,1.968433953673638825e+00
1.366005660298505626e-02,1.812085697119907080e+00
-3.845602891492557601e-02,1.583576706772144904e+00
-9.458104408806010388e-02,1.327005208837815697e+00
-1.547149889164185221e-01,1.018317625385575909e+00
-2.028221447791052623e-01,6.815675343467686442e-01
-2.589471599522398249e-01,3.247727950318419765e-01
-2.990364565044787426e-01,-2.801301462786075572e-02
-3.270989640910459961e-01,-3.888166835980113034e-01
-3.551614716776132497e-01,-7.295757042920423263e-01
-3.591704013328371747e-01,-1.050290076709953890e+00
-3.912418385746283533e-01,-1.330915152575626648e+00
-3.912418385746283533e-01,-1.567442002233836451e+00
-3.792150496089566336e-01,-1.747843836718911747e+00
-3.631793309880610443e-01,-1.872120656030852315e+00
-3.351168234014937908e-01,-1.952299249135330372e+00
