8.340000000000000000e+02,-1.548000000000000000e+03
8.260000000000000000e+02,-1.527000000000000000e+03
8.260000000000000000e+02,-1.527000000000000000e+03
8.260000000000000000e+02,-1.527000000000000000e+03
8.260000000000000000e+02,-1.527000000000000000e+03
8.260000000000000000e+02,-1.527000000000000000e+03
8.260000000000000000e+02,-1.527000000000000000e+03
8.380000000000000000e+02,-1.561000000000000000e+03
8.440000000000000000e+02,-1.592000000000000000e+03
8.440000000000000000e+02,-1.629000000000000000e+03
8.470000000000000000e+02,-1.670000000000000000e+03
8.470000000000000000e+02,-1.715000000000000000e+03
8.460000000000000000e+02,-1.757000000000000000e+03
8.410000000000000000e+02,-1.796000000000000000e+03
8.370000000000000000e+02,-1.825000000000000000e+03
8.320000000000000000e+02,-1.842000000000000000e+03
8.320000000000000000e+02,-1.842000000000000000e+03
8.320000000000000000e+02,-1.842000000000000000e+03
8.350000000000000000e+02,-1.827000000000000000e+03
8.470000000000000000e+02,-1.795000000000000000e+03
8.650000000000000000e+02,-1.750000000000000000e+03
8.910000000000000000e+02,-1.700000000000000000e+03
9.240000000000000000e+02,-1.647000000000000000e+03
9.620000000000000000e+02,-1.596000000000000000e+03
1.007000000000000000e+03,-1.549000000000000000e+03
1.055000000000000000e+03,-1.512000000000000000e+03
1.103000000000000000e+03,-1.481000000000000000e+03
1.153000000000000000e+03,-1.463000000000000000e+03
1.192000000000000000e+03,-1.460000000000000000e+03
1.233000000000000000e+03,-1.465000000000000000e+03
1.275000000000000000e+03,-1.469000000000000000e+03
1.307000000000000000e+03,-1.481000000000000000e+03
1.339000000000000000e+03,-1.486000000000000000e+03
