1.238186559227725803e-01,4.557580313753109014e-01
8.773828902575753208e-02,5.439544837902365870e-01
-1.248495235483984382e-02,5.800348506872516907e-01
-1.407707013220044767e-01,6.281420065499383476e-01
-2.810832392548407999e-01,6.281420065499383476e-01
-4.654940033951399658e-01,5.680080617215799155e-01
-6.258511896040958034e-01,5.158919762036693335e-01
-8.182798130548427640e-01,3.635526493051612906e-01
-9.545834213324551065e-01,2.072043927514294059e-01
-1.102913818575739224e+00,-1.729566794110869860e-02
-1.187101341335440985e+00,-2.458046582888707143e-01
-1.223181708232456089e+00,-5.063850858784239017e-01
-1.199128130301112760e+00,-7.469208651918575192e-01
-1.114940607541411000e+00,-9.714209258843956585e-01
-9.626012806429029567e-01,-1.171867408645590469e+00
-7.501280089160364817e-01,-1.308171016923202812e+00
-4.895475813264833498e-01,-1.388349610027680869e+00
-1.888778571846912169e-01,-1.396367469338128497e+00
1.358454448884442722e-01,-1.320197805888874587e+00
4.645776766168036587e-01,-1.187903127266485948e+00
7.652474007585957638e-01,-9.914655741605151729e-01
1.033845687658596635e+00,-7.549387245023053694e-01
1.242310029730239185e+00,-4.703047189814087981e-01
1.374604708352627824e+00,-1.696349948396166929e-01
1.430729723525762331e+00,1.470704479230710016e-01
1.402667215939195078e+00,4.357133830991914425e-01
1.290417185592926064e+00,6.882759513782967797e-01
1.106006421452626842e+00,8.847135044842676654e-01
8.694795717944170388e-01,1.017008183106656194e+00
6.088991442048639069e-01,1.081151057590238551e+00
3.122383497182956713e-01,1.045070690693223447e+00
6.368471109441416200e-02,9.448474493126260976e-01
-1.327528420115566821e-01,8.165617003454614942e-01
-2.971189578757363892e-01,6.361598658603861978e-01
-3.652707620145426159e-01,4.597669610305347709e-01
