7.185235458978204981e-02,2.201210759922166194e+00
7.185235458978204981e-02,2.201210759922166194e+00
7.185235458978204981e-02,2.201210759922166194e+00
7.185235458978204981e-02,2.201210759922166194e+00
2.374519872709530618e-02,2.145085744749031686e+00
2.374519872709530618e-02,2.080942870265449329e+00
-1.233516816991974720e-02,1.960674980608732687e+00
-1.233516816991974720e-02,1.844416020607239748e+00
-4.841553506693480058e-02,1.655996326811716601e+00
-4.039767575648701287e-02,1.483612351637089155e+00
-6.445125368783037600e-02,1.259112290944551127e+00
-6.445125368783037600e-02,1.058665808183356427e+00
-7.246911299827817066e-02,8.542103957669376912e-01
-4.841553506693480058e-02,6.657907019714146557e-01
-3.638874610126311554e-02,4.974156564520110235e-01
-4.317308859471956882e-03,3.450763295535030362e-01
1.973626907187141233e-02,2.248084398967861719e-01
4.779877665843867973e-02,1.165673392057410135e-01
5.982556562411036477e-02,2.436195713559143050e-02
7.185235458978204981e-02,-5.180770631366257012e-02
6.784342493455815248e-02,-1.239684401076926873e-01
3.176305803754309737e-02,-2.041470332121705922e-01
1.171840976142362288e-02,-2.562631187300812297e-01
-4.039767575648701287e-02,-3.564863601106785795e-01
-9.652269092962154073e-02,-4.166203049390370117e-01
-1.245851985161888081e-01,-4.687363904569476492e-01
-1.726923543788755344e-01,-5.489149835614255402e-01
-1.726923543788755344e-01,-5.489149835614255402e-01
