-5.175231227141809942e-01,-4.828533051402998377e-01
-5.896838565082110906e-01,-4.788443754850759126e-01
-5.896838565082110906e-01,-4.788443754850759126e-01
-5.896838565082110906e-01,-4.788443754850759126e-01
-5.135141930589571801e-01,-4.427640085880608645e-01
-3.972552330574641855e-01,-4.106925713462697414e-01
-2.769873434007473212e-01,-4.106925713462697414e-01
-1.086122978813437445e-01,-3.746122044492546377e-01
3.570916970671647594e-02,-3.625854154835829735e-01
1.960663559156722857e-01,-3.345229078970157199e-01
3.403878235037324784e-01,-2.984425410000006718e-01
4.366021352291059587e-01,-2.904246816895528771e-01
5.047539393679121300e-01,-2.743889630686572878e-01
5.648878841962705621e-01,-2.262818072059705476e-01
5.648878841962705621e-01,-2.262818072059705476e-01
5.047539393679121300e-01,-1.340764251358209647e-01
