4.863925016238010990e-01,1.285991743765730444e+00
4.863925016238010990e-01,1.285991743765730444e+00
4.583299940372338455e-01,1.338107829283641026e+00
4.583299940372338455e-01,1.338107829283641026e+00
4.583299940372338455e-01,1.338107829283641026e+00
3.741424712775320294e-01,1.382206055491103980e+00
3.180174561043975223e-01,1.374188196180656130e+00
2.618924409312629598e-01,1.382206055491103980e+00
1.897317071372328634e-01,1.382206055491103980e+00
1.175709733432027670e-01,1.382206055491103980e+00
3.338345058350097178e-02,1.358152477559760429e+00
-4.278621286575302884e-02,1.334098899628417101e+00
-1.349915949359026257e-01,1.298018532731401997e+00
-2.151701880403805167e-01,1.253920306523939265e+00
-2.993577108000823328e-01,1.189777432040356908e+00
-3.715184445941124292e-01,1.129643487211998476e+00
-4.356613190776947309e-01,1.029420245831401015e+00
-3.835452335597840934e-01,9.452327230716993656e-01
-4.436791783881425255e-01,7.969023258284152478e-01
-4.196256004567991416e-01,7.167237327239373013e-01
-4.356613190776947309e-01,5.403308278940859299e-01
-3.715184445941124292e-01,4.681700941000558336e-01
-3.474648666627690452e-01,3.198396968567717158e-01
-2.392237659717238729e-01,2.436700334075177221e-01
-1.911166101090371328e-01,1.113753547851291797e-01
-1.911166101090371328e-01,1.113753547851291797e-01
-6.683979079709639892e-02,-8.892534871587665438e-03
2.135666161782928674e-02,-6.902647969994608890e-02
1.055441843775310751e-01,-1.171336355626328291e-01
1.857227774820089661e-01,-1.732586507357673500e-01
2.578835112760390902e-01,-2.133479472880062955e-01
3.260353154148453170e-01,-2.734818921163647554e-01
3.781514009327559545e-01,-3.336158369447231320e-01
4.342764161058904615e-01,-4.017676410835293588e-01
4.743657126581294348e-01,-4.779373045327833802e-01
4.984192905894727632e-01,-5.701426866029329910e-01
5.104460795551444274e-01,-6.623480686730824907e-01
5.104460795551444274e-01,-7.625713100536799516e-01
4.984192905894727632e-01,-8.668034810895012265e-01
4.703567830029055097e-01,-9.670267224700985764e-01
4.262585567954426669e-01,-1.067249963850695815e+00
3.500888933461886454e-01,-1.155446416265621501e+00
2.699103002417107544e-01,-1.239633939025323484e+00
1.736959885163373019e-01,-1.295758954198457991e+00
6.946381748051602689e-02,-1.355892899026816423e+00
-7.886657976276809090e-02,-1.395982195579055229e+00
-2.191791176956044140e-01,-1.416026843855174855e+00
-3.715184445941124292e-01,-1.440080421786518183e+00
-4.917863342508292379e-01,-1.440080421786518183e+00
-5.880006459762027182e-01,-1.440080421786518183e+00
-6.601613797702328146e-01,-1.440080421786518183e+00
-7.162863949433674327e-01,-1.476160788683533287e+00
-7.162863949433674327e-01,-1.476160788683533287e+00
-6.361078018388894861e-01,-1.428053632820846408e+00
-5.358845604582921363e-01,-1.371928617647711901e+00
