1.033000000000000000e+03,-1.328000000000000000e+03
1.033000000000000000e+03,-1.328000000000000000e+03
1.034000000000000000e+03,-1.314000000000000000e+03
1.034000000000000000e+03,-1.314000000000000000e+03
1.034000000000000000e+03,-1.314000000000000000e+03
1.034000000000000000e+03,-1.314000000000000000e+03
1.034000000000000000e+03,-1.314000000000000000e+03
1.034000000000000000e+03,-1.314000000000000000e+03
1.031000000000000000e+03,-1.346000000000000000e+03
1.031000000000000000e+03,-1.365000000000000000e+03
1.024000000000000000e+03,-1.394000000000000000e+03
1.021000000000000000e+03,-1.421000000000000000e+03
1.015000000000000000e+03,-1.453000000000000000e+03
1.013000000000000000e+03,-1.485000000000000000e+03
1.012000000000000000e+03,-1.516000000000000000e+03
1.010000000000000000e+03,-1.543000000000000000e+03
1.013000000000000000e+03,-1.564000000000000000e+03
1.012000000000000000e+03,-1.589000000000000000e+03
1.012000000000000000e+03,-1.589000000000000000e+03
1.028000000000000000e+03,-1.608000000000000000e+03
1.028000000000000000e+03,-1.608000000000000000e+03
1.028000000000000000e+03,-1.608000000000000000e+03
1.028000000000000000e+03,-1.608000000000000000e+03
