5.168846635468673512e-01,-1.163605195527586345e+00
4.246792814767177404e-01,-1.520399934842512790e+00
4.246792814767177404e-01,-1.520399934842512790e+00
4.326971407871655351e-01,-1.780980362432066144e+00
4.326971407871655351e-01,-1.780980362432066144e+00
4.326971407871655351e-01,-1.780980362432066144e+00
4.326971407871655351e-01,-1.780980362432066144e+00
7.333668649289576402e-01,-1.997462563814156322e+00
7.333668649289576402e-01,-1.997462563814156322e+00
7.333668649289576402e-01,-1.997462563814156322e+00
1.046063378036421465e+00,-1.897239322433559083e+00
1.046063378036421465e+00,-1.897239322433559083e+00
1.046063378036421465e+00,-1.897239322433559083e+00
1.046063378036421465e+00,-1.897239322433559083e+00
1.302634875970750672e+00,-1.636658894844005729e+00
1.302634875970750672e+00,-1.636658894844005729e+00
1.302634875970750672e+00,-1.636658894844005729e+00
1.302634875970750672e+00,-1.636658894844005729e+00
1.302634875970750672e+00,-1.636658894844005729e+00
9.859294332080630330e-01,-1.432203482427587105e+00
9.859294332080630330e-01,-1.432203482427587105e+00
9.859294332080630330e-01,-1.432203482427587105e+00
6.612061311349275439e-01,-1.424185623117139476e+00
6.612061311349275439e-01,-1.424185623117139476e+00
6.612061311349275439e-01,-1.424185623117139476e+00
6.612061311349275439e-01,-1.424185623117139476e+00
