-1.262334163227738948e+00,5.643615598219671181e-01
-1.262334163227738948e+00,5.643615598219671181e-01
-1.262334163227738948e+00,5.643615598219671181e-01
-1.262334163227738948e+00,5.643615598219671181e-01
-1.198191288744156591e+00,6.325133639607734004e-01
-1.134048414260574233e+00,6.966562384443556466e-01
-1.061887680466544026e+00,7.688169722383858540e-01
-9.857180170172901157e-01,8.610223543085353537e-01
-8.895037052919165799e-01,9.612455956891327036e-01
-8.053161825322148193e-01,1.065477766724953979e+00
-7.171197301172891336e-01,1.161692078450327514e+00
-6.569857852889307015e-01,1.245879601210029275e+00
-5.968518404605722694e-01,1.318040335004059482e+00
-5.968518404605722694e-01,1.318040335004059482e+00
-5.206821770113182479e-01,1.378174279832417914e+00
-5.206821770113182479e-01,1.378174279832417914e+00
-4.725750211486315355e-01,1.293986757072715932e+00
-4.525303728725120767e-01,1.181736726726446918e+00
-4.244678652859448231e-01,1.037415259138386725e+00
-3.883874983889297750e-01,8.249419874115203610e-01
-3.482982018366908017e-01,5.884151377533105576e-01
-3.202356942501235482e-01,2.877454136115183969e-01
-2.961821163187801642e-01,-4.098681811684097565e-02
-2.881642570083323696e-01,-3.977815574317676295e-01
-2.881642570083323696e-01,-7.706120153675898310e-01
-3.082089052844518839e-01,-1.147451402958636013e+00
-3.322624832157952124e-01,-1.496228282963114831e+00
-3.803696390784819803e-01,-1.820951585036250320e+00
-4.044232170098253087e-01,-2.105585590557146780e+00
-4.485214432172882071e-01,-2.330085651249684808e+00
-4.605482321829598713e-01,-2.506478556079536180e+00
-4.645571618381837409e-01,-2.614719656770581491e+00
-4.645571618381837409e-01,-2.614719656770581491e+00
-4.004142873546014392e-01,-2.578639289873566387e+00
-3.322624832157952124e-01,-2.426299962975058566e+00
-2.480749604560934241e-01,-2.197790972627296391e+00
-1.518606487307199437e-01,-1.901130178140728155e+00
-4.361954803967479227e-02,-1.544335438825801488e+00
8.466620092748984583e-02,-1.147451402958636013e+00
2.129519498946544909e-01,-7.305227188153509132e-01
3.372287692065952247e-01,-3.256208236377375331e-01
4.414609402424164997e-01,4.320070464286081963e-02
5.336663223125660549e-01,3.719329363712202130e-01
6.058270561065961513e-01,6.244955046503255502e-01
6.579431416245068442e-01,8.289509170667441751e-01
7.020413678319696871e-01,9.612455956891327036e-01
7.180770864528652764e-01,1.029397399827938875e+00
7.180770864528652764e-01,1.029397399827938875e+00
7.180770864528652764e-01,1.029397399827938875e+00
7.541574533498802690e-01,9.211562991368937858e-01
7.661842423155519333e-01,7.888616205145052573e-01
7.782110312812237085e-01,6.325133639607734004e-01
8.102824685230147761e-01,4.601293887861458987e-01
8.463628354200298798e-01,2.757186246458467327e-01
9.145146395588360511e-01,1.033346494712192448e-01
9.987021623185379227e-01,-4.499574777206486603e-02
1.110952192664806937e+00,-1.532368484631100314e-01
1.271309378873762830e+00,-2.253975822571401277e-01
1.455720143014061829e+00,-2.334154415675879224e-01
1.692246992672271633e+00,-1.772904263944533876e-01
1.940800631296153211e+00,-1.131475519108710859e-01
2.169309621643915165e+00,3.111408090621870653e-03
2.409845400957348893e+00,1.674775239548015604e-01
2.618309743028991221e+00,3.238257805085334451e-01
