-4.845555093986689821e-01,4.677084597761241302e-02
-4.484751425016539339e-01,1.349672983925380987e-01
-4.484751425016539339e-01,1.910923135656726335e-01
-4.284304942255344750e-01,2.712709066701505245e-01
-4.244215645703105499e-01,3.354137811537328262e-01
-4.164037052598628108e-01,4.035655852925390530e-01
-4.123947756046388857e-01,4.636995301208974851e-01
-4.123947756046388857e-01,4.636995301208974851e-01
-4.164037052598628108e-01,5.358602639149275815e-01
-4.164037052598628108e-01,5.358602639149275815e-01
-4.164037052598628108e-01,5.358602639149275815e-01
-5.086090873300124215e-01,4.757263190865691493e-01
-5.486983838822513393e-01,3.714941480507478744e-01
-6.168501880210575106e-01,1.951012432208965308e-01
-6.769841328494159427e-01,-1.336309885074601217e-02
-7.491448666434460391e-01,-2.739435264402991788e-01
-8.213056004374761354e-01,-5.505596726507479000e-01
-8.894574045762824177e-01,-8.552383264477639857e-01
-9.495913494046408498e-01,-1.151899120934332110e+00
-9.976985052673275067e-01,-1.428515267144780942e+00
-1.029769942509118685e+00,-1.665042116802990746e+00
-1.053823520440462014e+00,-1.845443951288066042e+00
-1.053823520440462014e+00,-1.977738629910454460e+00
-1.045805661130014386e+00,-2.057917223014932517e+00
-1.045805661130014386e+00,-2.057917223014932517e+00
-9.936895756121036927e-01,-2.045890434049260520e+00
-9.375645604389690746e-01,-1.949676122323887206e+00
-8.894574045762824177e-01,-1.797336795425379163e+00
-8.293234597479239856e-01,-1.572836734732841135e+00
-7.691895149195655534e-01,-1.320274166453735853e+00
-7.010377107807592711e-01,-1.003568723691047992e+00
-6.409037659524009500e-01,-6.788454216179126144e-01
-5.807698211240425179e-01,-3.461042602343292751e-01
-5.326626652613557500e-01,-5.746132505820885500e-02
-4.885644390538929072e-01,2.071280321865681950e-01
-4.524840721568778590e-01,4.035655852925390530e-01
-4.043769162941910911e-01,5.278424046044798423e-01
-4.043769162941910911e-01,5.278424046044798423e-01
-3.161804638792654054e-01,4.997798970179125333e-01
-2.801000969822503572e-01,3.354137811537328262e-01
-2.319929411195636171e-01,1.069047908059708313e-01
-1.838857852568768769e-01,-1.777292147149256984e-01
-1.157339811180706640e-01,-4.904257278223895233e-01
-4.758217697926445111e-02,-8.231668892059728071e-01
2.457855681476565565e-02,-1.139872331968660557e+00
1.007482202640196528e-01,-1.420497407834333092e+00
1.809268133684975577e-01,-1.640988538871647417e+00
2.771411250938710102e-01,-1.785310006459707610e+00
3.853822257849162103e-01,-1.837426091977618192e+00
4.896143968207374852e-01,-1.809363584391050939e+00
5.898376382013348351e-01,-1.693104624389557999e+00
6.900608795819321850e-01,-1.512702789904482703e+00
7.742484023416340566e-01,-1.284193799556720750e+00
8.584359251013358172e-01,-9.915419347253763283e-01
9.346055885505898386e-01,-6.868632809283603535e-01
9.947395333789482708e-01,-3.701578381656726591e-01
1.050864548552082667e+00,-6.948811402388054004e-02
1.098971704414769546e+00,1.951012432208965308e-01
1.143069930622232278e+00,4.276191632238824369e-01
1.179150297519247381e+00,6.120299273641816029e-01
1.207212805105814635e+00,7.603603246074657207e-01
1.267346749934173067e+00,8.806282142641825850e-01
1.267346749934173067e+00,8.806282142641825850e-01
1.335498554072979349e+00,9.768425259895560098e-01
1.335498554072979349e+00,9.768425259895560098e-01
1.395632498901337781e+00,1.040985400473138256e+00
