6.674656879650144869e-01,1.775449446149841348e+00
6.955281955515817405e-01,1.827565531667752152e+00
6.955281955515817405e-01,1.827565531667752152e+00
6.955281955515817405e-01,1.827565531667752152e+00
6.955281955515817405e-01,1.827565531667752152e+00
6.955281955515817405e-01,1.827565531667752152e+00
6.955281955515817405e-01,1.827565531667752152e+00
6.955281955515817405e-01,1.827565531667752152e+00
6.955281955515817405e-01,1.827565531667752152e+00
6.313853210679993833e-01,1.835583390978199780e+00
6.313853210679993833e-01,1.835583390978199780e+00
5.712513762396409511e-01,1.859636968909543331e+00
5.712513762396409511e-01,1.859636968909543331e+00
4.910727831351631156e-01,1.883690546840886659e+00
4.910727831351631156e-01,1.883690546840886659e+00
3.708048934784462514e-01,1.871663757875214884e+00
2.866173707187444353e-01,1.863645898564767034e+00
1.823851996829231881e-01,1.835583390978199780e+00
7.414409899187802966e-02,1.803511953736408824e+00
-4.211486100961492340e-02,1.743378008908050392e+00
-1.543648913558839930e-01,1.679235134424468034e+00
-2.706238513573769322e-01,1.595047611664766274e+00
-3.788649520484220767e-01,1.498833299939392738e+00
-4.871060527394672768e-01,1.386583269593123724e+00
-5.793114348096168875e-01,1.266315379936406860e+00
-6.634989575693186481e-01,1.130011771658794295e+00
-7.436775506737964836e-01,9.696545854498386241e-01
-8.078204251573788408e-01,7.972706102752110668e-01
-8.799811589514089372e-01,6.008330571692402922e-01
-9.521418927454390335e-01,3.923687150975976867e-01
-1.020293696884245316e+00,1.718775840602835003e-01
-1.080427641712603748e+00,-4.861354697703073463e-02
-1.128534797575290405e+00,-2.971671856009122092e-01
-1.164615164472305509e+00,-5.336940352591220682e-01
-1.188668742403648837e+00,-7.581940959516600964e-01
-1.184659812748424912e+00,-9.626495083680787213e-01
-1.164615164472305509e+00,-1.163095991129273532e+00
-1.116508008609618852e+00,-1.335479966303900978e+00
-1.052365134126036494e+00,-1.499846082168080796e+00
-9.601597520558868837e-01,-1.632140760790469214e+00
-8.519186513648416836e-01,-1.740381861481514303e+00
-7.316507617081248194e-01,-1.832587243551663914e+00
-6.033650127409602160e-01,-1.904747977345694121e+00
-4.630524748081238928e-01,-1.952855133208380778e+00
-3.147220775648397750e-01,-1.972899781484500403e+00
-1.623827506663317599e-01,-1.984926570450171956e+00
-6.034494112599871757e-03,-1.988935500105395882e+00
1.463048327859081399e-01,-1.984926570450171956e+00
2.906263003739683604e-01,-1.960872992518828628e+00
4.389566976172524781e-01,-1.936819414587485300e+00
5.752603058948648762e-01,-1.896730118035246271e+00
7.035460548620294796e-01,-1.860649751138231167e+00
8.198050148635225298e-01,-1.836596173206887839e+00
9.320550452097915439e-01,-1.796506876654648810e+00
1.036287216245612708e+00,-1.748399720791962153e+00
1.140519387281434094e+00,-1.688265775963603721e+00
1.212680121075464079e+00,-1.644167549756140989e+00
1.272814065903822511e+00,-1.584033604927782557e+00
1.348983729353076644e+00,-1.499846082168080796e+00
1.348983729353076644e+00,-1.499846082168080796e+00
1.405108744526211151e+00,-1.407640700097931186e+00
