1.063000000000000000e+03,-1.280000000000000000e+03
1.063000000000000000e+03,-1.280000000000000000e+03
1.084000000000000000e+03,-1.209000000000000000e+03
1.084000000000000000e+03,-1.209000000000000000e+03
1.084000000000000000e+03,-1.209000000000000000e+03
1.084000000000000000e+03,-1.209000000000000000e+03
1.084000000000000000e+03,-1.209000000000000000e+03
1.084000000000000000e+03,-1.209000000000000000e+03
1.102000000000000000e+03,-1.272000000000000000e+03
1.102000000000000000e+03,-1.272000000000000000e+03
1.102000000000000000e+03,-1.388000000000000000e+03
1.100000000000000000e+03,-1.460000000000000000e+03
1.099000000000000000e+03,-1.540000000000000000e+03
1.097000000000000000e+03,-1.617000000000000000e+03
1.096000000000000000e+03,-1.694000000000000000e+03
1.094000000000000000e+03,-1.759000000000000000e+03
1.094000000000000000e+03,-1.759000000000000000e+03
1.096000000000000000e+03,-1.855000000000000000e+03
1.096000000000000000e+03,-1.855000000000000000e+03
1.096000000000000000e+03,-1.855000000000000000e+03
1.096000000000000000e+03,-1.855000000000000000e+03
1.096000000000000000e+03,-1.855000000000000000e+03
1.096000000000000000e+03,-1.855000000000000000e+03
1.096000000000000000e+03,-1.855000000000000000e+03
