1.192000000000000000e+03,-1.188000000000000000e+03
1.215000000000000000e+03,-1.151000000000000000e+03
1.215000000000000000e+03,-1.151000000000000000e+03
1.214000000000000000e+03,-1.129000000000000000e+03
1.214000000000000000e+03,-1.129000000000000000e+03
1.200000000000000000e+03,-1.127000000000000000e+03
1.200000000000000000e+03,-1.127000000000000000e+03
1.176000000000000000e+03,-1.135000000000000000e+03
1.159000000000000000e+03,-1.141000000000000000e+03
1.134000000000000000e+03,-1.154000000000000000e+03
1.102000000000000000e+03,-1.170000000000000000e+03
1.060000000000000000e+03,-1.191000000000000000e+03
1.007000000000000000e+03,-1.216000000000000000e+03
9.440000000000000000e+02,-1.252000000000000000e+03
8.710000000000000000e+02,-1.289000000000000000e+03
7.900000000000000000e+02,-1.334000000000000000e+03
7.070000000000000000e+02,-1.378000000000000000e+03
6.270000000000000000e+02,-1.421000000000000000e+03
5.530000000000000000e+02,-1.465000000000000000e+03
4.850000000000000000e+02,-1.503000000000000000e+03
4.330000000000000000e+02,-1.534000000000000000e+03
3.920000000000000000e+02,-1.555000000000000000e+03
3.650000000000000000e+02,-1.575000000000000000e+03
3.450000000000000000e+02,-1.584000000000000000e+03
3.450000000000000000e+02,-1.584000000000000000e+03
3.450000000000000000e+02,-1.584000000000000000e+03
3.450000000000000000e+02,-1.584000000000000000e+03
3.450000000000000000e+02,-1.584000000000000000e+03
3.600000000000000000e+02,-1.598000000000000000e+03
3.780000000000000000e+02,-1.601000000000000000e+03
3.990000000000000000e+02,-1.605000000000000000e+03
4.310000000000000000e+02,-1.617000000000000000e+03
4.670000000000000000e+02,-1.631000000000000000e+03
5.140000000000000000e+02,-1.647000000000000000e+03
5.700000000000000000e+02,-1.665000000000000000e+03
6.380000000000000000e+02,-1.689000000000000000e+03
7.130000000000000000e+02,-1.712000000000000000e+03
7.970000000000000000e+02,-1.741000000000000000e+03
8.940000000000000000e+02,-1.772000000000000000e+03
9.770000000000000000e+02,-1.810000000000000000e+03
1.072000000000000000e+03,-1.833000000000000000e+03
1.144000000000000000e+03,-1.860000000000000000e+03
